 
Abraham & Ledolter (1983) 

   144
SERIES 1 : QUARTERLY IOWA NONFARM INCOME ( 1948-1979 )
(8F5.0)
  601  604  620  626  641  642  645  655
  682  678  692  707  736  753  763  775
  775  783  794  813  823  826  829  831
  830  838  854  872  882  903  919  937
  927  962  975  995 1001 1013 1021 1028
 1027 1048 1070 1095 1113 1143 1154 1173
 1178 1183 1205 1208 1209 1223 1238 1245
 1258 1278 1294 1314 1323 1336 1355 1377
 1416 1430 1455 1480 1514 1545 1589 1634
 1669 1715 1760 1812 1809 1828 1871 1892
 1946 1983 2013 2045 2048 2097 2140 2171
 2208 2272 2311 2349 2362 2442 2479 2528
 2571 2634 2684 2790 2890 2964 3085 3159
 3237 3358 3489 3588 3624 3719 3821 3934
 4028 4129 4205 4349 4463 4598 4725 4827
 4939 5067 5231 5408 5492 5653 5828 5965

   144
SERIES 2 : QUARTERLY GROWTH RATES OF IOWA NONFARM INCOME ( 1948-1979 )
(8F6.2)
  0.50  2.65  0.97  2.40  0.16  0.47  1.55  4.12
 -0.59  2.06  2.17  4.10  2.31  1.33  1.57  0.00
  1.03  1.40  2.39  1.23  0.36  0.36  0.24 -0.12
  0.96  1.91  2.11  1.15  2.38  1.77  1.96 -1.07
  3.78  1.35  2.05  0.60  1.20  0.79  0.69 -0.10
  2.04  2.10  2.34  1.64  2.70  0.96  1.65  0.43
  0.42  1.86  0.25  0.08  1.16  1.23  0.57  1.04
  1.59  1.25  1.55  0.68  0.98  1.42  1.62  2.83
  0.99  1.75  1.72  2.30  2.05  2.85  2.83  2.14
  2.76  2.62  2.95 -0.17  1.05  2.35  1.12  2.85
  1.90  1.51  1.59  0.15  2.39  2.05  1.45  1.70
  2.90  1.72  1.64  0.55  3.39  1.52  1.98  1.70
  2.45  1.90  3.95  3.58  2.56  4.08  2.40  2.47
  3.74  3.90  2.84  1.00  2.62  2.74  2.96  2.39
  2.51  1.84  3.42  2.62  3.02  2.76  2.16  2.32
  2.59  3.24  3.38  1.55  2.93  3.10  2.35

   106
SERIES 3 : MONTHLY AV. RESIDENTIAL ELECTRICITY USAGE IOWA CITY 1971-1979
(12F4.0)
 454 421 389 368 460 386 501 606 539 381 396 452
 470 485 456 414 388 502 543 642 617 454 429 473
 504 454 424 406 384 466 668 662 672 426 415 442
 483 431 402 399 374 430 666 663 501 392 400 501
 543 473 451 444 384 489 763 711 598 406 415 440
 523 502 439 420 387 453 630 637 576 411 455 512
 530 507 436 407 392 531 710 658 500 414 418 520
 535 503 464 414 383 472 676 622 652 474 422 501
 536 506 477 422 385 438 546 642 566 399

   108
SERIES 4 : MONTHLY CAR SALES IN QUEBEC 1960-1968
(12F6.0)
  6550  8728 12026 14395 14587 13791  9498  8251  7049  9545  9364  8456
  7237  9374 11837 13784 15926 13821 11143  7975  7610 10015 12759  8816
 10677 10947 15200 17010 20900 16205 12143  8997  5568 11474 12256 10583
 10862 10965 14405 20379 20128 17816 12268  8642  7962 13932 15936 12628
 12267 12470 18944 21259 22015 18581 15175 10306 10792 14752 13754 11738
 12181 12965 19990 23125 23541 21247 15189 14767 10895 17130 17697 16611
 12674 12760 20249 22135 20677 19933 15388 15113 13401 16135 17562 14720
 12225 11608 20985 19692 24081 22114 14220 13434 13598 17187 16119 13713
 13210 14251 20139 21725 26099 21084 18024 16722 14385 21342 17180 14577

   180
SERIES 5 : MONTHLY TRAFFIC FATALITIES IN ONTARIO 1960-1974
(12F4.0)
  61  65  55  56  91  80 135 129 129 130 109 126
  73  68  74  95 105 108 127 108 126 154 127 103
  95  59  68  82  92 124 139 167 138 146 128 145
  91  66  89  98 113 130 127 157 157 136 145 112
  71  95  95 105 116 104 128 181 130 124 123 152
  85  86 101 105 135 142 138 190 129 175 146 179
 103 104  80 108 125 134 150 149 148 167 160 168
  99 102  98 104 114 165 184 161 205 189 152 146
  72  83  97 105 134 145 172 175 149 166 142 146
 111  84 116 102 153 176 145 175 147 174 169 131
  81  85 107 111 135 114 150 156 146 166 154 130
  92  80  87 101 130 151 195 224 191 188 169 161
 121  89 105 134 155 203 192 195 225 186 172 157
 130  84 122 116 147 183 211 256 207 196 153 154
  94  89 118 101 150 150 191 214 173 170 175 123

   132
SERIES 6 : MONTHLY U.S. HOUSING STARTS (PRIVATELY OWNED 1-FAMILY) 1965-1975
(10F7.0)
  52149  47205  82150 100931  98408  97351  96489  88830  80876  85750
  72351  61198  46561  50361  83236  94343  84748  79828  69068  69362
  59404  53530  50212  37972  40157  40274  66592  79839  87341  87594
  82344  83712  78194  81704  69088  47026  45234  55431  79325  97983
  86806  81424  86398  82522  80078  85560  64819  53847  51300  47909
  71941  84982  91301  82741  73523  69465  71504  68039  55069  42827
  33363  41367  61879  73835  74848  83007  75461  77291  75961  79393
  67443  69041  54856  58287  91584 116013 115627 116946 107747 111663
 102149 102882  92904  80362  76185  76306 111358 119840 135167 131870
 119078 131324 120491 116990  97428  73195  77105  73560 105136 120453
 131643 114822 114746 106806  84504  86004  70488  46767  43292  57593
  76946 102237  96340  99318  90715  79782  73443  69460  57898  41041
  39791  39959  62498  77777  92782  90284  92782  90655  84517  93826
  71646  55650

   72
SERIES 7 : QUARTERLY U.S. NEW PLANT/EQUIP. EXPENDITURES '64-'76 BILLIONS
(12F6.2)
 10.00 11.85 11.70 13.42 11.20 13.63 13.65 15.93 13.33 16.05 15.92 18.22
 14.46 16.69 16.20 18.12 15.10 16.85 16.79 19.03 16.04 18.81 19.25 21.46
 17.47 20.33 20.26 21.66 17.68 20.60 20.14 22.79 19.38 22.01 21.86 25.20
 21.50 24.73 25.04 28.48 24.10 28.16 28.23 31.92 25.82 28.43 27.79 30.74
 25.87 29.70 30.41 34.52

    48
SERIES 8 : FOUR-WEEKLY TOTALS OF BEER SHIPMENTS
(10F6.0)
 18705 20232 20467 22123 25036 26839 29640 30935 28278 24235
 22370 21224 21061 19598 21463 23287 24065 27447 30413 32307
 32974 29973 23986 26953 24250 23518 20816 23743 25152 28804
 31158 31540 32849 33748 31910 27609 25170 24040 25368 21260
 24109 26320 27701 34502 33297 31252 35173 36207 31511 28560
 26828 26660

   159
SERIES 9 : MONTHLY DIFFS YIELDS: MORTGAGES AND GOVT.LOANS, HOLLAND '61-'74
(12F5.0)
 0.66 0.70 0.74 0.63 0.70 0.66 0.61 0.52 0.60 0.61 0.70 1.10
 1.17 1.23 0.85 0.78 0.71 0.55 0.56 0.74 0.80 0.75 0.74 0.79
 0.78 1.00 1.05 1.09 1.05 0.75 0.73 0.77 0.77 0.84 0.66 0.68
 0.67 0.56 0.62 0.73 0.70 0.74 0.93 1.00 1.50 1.30 1.18 1.15
 1.34 1.37 1.13 1.04 0.92 1.15 0.99 1.32 1.46 1.24 1.01 1.04
 1.08 0.94 0.81 1.00 0.98 1.02 1.16 0.96 1.23 1.10 1.02 1.08
 1.30 0.97 0.96 0.80 0.62 0.51 0.56 0.84 0.87 0.87 0.76 0.86
 0.81 0.77 0.74 0.80 0.78 0.72 0.66 0.92 0.99 0.98 0.70 0.65
 0.78 0.57 0.41 0.61 0.85 0.85 1.11 1.05 0.96 1.31 1.49 1.35
 1.32 1.24 1.47 1.32 1.23 1.33 1.48 1.49 1.48 1.49 1.55 1.73
 1.70 1.43 1.44 1.37 1.30 1.19 1.39 1.41 1.40 1.39 1.62 1.59
 1.36 1.31 0.99 0.89 0.87 0.94 1.03 1.27 1.20 1.10 0.93 1.00
 1.04 1.10 1.10 1.09 1.05 0.70 0.88 0.81 1.08 1.39 1.16 0.49
 0.74 0.90 0.91

   94
SERIES 10 : MONTHLY DEMAND REPAIR PARTS LARGE/HEAVY EQUIP. IOWA 1972-1979
(12F5.0)
  954  765  867  940  913 1014  801  990  712  959  828  965
  915  891  991  971 1129 1091 1195 1295 1046 1121 1033 1222
 1199 1012 1404 1137 1421 1162 1639 1545 1420 1916 1491 1295
 1764 1727 1654 1811 1520 1635 1984 1898 1853 2015 1709 1667
 1625 1562 2121 1783 1474 1657 1746 1763 1517 1457 1388 1501
 1227 1342 1666 2091 1629 1451 1727 1736 1952 1420 1345  842
 1576 1485 1928 2072 1887 2175 2199 1961 2091 1993 1595 1372
 1607 1871 2594 1743 2267 2602 2565 2567 2344 2805

   106
SERIES 11 : MONTHLY AV. RESIDENTIAL GAS USAGE IOWA (CUBIC FEET)*100 '71-'79
(12F4.0)
 302 262 218 175 100  77  43  47  49  69 152 205
 246 294 242 181 107  56  49  47  47  71 151 244
 280 230 185 148  98  61  46  45  55  48 115 185
 276 220 181 151  83  55  49  42  46  74 103 200
 237 247 215 182  80  46  65  40  44  63  85 185
 247 231 167 117  79  45  40  38  41  69 152 232
 282 255 161 107  53  40  39  34  35  56  97 210
 260 257 210 125  80  42  35  31  32  50  92 189
 256 250 198 136  73  39  32  30  31  45

   192
SERIES 12 : MONTHLY GASOLINE DEMAND ONTARIO GALLON MILLIONS 1960-1975
(10F7.0)
  87695  86890  96442  98133 113615 123924 128924 134775 117357 114626
 107677 108087  92188  88591  98683  99207 125485 124677 132543 140735
 124008 121194 111634 111565 101007  94228 104255 106922 130621 125251
 140318 146174 122318 128770 117518 115492 108497 100482 106140 118581
 132371 132042 151938 150997 130931 137018 121271 123548 109894 106061
 112539 125745 136251 140892 158390 148314 144148 140138 124075 136485
 109895 109044 122499 124264 142296 150693 163331 165837 151731 142491
 140229 140463 116963 118049 137869 127392 154166 160227 165869 173522
 155828 153771 143963 143898 124046 121260 138870 129782 162312 167211
 172897 189689 166496 160754 155582 145936 139625 137361 138963 155301
 172026 165004 185861 190270 163903 174270 160272 165614 146182 137728
 148932 156751 177998 174559 198079 189073 175702 180097 155202 174508
 154277 144998 159644 168646 166273 190176 205541 193657 182617 189614
 174176 184416 158167 156261 176353 175720 193939 201269 218960 209861
 198688 190474 194502 190755 166286 170699 181468 174241 210802 212262
 218099 229001 203200 212557 197095 193693 188992 175347 196265 203526
 227443 233038 234119 255133 216478 232868 221616 209893 194784 189756
 193522 212870 248565 221532 252642 255007 206826 233231 212678 217173
 199024 191813 195997 208684 244113 243108 255918 244642 237579 237579
 217775 227621

   104
SERIES 13 : MONTHLY % CHANGES IN CANADIAN WAGES AND SALARIES '67-'75
(12F6.2)
  0.71  1.47  1.61  2.97  3.58  0.94  0.68  0.32 -0.67  0.02 -2.56 -0.84
  0.38  1.18  1.95  4.08  2.41  0.55  1.16  1.70  0.13  0.63 -2.19 -0.32
  1.48  0.84  1.45  3.00  3.24 -0.62  0.35  3.26 -0.53  0.90 -1.31 -0.91
  0.46  0.50  0.96  2.23  3.27 -1.95  0.65  3.05  0.23 -0.45 -1.78 -1.44
  1.49  1.22  2.22  4.76  3.04 -2.39  0.89  3.33 -0.14 -0.47 -1.79 -0.49
  0.58  2.11  0.69  3.81  3.32 -2.26  1.46  3.81  0.96 -0.03  0.50 -1.70
  2.51  0.75  2.21  3.15  3.05 -2.36  0.26  4.94  1.44 -0.12 -1.08  0.19
  1.03  2.12  1.58  4.51  2.96  0.30  1.66  4.65 -0.43 -0.43  1.19 -2.93
  0.21  2.09  1.60  4.64  2.98  0.86 -1.88  5.01

   132
SERIES 14 : MONTHLY SALES OF U.S. HOUSES (THOUSANDS) 1965-1975
(24F3.0)
 38 44 53 49 54 57 51 58 48 44 42 37 42 43 53 49 49 40 40 36 29 31 26 23
 29 32 41 44 49 47 46 47 43 45 34 31 35 43 46 46 43 41 44 47 41 40 32 32
 34 40 43 42 43 44 39 40 33 32 31 28 34 29 36 42 43 44 44 48 45 44 40 37
 45 49 62 62 58 59 64 62 50 52 50 44 51 56 60 65 64 63 63 72 61 65 51 47
 54 58 66 63 64 60 53 52 44 40 36 28 36 42 53 53 55 48 47 43 39 33 30 23
 29 33 44 54 56 51 51 53 45 45 44 38
 
