Box & Jenkins (1976) 

   197
 SERIES A:CHEMICAL CONCENTRATION READINGS
(14F5.1)
 17.0 16.6 16.3 16.1 17.1 16.9 16.8 17.4 17.1 17.0 16.7 17.4 17.2 17.4
 17.4 17.0 17.3 17.2 17.4 16.8 17.1 17.4 17.4 17.5 17.4 17.6 17.4 17.3
 17.0 17.8 17.5 18.1 17.5 17.4 17.4 17.1 17.6 17.7 17.4 17.8 17.6 17.5
 16.5 17.8 17.3 17.3 17.1 17.4 16.9 17.3 17.6 16.9 16.7 16.8 16.8 17.2
 16.8 17.6 17.2 16.6 17.1 16.9 16.6 18.0 17.2 17.3 17.0 16.9 17.3 16.8
 17.3 17.4 17.7 16.8 16.9 17.0 16.9 17.0 16.6 16.7 16.8 16.7 16.4 16.5
 16.4 16.6 16.5 16.7 16.4 16.4 16.2 16.4 16.3 16.4 17.0 16.9 17.1 17.1
 16.7 16.9 16.5 17.2 16.4 17.0 17.0 16.7 16.2 16.6 16.9 16.5 16.6 16.6
 17.0 17.1 17.1 16.7 16.8 16.3 16.6 16.8 16.9 17.1 16.8 17.0 17.2 17.3
 17.2 17.3 17.2 17.2 17.5 16.9 16.9 16.9 17.0 16.5 16.7 16.8 16.7 16.7
 16.6 16.5 17.0 16.7 16.7 16.9 17.4 17.1 17.0 16.8 17.2 17.2 17.4 17.2
 16.9 16.8 17.0 17.4 17.2 17.2 17.1 17.1 17.1 17.4 17.2 16.9 16.9 17.0
 16.7 16.9 17.3 17.8 17.8 17.6 17.5 17.0 16.9 17.1 17.2 17.4 17.5 17.9
 17.0 17.0 17.0 17.2 17.3 17.4 17.4 17.0 18.0 18.2 17.6 17.8 17.7 17.2
 17.4   

   369
 SERIES B IBM COMMON STOCK CLOSING PRICES: DAILY, 17TH MAY 1961-2ND
(18F4.0)
 460 457 452 459 462 459 463 479 493 490 492 498 499 497 496 490 489 478      
 487 491 487 482 479 478 479 477 479 475 479 476 476 478 479 477 476 475      
 475 473 474 474 474 465 466 467 471 471 467 473 481 488 490 489 489 485      
 491 492 494 499 498 500 497 494 495 500 504 513 511 514 510 509 515 519      
 523 519 523 531 547 551 547 541 545 549 545 549 547 543 540 539 532 517      
 527 540 542 538 541 541 547 553 559 557 557 560 571 571 569 575 580 584      
 585 590 599 603 599 596 585 587 585 581 583 592 592 596 596 595 598 598      
 595 595 592 588 582 576 578 589 585 580 579 584 581 581 577 577 578 580      
 586 583 581 576 571 575 575 573 577 582 584 579 572 577 571 560 549 556      
 557 563 564 567 561 559 553 553 553 547 550 544 541 532 525 542 555 558      
 551 551 552 553 557 557 548 547 545 545 539 539 535 537 535 536 537 543      
 548 546 547 548 549 553 553 552 551 550 553 554 551 551 545 547 547 537      
 539 538 533 525 513 510 521 521 521 523 516 511 518 517 520 519 519 519      
 518 513 499 485 454 462 473 482 486 475 459 451 453 446 455 452 457 449      
 450 435 415 398 399 361 383 393 385 360 364 365 370 374 359 335 323 306      
 333 330 336 328 316 320 332 320 333 344 339 350 351 350 345 350 359 375      
 379 376 382 370 365 367 372 373 363 371 369 376 387 387 376 385 385 380      
 373 382 377 376 379 386 387 386 389 394 393 409 411 409 408 393 391 388      
 396 387 383 388 382 384 382 383 383 388 395 392 386 383 377 364 369 355      
 350 353 340 350 349 358 360 360 366 359 356 355 367 357 361 355 348 343      
 330 340 339 331 345 352 346 352 357  

   255
 SERIES B' IBM COMMON STOCK CLOSING PRICES:DAILY,29.6.59-30.6.60 (N=255)
(18F4.0)
 445 448 450 447 451 453 454 454 459 440 446 443 443 440 439 435 435 436      
 435 435 435 433 429 428 425 427 425 422 409 407 423 422 417 421 424 414      
 419 429 426 425 424 425 425 424 425 421 414 410 411 406 406 413 411 410      
 405 409 410 405 401 401 401 414 419 425 423 411 414 420 412 415 412 412      
 411 412 409 407 408 415 413 413 410 405 410 412 413 411 411 409 406 407      
 410 408 408 409 410 409 405 406 405 407 409 407 409 425 425 428 436 442      
 442 433 435 433 435 429 439 437 439 438 435 433 437 437 444 441 440 441      
 439 439 438 437 441 442 441 437 427 423 424 428 428 431 425 423 420 426
 418 416 419 418 416 419 425 421 422 422 417 420 417 418 419 419 417 419      
 422 423 422 421 421 419 418 421 420 413 413 408 409 415 415 420 420 424      
 426 423 423 425 431 436 436 440 436 443 445 439 443 445 450 461 471 467
 462 456 464 463 465 464 456 460 458 453 453 449 447 453 450 459 457 453
 455 453 450 456 461 463 463 461 465 473 473 475 499 485 491 496 504 504      
 509 511 524 525 541 531 529 530 531 527 525 519 514 509 505 513 525 519      
 519 522 522      

   226
SERIES C CHEMICAL PROCESS TEMPERATURE READINGS: EVERY MINUTE
(14F5.1)
 26.6 27.0 27.1 27.1 27.1 27.1 26.9 26.8 26.7 26.4 26.0 25.8 25.6 25.2
 25.0 24.6 24.2 24.0 23.7 23.4 23.1 22.9 22.8 22.7 22.6 22.4 22.2 22.0
 21.8 21.4 20.9 20.3 19.7 19.4 19.3 19.2 19.1 19.0 18.9 18.9 19.2 19.3
 19.3 19.4 19.5 19.6 19.6 19.6 19.6 19.6 19.7 19.9 20.0 20.1 20.2 20.3
 20.6 21.6 21.9 21.7 21.3 21.2 21.4 21.7 22.2 23.0 23.8 24.6 25.1 25.6
 25.8 26.1 26.3 26.3 26.2 26.0 25.8 25.6 25.4 25.2 24.9 24.7 24.5 24.4
 24.4 24.4 24.4 24.4 24.3 24.4 24.4 24.4 24.4 24.4 24.5 24.5 24.4 24.3
 24.2 24.2 24.0 23.9 23.7 23.6 23.5 23.5 23.5 23.5 23.5 23.7 23.8 23.8
 23.9 23.9 23.8 23.7 23.6 23.4 23.2 23.0 22.8 22.6 22.4 22.0 21.6 21.3
 21.2 21.2 21.1 21.0 20.9 21.0 21.0 21.1 21.2 21.1 20.9 20.8 20.8 20.8
 20.8 20.9 20.8 20.8 20.7 20.7 20.8 20.9 21.2 21.4 21.7 21.8 21.9 22.2
 22.5 22.8 23.1 23.4 23.8 24.1 24.6 24.9 24.9 25.1 25.0 25.0 25.0 25.0
 24.9 24.8 24.7 24.6 24.5 24.5 24.5 24.5 24.5 24.5 24.5 24.4 24.4 24.2
 24.2 24.1 24.1 24.0 24.0 24.0 23.9 23.8 23.8 23.7 23.7 23.6 23.7 23.6
 23.6 23.6 23.5 23.5 23.4 23.3 23.3 23.3 23.4 23.4 23.3 23.2 23.3 23.3
 23.2 23.1 22.9 22.8 22.6 22.4 22.2 21.8 21.3 20.8 20.2 19.7 19.3 19.1
 19.0 18.8

   310
BOX JENKINS SERIES D : CHEMICAL PROCESS VISCOSITY READINGS
(12F5.1)
  8.0  8.0  7.4  8.0  8.0  8.0  8.0  8.8  8.4  8.4  8.0  8.2
  8.2  8.2  8.4  8.4  8.4  8.6  8.8  8.6  8.6  8.6  8.6  8.6
  8.8  8.9  9.1  9.5  8.5  8.4  8.3  8.2  8.1  8.3  8.4  8.7
  8.8  8.8  9.2  9.6  9.0  8.8  8.6  8.6  8.8  8.8  8.6  8.6
  8.4  8.3  8.4  8.3  8.3  8.1  8.2  8.3  8.5  8.1  8.1  7.9
  8.3  8.1  8.1  8.1  8.4  8.7  9.0  9.3  9.3  9.5  9.3  9.5
  9.5  9.5  9.5  9.5  9.5  9.9  9.5  9.7  9.1  9.1  8.9  9.3
  9.1  9.1  9.3  9.5  9.3  9.3  9.3  9.9  9.7  9.1  9.3  9.5
  9.4  9.0  9.0  8.8  9.0  8.8  8.6  8.6  8.0  8.0  8.0  8.0
  8.6  8.0  8.0  8.0  7.6  8.6  9.6  9.6 10.0  9.4  9.3  9.2
  9.5  9.5  9.5  9.9  9.9  9.5  9.3  9.5  9.5  9.1  9.3  9.5
  9.3  9.1  9.3  9.1  9.5  9.4  9.5  9.6 10.2  9.8  9.6  9.6
  9.4  9.4  9.4  9.4  9.6  9.6  9.4  9.4  9.0  9.4  9.4  9.6
  9.4  9.2  8.8  8.8  9.2  9.2  9.6  9.6  9.8  9.8 10.0 10.0
  9.4  9.8  8.8  8.8  8.8  8.8  9.6  9.6  9.6  9.2  9.2  9.0
  9.0  9.0  9.4  9.0  9.0  9.4  9.4  9.6  9.4  9.6  9.6  9.6
 10.0 10.0  9.6  9.2  9.2  9.2  9.0  9.0  9.6  9.8 10.2 10.0
 10.0 10.0  9.4  9.2  9.6  9.7  9.7  9.8  9.8  9.8 10.0 10.0
  8.6  9.0  9.4  9.4  9.4  9.4  9.4  9.6 10.0 10.0  9.8  9.8
  9.7  9.6  9.4  9.2  9.0  9.4  9.6  9.6  9.6  9.6  9.6  9.6
  9.0  9.4  9.4  9.4  9.6  9.4  9.6  9.6  9.8  9.8  9.8  9.6
  9.2  9.6  9.2  9.2  9.6  9.6  9.6  9.6  9.6  9.6 10.0 10.0
 10.4 10.4  9.8  9.0  9.6  9.8  9.6  8.6  8.0  8.0  8.0  8.0
  8.4  8.8  8.4  8.4  9.0  9.0  9.4 10.0 10.0 10.0 10.2 10.0
 10.0  9.6  9.0  9.0  8.6  9.0  9.6  9.6  9.0  9.0  8.9  8.8
  8.7  8.6  8.3  7.9  8.5  8.7  8.9  9.1  9.1  9.1

   100
SERIES E WOELFER SUNSPOT NUMBERS:YEARLY (N=100) 1770-1869 
(24F3.0)
101 82 66 35 31  7 20 92154125 85 68 38 23 10 24 83132131118 90 67 60 47      
 41 21 16  6  4  7 14 34 45 43 48 42 28 10  8  2  0  1  5 12 14 35 46 41      
 30 24 16  7  4  2  8 17 36 50 62 67 71 48 28  8 13 57122138103 86 63 37      
 24 11 15 40 62 98124 96 66 64 54 39 21  7  4 23 55 94 96 77 59 44 47 30      
 16  7 37 74      

   70
BOX JENKINS : SERIES F : BATCH CHEMICAL PROCESS
(14F3.0)
 47 64 23 71 38 64 55 41 59 48 71 35 57 40
 58 44 80 55 37 74 51 57 50 60 45 57 50 45
 25 59 50 71 56 74 50 58 45 54 36 54 48 55
 45 57 50 62 44 64 43 52 38 59 55 41 53 49
 34 35 54 45 68 38 50 60 39 59 40 57 54 23

  144
SERIES G INTERNATIONAL AIRLINE PASSENGERS:MONTHLY TOTALS
(12F4.0)
 112 118 132 129 121 135 148 148 136 119 104 118
 115 126 141 135 125 149 170 170 158 133 114 140
 145 150 178 163 172 178 199 199 184 162 146 166
 171 180 193 181 183 218 230 242 209 191 172 194
 196 196 236 235 229 243 264 272 237 211 180 201
 204 188 235 227 234 264 302 293 259 229 203 229
 242 233 267 269 270 315 364 347 312 274 237 278
 284 277 317 313 318 374 413 405 355 306 271 306
 315 301 356 348 355 422 465 467 404 347 305 336
 340 318 362 348 363 435 491 505 404 359 310 337
 360 342 406 396 420 472 548 559 463 407 362 405
 417 391 419 461 472 535 622 606 508 461 390 432

   144
 SERIES G' : NATURAL LOGARITHMS (SERIES G)
(6E12.5)
  .47185e+01  .47707e+01  .48828e+01  .48598e+01  .47958e+01  .49053e+01
  .49972e+01  .49972e+01  .49127e+01  .47791e+01  .46444e+01  .47707e+01
  .47449e+01  .48363e+01  .49488e+01  .49053e+01  .48283e+01  .50039e+01
  .51358e+01  .51358e+01  .50626e+01  .48903e+01  .47362e+01  .49416e+01
  .49767e+01  .50106e+01  .51818e+01  .50938e+01  .51475e+01  .51818e+01
  .52933e+01  .52933e+01  .52149e+01  .50876e+01  .49836e+01  .51120e+01
  .51417e+01  .51930e+01  .52627e+01  .51985e+01  .52095e+01  .53845e+01
  .54381e+01  .54889e+01  .53423e+01  .52523e+01  .51475e+01  .52679e+01
  .52781e+01  .52781e+01  .54638e+01  .54596e+01  .54337e+01  .54931e+01
  .55759e+01  .56058e+01  .54681e+01  .53519e+01  .51930e+01  .53033e+01
  .53181e+01  .52364e+01  .54596e+01  .54250e+01  .54553e+01  .55759e+01
  .57104e+01  .56802e+01  .55568e+01  .54337e+01  .53132e+01  .54337e+01
  .54889e+01  .54510e+01  .55872e+01  .55947e+01  .55984e+01  .57526e+01
  .58972e+01  .58493e+01  .57430e+01  .56131e+01  .54681e+01  .56276e+01
  .56490e+01  .56240e+01  .57589e+01  .57462e+01  .57621e+01  .59243e+01
  .60234e+01  .60039e+01  .58721e+01  .57236e+01  .56021e+01  .57236e+01
  .57526e+01  .57071e+01  .58749e+01  .58522e+01  .58721e+01  .60450e+01
  .61420e+01  .61463e+01  .60014e+01  .58493e+01  .57203e+01  .58171e+01
  .58289e+01  .57621e+01  .58916e+01  .58522e+01  .58944e+01  .60753e+01
  .61964e+01  .62246e+01  .60014e+01  .58833e+01  .57366e+01  .58201e+01
  .58861e+01  .58348e+01  .60064e+01  .59814e+01  .60403e+01  .61570e+01
  .63063e+01  .63261e+01  .61377e+01  .60088e+01  .58916e+01  .60039e+01
  .60331e+01  .59687e+01  .60379e+01  .61334e+01  .61570e+01  .62823e+01
  .64329e+01  .64069e+01  .62305e+01  .61334e+01  .59661e+01  .60684e+01

   296
 SERIES J : GAS FURNACE DATA (i) INPUT GASRATE (ii) OUTPUT %CO2
(1X,10F7.3)
   -.109   .000   .178   .339   .373   .441   .461   .348   .127  -.180
   -.588 -1.055 -1.421 -1.520 -1.302  -.814  -.475  -.193   .088   .435
    .771   .866   .875   .891   .987  1.263  1.775  1.976  1.934  1.866
   1.832  1.767  1.608  1.265   .790   .360   .115   .088   .331   .645
    .960  1.409  2.670  2.834  2.812  2.483  1.929  1.485  1.214  1.239
   1.608  1.905  2.023  1.815   .535   .122   .009   .164   .671  1.019
   1.146  1.155  1.112  1.121  1.223  1.257  1.157   .913   .620   .255
   -.280 -1.080 -1.551 -1.799 -1.825 -1.456  -.944  -.570  -.431  -.577
   -.960 -1.616 -1.875 -1.891 -1.746 -1.474 -1.201  -.927  -.524   .040
    .788   .943   .930  1.006  1.137  1.198  1.054   .595  -.080  -.314
   -.288  -.153  -.109  -.187  -.255  -.229  -.007   .254   .330   .102
   -.423 -1.139 -2.275 -2.594 -2.716 -2.510 -1.790 -1.346 -1.081  -.910
   -.876  -.885  -.800  -.544  -.416  -.271   .000   .403   .841  1.285
   1.607  1.746  1.683  1.485   .993   .648   .577   .577   .632   .747
    .900   .993   .968   .790   .399  -.161  -.553  -.603  -.424  -.194
   -.049   .060   .161   .301   .517   .566   .560   .573   .592   .671
    .933  1.337  1.460  1.353   .772   .218  -.237  -.714 -1.099 -1.269
  -1.175  -.676   .033   .556   .643   .484   .109  -.310  -.697 -1.047
  -1.218 -1.183  -.873  -.336   .063   .084   .000   .001   .209   .556
    .782   .858   .918   .862   .416  -.336  -.959 -1.813 -2.378 -2.499
  -2.473 -2.330 -2.053 -1.739 -1.261  -.569  -.137  -.024  -.050  -.135
   -.276  -.534  -.871 -1.243 -1.439 -1.422 -1.175  -.813  -.634  -.582
   -.625  -.713  -.848 -1.039 -1.346 -1.628 -1.619 -1.149  -.488  -.160
   -.007  -.092  -.620 -1.086 -1.525 -1.858 -2.029 -2.024 -1.961 -1.952
  -1.794 -1.302 -1.030  -.918  -.798  -.867 -1.047 -1.123  -.876  -.395
    .185   .662   .709   .605   .501   .603   .943  1.223  1.249   .824
    .102   .025   .382   .922  1.032   .866   .527   .093  -.458  -.748
   -.947 -1.029  -.928  -.645  -.424  -.276  -.158  -.033   .102   .251
    .280   .000  -.493  -.759  -.824  -.740  -.528  -.204   .034   .204
    .253   .195   .131   .017  -.182  -.262
(1X,10F7.1)
    53.8   53.6   53.5   53.5   53.4   53.1   52.7   52.4   52.2   52.0
    52.0   52.4   53.0   54.0   54.9   56.0   56.8   56.8   56.4   55.7
    55.0   54.3   53.2   52.3   51.6   51.2   50.8   50.5   50.0   49.2
    48.4   47.9   47.6   47.5   47.5   47.6   48.1   49.0   50.0   51.1
    51.8   51.9   51.7   51.2   50.0   48.3   47.0   45.8   45.6   46.0
    46.9   47.8   48.2   48.3   47.9   47.2   47.2   48.1   49.4   50.6
    51.5   51.6   51.2   50.5   50.1   49.8   49.6   49.4   49.3   49.2
    49.3   49.7   50.3   51.3   52.8   54.4   56.0   56.9   57.5   57.3
    56.6   56.0   55.4   55.4   56.4   57.2   58.0   58.4   58.4   58.1
    57.7   57.0   56.0   54.7   53.2   52.1   51.6   51.0   50.5   50.4
    51.0   51.8   52.4   53.0   53.4   53.6   53.7   53.8   53.8   53.8
    53.3   53.0   52.9   53.4   54.6   56.4   58.0   59.4   60.2   60.0
    59.4   58.4   57.6   56.9   56.4   56.0   55.7   55.3   55.0   54.4
    53.7   52.8   51.6   50.6   49.4   48.8   48.5   48.7   49.2   49.8
    50.4   50.7   50.9   50.7   50.5   50.4   50.2   50.4   51.2   52.3
    53.2   53.9   54.1   54.0   53.6   53.2   53.0   52.8   52.3   51.9
    51.6   51.6   51.4   51.2   50.7   50.0   49.4   49.3   49.7   50.6
    51.8   53.0   54.0   55.3   55.9   55.9   54.6   53.5   52.4   52.1
    52.3   53.0   53.8   54.6   55.4   55.9   55.9   55.2   54.4   53.7
    53.6   53.6   53.2   52.5   52.0   51.4   51.0   50.9   52.4   53.5
    55.6   58.0   59.5   60.0   60.4   60.5   60.2   59.7   59.0   57.6
    56.4   55.2   54.5   54.1   54.1   54.4   55.5   56.2   57.0   57.3
    57.4   57.0   56.4   55.9   55.5   55.3   55.2   55.4   56.0   56.5
    57.1   57.3   56.8   55.6   55.0   54.1   54.3   55.3   56.4   57.2
    57.8   58.3   58.6   58.8   58.8   58.6   58.0   57.4   57.0   56.4
    56.3   56.4   56.4   56.0   55.2   54.0   53.0   52.0   51.6   51.6
    51.1   50.4   50.0   50.0   52.0   54.0   55.1   54.5   52.8   51.4
    50.8   51.2   52.0   52.8   53.8   54.5   54.9   54.9   54.8   54.4
    53.7   53.3   52.8   52.6   52.6   53.0   54.3   56.0   57.0   58.0
    58.6   58.5   58.3   57.8   57.3   57.0

   197
SERIES K: SIMULATED DYNAMIC DATA INPUTS X1,X2 OUTPUT
(20F3.0)
 0. 0.-1.-1.-1.-1.-1. 1. 1. 1. 1. 1.-1.-1.-1.-1.-1. 1. 1. 1.
 1. 1. 1. 1. 1. 1. 1. 1. 1. 1. 1. 1.-1.-1.-1.-1.-1.-1.-1.-1.
-1.-1. 1. 1. 1. 1. 1.-1.-1.-1.-1.-1.-1.-1.-1.-1.-1. 1. 1. 1.
 1. 1. 0. 0.
(20F3.0)
 0. 0. 1. 1. 1. 1. 1.-1.-1.-1.-1.-1.-1.-1.-1.-1.-1. 1. 1. 1.
 1. 1.-1.-1.-1.-1.-1. 1. 1. 1. 1. 1.-1.-1.-1.-1.-1. 1. 1. 1.
 1. 1.-1.-1.-1.-1.-1.-1.-1.-1.-1.-1. 1. 1. 1. 1. 1. 1. 1. 1.
 1. 1. 0. 0.
(10F5.1)
 58.3 61.8 64.2 62.1 55.1 50.6 47.8 49.7 51.6 58.5
 61.5 63.3 65.9 70.9 65.8 57.6 56.1 58.2 61.7 59.2
 57.9 61.3 60.8 63.6 69.5 69.3 70.5 68.0 68.1 65.0
 71.9 64.8 65.8 67.4 64.7 65.7 67.5 58.2 57.0 54.7
 54.9 48.4 49.7 53.1 50.2 51.7 57.4 62.6 65.8 61.5
 61.5 56.8 62.3 57.7 54.0 45.2 51.9 45.6 46.2 50.2
 54.6 55.6 60.4 59.4

   312
 BOX & JENKINS S.535 SERIES L:PILOT SCHEME DATA (N=312)
(16F4.0)
  30   0 -10   0 -40   0 -10  10  20  50 -10 -55   0  10   0  10
 -70  30 -20  10   0   0  20  30   0 -10 -20 -30   0  10  20 -10
   0  20  10 -10   0   0   0   0   0   0  20 -50  20   0   0  40
   0  50 -40 -50 -60  50 -10  40  40 -30  20 -30  10 -20  30 -50
  10  10  10 -30   0 -10 -10  15  20 -50  20   0   0   0   0 -40
-100   0   0  50  85   5  40  10 -60 -50 -50  40   0   0 -20 -30
 -60 -20 -30  30 -40  80 -40 -20  55   0 -90  40   0  80 -20 -10
 -70 -30 -10  30  -5 -60  70  40  10  20  10   0 -70  50  30   0
 -10   0 -40   0 -10  10   0  80 -80  20  20 -10  10   0 -20  20
  55   0  25  20 -60 -40  10  20  60 -50 -10 -30  20   0  20  10
  10  10  50 -30 -30 -90  60 -40  20   0  20  10 -30 -30   0  50
 -60  20   0  40  80  20-100 -30  30 -20 -30  20  60 -10  30 -40
  30 -20   5 -20 -30  20  10 -15 -75 -40 -40  90  90  80 -45 -10
 -40  40 -90  40   0   0   0  20  90  30  20  30  30  30  30 -90
  10  10 -30 -20  40  10  10  10-100  10  45  30  30 -15  -5  10
 -85   0   0  60  40 -30 -40 -40  50  10  30 -40  10 -40  40 -30
 -50   0 -45 -20 -25  35  70 -10 100 -20 -40 -20  10   0   0 -20
 -50  50  30  60 -40 -20 -10  10-110  15  30   0  25  -5 -15  45
  40 -50 -10 -50  20   5 -40   0 -60  40 -20 130 -20   0  30 -20
  60  10 -10 -25   0  15  -5   0
(16F4.0)
  -4  -2   0   0   4   2   2   0  -2  -6  -2   4   2   0  -2  -2
   6   0   2   0   0   0  -2  -4  -2   0   2   4   2   0  -2   0
   0  -2  -2   0   0   0   0   0   0   0  -2   4   0   0   0  -4
  -2  -6   0   3   6  -2   0  -4  -6   0  -2   2   0   2  -2   4
  -2  -2  -2   0   0   2   3   0  -2   4   0   0   0   0   0   4
  12   8 -12 -15 -15 -12 -14  -8   2   6   8   0   0   0   2   4
   8   6   6   0   4  -6   0   2  -4   2   8   0   0  -8  -2   0
   6   6   4  -1   0   6  -4  -6  -4  -4  -3  -2   6  -2  -4  -2
   0   0   4   2   2   0   0  -8   4   4   0   2   0   0   2  -1
  -6  -3  -4  -4   4   6   4   0  -6   2   2   4   0   0  -2  -2
  -2 -22  -6   0   6  12   0   4   0   0  -2  -2   2   4   2  -4
   4   0   0  -8 -12  -8   6   6   0   2   4   0  -6  -2  -4   2
  -2   1   0   2   4   0  -1   1   8   8   6  -6 -12 -14  -2   0
   4  -2   8   0   0   0   0  -2 -10  -8  -6  -6  -6  -6  -6   6
   2   2   4   4  -2  -2  -2  -2  12   6  -2  -4  -5  -1   0  -1
   8   4   0  -4  -6   0   4   6  -2  -2  -4   2   0   4  -2   2
   6   3   6   5   4  -2   8  -5 -20  -8   0   2   0   0   0   2
   6  -2  -4  -8   0   2   2   0  13   4  -2  -1  -3  -1   1  -4
  -6   2   2   6   1   0   4   6   8   0   2 -12  -4  -2  -4   0
   6  -4   1   2   1  -1   0   0

   150
SERIES M SALES DATA WITH LEADING INDICATOR (N=150)
(10F7.2)
  10.01  10.07  10.32   9.75  10.33  10.13  10.36  10.32  10.13  10.16
  10.62  10.86  11.20  10.74  10.56  10.48  10.77  11.33  10.96  11.16
  11.39  11.42  11.94  11.24  11.59  10.96  11.40  11.02  11.01  11.23
  10.83  10.84  11.14  10.38  10.90  11.05  11.11  11.01  11.22  11.21
  11.69  10.93  10.99  11.01  10.84  10.76  10.77  10.88  10.49  10.50
  10.98  10.61  10.48  10.53  11.07  10.61  10.86  10.34  10.78  10.80
  10.44  10.50  10.75  10.40  10.40  10.34  10.55  10.46  10.82  10.91
  10.67  11.11  10.88  11.28  11.27  11.44  11.52  12.10  11.83  12.62
  12.43  12.73  13.01  12.74  12.73  12.76  12.92  12.64  12.79  13.05
  13.01  12.90  13.12  12.47  12.47  12.94  13.10  12.91  13.39  13.13
  13.34  13.14  13.49  13.87  13.39  13.59  13.27  13.70  13.20  13.32
  13.30  12.94  13.29  13.26  13.08  13.24  13.31  13.52  13.02  13.25
  13.26  13.11  13.30  13.06  13.32  13.10  13.27  13.64  13.58  13.87
  13.41  13.25  13.50  13.58  13.51  13.77  13.40
(12F6.1)
 200.1 199.5 199.4 198.9 199.0 200.2 198.6 200.0 200.3 201.2 201.6 201.5
 201.5 203.5 204.9 207.1 210.5 210.5 209.8 208.8 209.5 213.2 213.7 215.1
 218.7 219.8 220.5 223.8 222.8 223.8 221.7 222.3 220.8 219.4 220.1 220.6
 218.9 217.8 217.7 215.0 215.3 215.9 216.7 216.7 217.7 218.7 222.9 224.9
 222.2 220.7 220.0 218.7 217.0 215.9 215.8 214.1 212.3 213.9 214.6 213.6
 212.1 211.4 213.1 212.9 213.3 211.5 212.3 213.0 211.0 210.7 210.1 211.4
 210.0 209.7 208.8 208.8 208.8 210.6 211.9 212.8 212.5 214.8 215.3 217.5
 218.8 220.7 222.2 226.7 228.4 233.2 235.7 237.1 240.6 243.8 245.3 246.0
 246.3 247.7 247.6 247.8 249.4 249.0 249.9 250.5 251.5 249.0 247.6 248.8
 250.4 250.7 253.0 253.7 255.0 216.2 256.0 257.4 260.4 260.0 261.3 260.4
 261.6 260.8 259.8 259.0 258.9 257.4 257.7 257.9 257.4 257.3 257.6 258.9
 257.8 257.7 257.2 257.5 256.8 257.5 257.0 257.6 257.3 257.5 259.6 261.1
 262.9 263.3 262.8 261.8 262.2 262.7
 
