Kendall & Ord (1990)

   57
KENDALL : ANNUAL BARLEY YIELDS PER ACRE IN ENGLAND & WALES 1884-1939
(12F5.1)
 15.2 16.9 15.3 14.9 15.7 15.1 16.7 16.3 16.5 13.3 16.5 15.0
 15.9 15.5 16.9 16.4 14.9 14.5 16.6 15.1 14.6 16.0 16.8 16.8
 15.5 17.3 15.5 15.5 14.2 15.8 15.7 14.1 14.8 14.4 15.6 13.9
 14.7 14.3 14.0 14.5 15.4 15.3 16.0 16.4 17.2 17.8 14.4 15.0
 16.0 16.8 16.9 16.6 16.2 14.0 18.1 17.5

   73
KENDALL : ANNUAL SHEEP POULATION (10000's) IN ENGLAND & WALES 1867-1939
(12F5.0)
 2203 2360 2254 2165 2024 2078 2214 2292 2207 2119 2119 2137
 2132 1955 1785 1747 1818 1909 1958 1892 1919 1853 1868 1991
 2111 2119 1991 1859 1856 1924 1892 1916 1968 1928 1898 1850
 1841 1824 1823 1843 1880 1968 2029 1996 1933 1805 1713 1726
 1752 1795 1717 1648 1512 1338 1383 1344 1384 1484 1597 1686
 1707 1640 1611 1632 1775 1850 1809 1653 1648 1665 1627 1791
 1797

   96
KENDALL : U.K. AIRLINES : MONTHLY AIRCRAFT MILES FLOWN (NILLIONS) 1963-1970
(12F6.0)
  6827  6178  7084  8162  8462  9644 10466 10748  9963  8194  6848  7027
  7269  6775  7819  8371  9069 10248 11030 10882 10333  9109  7685  7602
  8350  7829  8829  9948 10638 11253 11424 11391 10665  9396  7775  7933
  8186  7444  8484  9864 10252 12282 11637 11577 12417  9637  8094  9280
  8334  7899  9994 10078 10801 12950 12222 12246 13281 10366  8730  9614
  8639  8772 10894 10455 11179 10588 10794 12770 13812 10857  9290 10925
  9491  8919 11607  8852 12537 14759 13667 13731 15110 12185 10645 12161
 10840 10436 13589 13402 13103 14933 14147 14057 16234 12389 11595 12772

   143
KENDALL : ANNUAL IMMIGRATION INTO THE U.S.A. (THOUSANDS) 1820-1962
(8F8.0)
    8385    9127    6911    6354    7912   10199   10837   18875
   27382   22520   23322   22633   48386   58640   65365   45374
   76242   79340   38914   68069   84066   80289  104565   69994
   78615  114371  154416  234968  226527  297024  295984  379466
  371603  368645  427833  200877  200436  251306  123126  121282
  153640   91918   91985  176282  193418  248120  318568  315722
  277680  352768  387203  321350  404806  459803  313339  227498
  169986  141857  138469  177826  457257  669431  788992  603322
  518592  395346  334203  490109  546889  444427  455302  560319
  579663  439730  285631  258536  343267  230832  229299  311715
  448572  487918  648743  857046  812870 1026499 1100735 1285349
  782870  751786 1041570  878587  838172 1197892 1218480  326700
  298826  295403  110618  141132  430001  805228  309556  522919
  706896  294314  304488  335175  307255  279678  241700   97139
   35576   23068   29470   34956   36329   50244   67895   82998
   70756   51776   28781   23725   28551   38119  108721  147292
  170570  188317  249187  205717  265520  170434  208177  237790
  321625  326867  253265  260686  265398  271344  283763

   48
KENDALL : FINANCIAL TIMES INDEX LEADING EQUITY PRICES (QUARTERLY) 1960-1971
(12F6.1)
 323.8 314.1 321.0 312.9 323.7 349.3 310.4 295.8 301.2 285.8 271.7 283.6
 295.7 309.3 295.7 342.0 335.1 344.4 360.9 346.5 340.6 340.3 323.3 345.6
 349.3 359.7 320.0 299.9 318.5 343.1 360.8 397.8 409.1 461.1 491.4 490.5
 491.0 433.0 378.0 382.6 403.4 354.7 343.0 345.4 330.4 372.8 409.2 427.6

   370
KENDALL : TREND FREE WHEAT-PRICE INDEX (EUROPEAN PRICES) 1500-1869
(18F4.0)
 106 118 124  94  82  88  87  88  88  68  98 115 135 104  96 110 107  97
  75  86 111 125  78  86 102  71  81 129 130 129 125 139  97  90  76 102
 100  73  86  74  74  76  80  96 112 144  80  54  69 100 103 129 100  90
 100 123 156  71  71  81  84  97 105  90  78 112 100  86  77  80  93 112
 131 158 113  89  87  87  79  90  90  87  83  85  76 110 161  97  84 106
 111  97 108 100 119 131 143 138 112  99  97  80  90  90  80  77  81  98
 115  94  93 100  99 100  94  88  92 100  82  73  81  99 124 106 106 121
 105  84  97 109 148 114 108  97  92  97  98 105  97  93  99  99 107 106
  96  82  88 116 122 134 119 136 102  72  63  76  75  77 103 104 120 167
 126 108  91  85  73  74  80  74  78  83  84 106 134 122 102 107 115 113
 104  92  84  86 101  74  75  66  62  76  79  97 134 169 111 109 111 128
 163 137  99  85  72  88  77  66  64  69 125 175 108 103 115 134 108  90
  89  89  94 107  89  79  91  94 110 111 103  94 101  90  96  80  76  84
  91  94 101  93  91 122 159 110  90  81  84 102 102 100 109 104  90  99
  95  90  80  85 117 112  95  91  88 100  97  88  95 101 106 113 108 108
 131 136 119 106 105  88  84  94  87  79  87  88  94  94  92  85  84  93
 108 108  86  78  87  85 103 130  95  84  87 120 139 117 105  94 125 114
  98  93  94  94 104 140 121  96  96 130 178 126  94  86  84  76  77  71
  71  69  82  93 114 103 110 105  82  80  78  82  88 102 117 107  95 101
  92  88  92 115 139  90  80  74  78  86 105 138 141 138 107  82  81  97
 116 107  92  79  81  94 119 118  93 102

   44
KENDALL : QUARTERLY U.K. IMPORTS: GOODS AND SERVICES(POUND MILLIONS) '60-'70
(12F5.0)
 1382 1417 1432 1438 1457 1403 1389 1379 1408 1426 1460 1442
 1414 1472 1520 1540 1611 1612 1632 1659 1581 1643 1672 1686
 1722 1681 1726 1642 1777 1787 1779 1850 1948 1903 1945 1937
 1992 1980 1966 2024 2026 2130 2078 2197

   44
KENDALL : U.K. IMPORTS VALUE OF INCREASES IN STOCKS, WORK IN PROG. '60-'70
(12F5.0)
  149  168  161  150  153  102   35   37    7   12   53   -6
   -3   36   -1  159  132  170  141  185   92   83  112   89
   86   76   86    6   60   64   -1   61 -104   76   85  101
  122   76   57   91  -16  116  117  112

   44
KENDALL : QUARTERLY U.K. IMPORTS: CONSUMER EXPENDITURE ON DURABLES '60-'70
(15F4.0)
 370 342 332 307 327 331 329 313 316 361 336 350 353 398 414
 416 417 429 439 440 453 426 428 417 447 468 409 375 392 428
 467 492 550 408 434 460 400 425 444 432 433 457 476 480

   44
KENDALL : U.K. IMPORTS: GROSS DOMESTIC FIXED CAPITAL FORMATION '60-'70
(12F5.0)
 1088 1081 1103 1146 1184 1205 1241 1217 1197 1221 1222 1189
 1070 1247 1278 1317 1373 1417 1459 1476 1486 1474 1471 1529
 1500 1509 1551 1552 1587 1671 1645 1621 1721 1693 1714 1722
 1710 1672 1705 1690 1646 1759 1726 1755
 
