Montgomery & Johnson (1976)

   100
 CHEMICAL PROCESS : VISCOSITY DATA (MONTGOMERY & JOHNSON)
(12F6.3)
 29.33 19.98 25.76 29.00 31.03 32.68 33.56 27.50 26.75 30.55 28.94 28.50
 28.19 26.13 27.79 27.63 29.89 28.18 26.65 30.01 30.80 30.45 36.61 31.40
 30.83 33.22 30.15 27.08 33.66 36.58 29.04 28.08 30.28 29.35 33.60 30.29
 20.11 17.51 23.71 24.22 32.43 32.44 29.39 23.45 23.62 28.12 29.94 30.56
 32.30 31.58 27.99 24.13 29.20 34.30 26.41 28.78 21.28 21.71 21.47 24.71
 33.61 36.54 35.70 33.68 29.29 25.12 27.23 30.61 29.06 28.48 32.01 31.89
 31.72 29.02 31.92 24.28 22.69 26.60 28.86 28.27 28.17 28.58 30.76 30.62
 20.84 16.57 25.23 31.79 32.52 30.28 26.14 19.03 24.34 31.53 31.95 31.68
 29.10 23.15 26.74 32.44

   100
 WEEKLY DEMAND FOR A PLASTIC CONTAINER ( MONTGOMERY & JOHNSON)
(12F5.0)
 5000 4965 4496 4491 4566 4585 4724 4951 4917 4888 5087 5082
 5039 5054 4940 4913 4871 4901 4864 4750 4856 4959 5004 5415
 5550 5657 6010 6109 6052 6391 6798 6740 6778 7005 7045 7279
 7367 6934 6506 6374 6066 6102 6204 6138 5938 5781 5813 5811
 5818 5982 6132 6111 5948 6056 6342 6626 6591 6302 6132 5837
 5572 5744 6005 6239 6523 6652 6585 6622 6754 6712 6675 6882
 7011 7140 7197 7411 7233 6958 6960 6927 6814 6757 6765 6870
 6954 6551 6022 5974 6052 6033 6030 5944 5543 5416 5571 5571
 5627 5679 5455 5443

   240
DEMAND FOR A DOUBLE-KNIT POLYESTER FABRIC (P.269, MONTGOMERY : FORE. & T.S.)
(12F4.0)
 656 659 601 624 545 502 565 577 549 624 521 520
 594 620 537 640 513 639 600 617 636 603 497 600
 561 556 505 704 641 632 644 677 574 624 529 512
 576 547 561 592 481 574 490 614 529 624 506 617
 588 609 632 550 505 625 549 600 549 684 613 648
 652 669 588 624 513 536 585 552 597 612 569 496
 513 584 537 656 478 629 592 601 582 514 569 612
 545 608 581 700 625 636 632 657 546 597 497 544
 577 552 593 628 594 540 526 576 555 651 504 609
 612 625 517 556 577 600 577 616 609 684 634 628
 627 597 564 604 552 560 593 576 609 624 579 507
 543 564 552 645 600 569 630 625 563 568 577 624
 585 598 613 687 689 600 604 481 513 635 622 576
 539 620 613 648 520 561 606 609 619 625 614 614
 640 616 563 608 561 624 583 560 632 640 698 592
 603 481 492 629 585 575 531 640 641 636 535 565
 620 645 628 637 592 641 633 615 577 632 583 637
 570 505 632 648 697 604 624 467 622 613 528 568
 590 600 644 640 506 577 606 621 614 581 614 627
 640 602 597 636 572 625 556 488 642 668 677 637

   100
WEEKLY SALES OF A CUTTING TOOL ( P.270, MONTGOMERY : FORE. & T.S.)
(16F4.0)
 100  94  90  96  91  94  95  99  95  98 100  97  99  98  96  98
  96  99  97  98 101 100 102 110 104 110 113 112 113 120 121 118
 123 124 123 129 125 119 118 120 115 122 118 120 116 118 119 118
 120 123 124 123 121 126 128 124 122 123 119 120 125 126 129 132
 131 130 133 134 133 135 138 137 140 138 144 135 138 137 136 136
 137 138 140 139 131 129 134 133 133 134 132 126 130 131 130 133
 132 129 135 136

   100
MINUTES OF USAGE PER DAY OF A COMPUTER TERMINAL (P.270 : MONTGOMERY)
(16F4.0)
 160 158 150 151 150 151 153 157 156 158 162 161 162 163 161 160
 158 159 157 159 160 162 170 172 177 184 186 187 195 202 203 205
 208 209 214 215 209 203 199 192 193 190 189 185 182 181 180 181
 184 186 187 185 188 192 198 197 193 190 183 178 180 183 187 193
 196 197 198 201 200 201 204 206 210 211 216 212 211 210 208 205
 202 201 203 205 197 188 186 185 184 183 187 173 171 173 172 174
 175 171 172 175

   100
WEEKLY DEMAND FOR CRANKSHAFT (P.271, MONTGOMERY :FORE. & T.S.)
(12F5.0)
  599  840 1482  742 1140 1026 1098  716 1197 1084  778 1116
  968  897 1136  884 1145  830 1029 1177  895 1036 1350  561
 1307 1052  780 1018 1372  876  703 1293  991  865 1296  694
  710 1121 1125  710 1486  733 1039  826 1124 1070  923 1063
 1114  939  902  922 1293  995 1058  697  951 1095  774 1130
 1293  918 1083 1038  875  918 1148  998  853 1100 1176  876
 1090  891 1244  480 1231 1060  922  968 1059 1010 1091  936
  574 1090 1312  900  990 1019  903  735 1380  981  882 1138
  911  796 1310 1020

   60
MONTHLY DEMAND FOR A SPARE PART (P.271 : MONTGOMERY)
(12F4.0)
 260 251 235 234 287 314 304 310 272 330 315 330
 327 320 282 250 285 335 330 290 285 265 251 278
 347 339 312 274 285 318 326 331 335 310 325 355
 391 412 349 365 399 361 380 394 368 359 374 418
 429 448 420 442 457 477 443 410 399 424 468 480

   100
CHEMICAL PROCESS READINGS EVERY TWO MINUTES (P.272 : MONTGOMERY)
(16F4.0)
 153 145 142 145 175 170 159 173 140 136 185 173 155 150 148 157
 140 133 165 178 149 141 166 166 134 137 146 152 135 141 137 151
 182 148 129 138 149 161 144 145 150 143 156 159 169 174 141 133
 160 168 159 156 159 139 148 158 168 173 149 142 165 167 162 148
 137 155 137 140 162 163 147 150 138 158 153 156 158 155 147 141
 138 145 162 167 149 143 152 133 128 138 157 170 133 135 170 160
 120 134 128 138

   48
MONTHLY SALES OF SOFT DRINK (HUNDREDS OF CASES) (P.272 : MONTGOMERY)
(16F4.0)
  28  31  36  43  46  52  55  59  58  55  47  40  35  40  46  55
  60  68  72  75  70  66  58  50  45  49  57  68  78  80  88  90
  84  80  57  60  52  60  66  80  85  95 100 104 101  94  81  70

   48
 MONTHLY DEMAND FOR CARPET (P.272 : MONTGOMERY : FORE. & T.S.)
(16F3.0)
 31 30 35 42 45 52 58 60 57 51 52 47 43 42 47 54
 57 64 70 71 69 65 60 61 55 54 60 70 69 76 81 84
 80 76 75 71 66 67 71 78 81 88 93 96 93 87 88 83

   96
MONTHLY CHAMPAGNE SALES (IN 1000'S) (P.273, MONTGOMERY : FORE. & T.S.)
(12F6.0)
  2851  2672  2755  2721  2946  3036  2282  2212  2922  4301  5764  7132
  2541  2475  3031  3266  3776  3230  3028  1759  3595  4474  6838  8357
  3113  3006  4047  3523  3937  3986  3260  1573  3528  5211  7614  9254
  5375  3088  3718  4514  4520  4539  3663  1643  4739  5428  8314 10651
  3633  4292  4154  4121  4647  4753  3965  1723  5048  6922  9858 11331
  4016  3957  4510  4276  4968  4677  3523  1821  5222  6873 10803 13916
  2639  2899  3370  3740  2927  3986  4217  1738  5221  6424  9842 13076
  3934  3162  4286  4676  5010  4874  4633  1659  5951  6981  9851 12670

   78
REPORTED CASES OF RUBELLA (FORTNIGHTLY) (P.275, MONTGOMERY)
(13F5.0)
  420  550  610  910 1115 1210 1190 1080 1175 1195 1280 1200  395
  360  220  230  150  165  150  160  110  110  140  150  190  195
  180  195  300  445  440  435  520  775  640  775  650  760  390
  200  130  100   90   20   50   90  130   80  160  120  202  200
  125  210  300  505  500 1500  980 1000  900 1075  990  520  395
  190  140  150  140  155  194  154  162  164  160  180  185  181

   48 
MONTHLY DEMAND FOR PLASTIC CONTAINER (P.275 : MONTGOMERY)
(16F4.0)
 337 185 315 325 340 350 320 380 448 420 505 415 480 420 382 487
 584 542 585 405 420 588 584 565 545 581 615 583 580 614 547 610
 612 780 724 685 645 700 690 675 625 729 785 771 745 795 799 784

   65
 WEEKLY SALES FOR A NOVELTY ITEM (P.37-38 : MONTGOMERY)
(20F3.0)
 35 46 51 46 48 51 46 42 41 43 61 55 67 42 61 58 49 58 43 51
 60 58 46 54 51 66 64 53 72 64 54 61 77 72 67 67 64 50 83 67
 66 76 79 94 74 83 70 70 76 63 78 63 64 76 82 83 70 90 82 74
 79 79 77 84 74

   65
 FOUR WEEKLY DEMAND FOR THERMOSTATS ( P.32-33 : MONTGOMERY)
(15F4.0)
 158 222 248 216 226 239 206 178 169 177 290 245 318 158 274
 255 191 244 149 195 247 233 156 203 182 272 256 184 299 246
 184 224 316 285 251 248 222 135 337 235 225 282 302 391 261
 315 231 231 263 177 270 169 172 243 278 283 200 324 266 214
 240 239 224 262 200
 
