O'Donovan (xxxx)

   70
SERIES 2.1 : CONSECUTIVE YIELDS, BATCH CHEMICAL PROCESS ( BOX-J. SERIES F )
(14F3.0)
 47 64 23 71 38 64 55 41 59 48 71 35 57 40
 58 44 80 55 37 74 51 57 50 60 45 57 50 45
 25 59 50 71 56 74 50 58 45 54 36 54 48 55
 45 57 50 62 44 64 43 52 38 59 55 41 53 49
 34 35 54 45 68 38 50 60 39 59 40 57 54 23

   80 
SERIES 2.2 : QUARTERLY U.S. EXPENDITURES ON PRODUCER'S DURABLES '47-'66
(10F5.1)
 15.5 15.7 15.6 16.7 18.0 17.4 17.9 18.8 17.6 17.0
 16.1 15.7 15.9 17.9 20.3 20.4 20.2 20.5 20.9 20.9
 21.1 21.4 18.2 20.1 21.4 21.3 21.9 21.3 20.4 20.4
 20.7 20.7 20.9 23.0 24.9 26.5 25.6 26.1 27.0 27.2
 28.1 28.0 29.1 28.3 25.7 24.5 24.4 25.5 27.0 28.7
 29.1 29.0 29.6 31.2 30.6 29.8 27.6 27.7 29.0 30.3
 31.0 32.1 33.5 33.2 33.2 33.8 35.5 36.8 37.9 39.0
 41.0 41.6 43.7 44.4 46.6 48.3 50.2 32.1 54.0 56.0

   178 
SERIES 2.3 : MONTHLY EMPLOYERS IN FOOD PRODUCTION WISCONSIN 1961-1975
(12F5.1)
 56.3 55.7 55.8 56.3 57.2 59.1 71.5 72.2 72.7 61.5 57.4 56.9
 55.3 54.9 54.9 54.9 54.6 57.7 68.2 70.6 71.0 60.0 56.0 54.4
 53.3 52.8 53.0 53.4 54.3 58.2 67.4 71.0 69.8 59.4 55.6 54.6
 53.4 53.0 53.0 53.2 54.2 58.0 67.5 70.1 68.2 56.6 54.9 54.0
 52.9 52.6 52.8 53.0 53.6 56.1 66.1 69.8 69.3 61.2 57.5 54.9
 53.4 52.7 53.0 52.9 55.4 58.7 67.9 70.0 68.7 59.3 56.4 54.5
 52.8 52.8 53.2 55.3 55.8 58.2 65.3 67.9 68.3 61.7 56.4 53.9
 52.6 52.1 52.4 51.6 52.7 57.3 65.1 71.5 69.9 61.9 57.3 55.1
 53.6 53.4 53.5 53.3 53.9 52.7 61.0 69.9 70.4 59.4 56.3 54.3
 53.5 53.0 53.2 52.5 53.4 56.5 65.3 70.7 66.9 58.2 55.3 53.4
 52.1 51.5 51.5 52.4 53.3 55.5 64.2 69.6 69.3 58.5 55.3 53.6
 52.3 51.5 51.7 51.5 52.2 57.1 63.6 68.8 68.9 60.1 55.6 53.9
 53.3 53.1 53.5 53.5 53.9 57.1 64.7 69.4 70.3 62.6 57.9 55.8
 54.8 54.2 54.6 54.3 54.8 58.1 68.1 73.3 75.5 66.4 60.5 57.7
 55.8 54.7 55.0 55.6 56.4 60.6 70.8 76.4 74.8 62.2

   144 
SERIES 2.4 : INTERNATIONAL AIRLINE PASSENGERS (1000's) ( BOX-J. SERIES G )
(12F4.0)
 112 118 132 129 121 135 148 148 136 119 104 118
 115 126 141 135 125 149 170 170 158 133 114 140
 145 150 178 163 172 178 199 199 184 162 146 166
 171 180 193 181 183 218 230 242 209 191 172 194
 196 196 236 235 229 243 264 272 237 211 180 201
 204 188 235 227 234 264 302 293 259 229 203 229
 242 233 267 269 270 315 364 347 312 274 237 278
 284 277 317 313 318 374 413 405 355 306 271 306
 315 301 356 348 355 422 465 467 404 347 305 336
 340 318 362 348 363 435 491 505 404 359 310 337
 360 342 406 396 420 472 548 559 463 407 362 405
 417 391 419 461 472 535 622 606 508 461 390 432

    144
 SERIES 2.4a : NATURAL LOGARITHMS ( SERIES 2.4 ) ( BOX-J SERIES G)
(6E12.5)
  .47185e+01  .47707e+01  .48828e+01  .48598e+01  .47958e+01  .49053e+01
  .49972e+01  .49972e+01  .49127e+01  .47791e+01  .46444e+01  .47707e+01
  .47449e+01  .48363e+01  .49488e+01  .49053e+01  .48283e+01  .50039e+01
  .51358e+01  .51358e+01  .50626e+01  .48903e+01  .47362e+01  .49416e+01
  .49767e+01  .50106e+01  .51818e+01  .50938e+01  .51475e+01  .51818e+01
  .52933e+01  .52933e+01  .52149e+01  .50876e+01  .49836e+01  .51120e+01
  .51417e+01  .51930e+01  .52627e+01  .51985e+01  .52095e+01  .53845e+01
  .54381e+01  .54889e+01  .53423e+01  .52523e+01  .51475e+01  .52679e+01
  .52781e+01  .52781e+01  .54638e+01  .54596e+01  .54337e+01  .54931e+01
  .55759e+01  .56058e+01  .54681e+01  .53519e+01  .51930e+01  .53033e+01
  .53181e+01  .52364e+01  .54596e+01  .54250e+01  .54553e+01  .55759e+01
  .57104e+01  .56802e+01  .55568e+01  .54337e+01  .53132e+01  .54337e+01
  .54889e+01  .54510e+01  .55872e+01  .55947e+01  .55984e+01  .57526e+01
  .58972e+01  .58493e+01  .57430e+01  .56131e+01  .54681e+01  .56276e+01
  .56490e+01  .56240e+01  .57589e+01  .57462e+01  .57621e+01  .59243e+01
  .60234e+01  .60039e+01  .58721e+01  .57236e+01  .56021e+01  .57236e+01
  .57526e+01  .57071e+01  .58749e+01  .58522e+01  .58721e+01  .60450e+01
  .61420e+01  .61463e+01  .60014e+01  .58493e+01  .57203e+01  .58171e+01
  .58289e+01  .57621e+01  .58916e+01  .58522e+01  .58944e+01  .60753e+01
  .61964e+01  .62246e+01  .60014e+01  .58833e+01  .57366e+01  .58201e+01
  .58861e+01  .58348e+01  .60064e+01  .59814e+01  .60403e+01  .61570e+01
  .63063e+01  .63261e+01  .61377e+01  .60088e+01  .58916e+01  .60039e+01
  .60331e+01  .59687e+01  .60379e+01  .61334e+01  .61570e+01  .62823e+01
  .64329e+01  .64069e+01  .62305e+01  .61334e+01  .59661e+01  .60684e+01

   71 
SERIES 2.5 : PURSE SNATCHINGS IN HYDE PARK CHICAGO JAN'69-SEP'73 HAY
(12F3.0)
 10 15 10 10 12 10  7  7 10 14  8 17
 14 18  3  9 11 10  6 12 14 10 25 29
 33 33 12 19 16 19 19 12 34 15 36 29
 26 21 17 19 13 20 24 12  6 14  6 12
  9 11 17 12  8 14 14 12  5  8 10  3
 16  8  8  7 12  6 10  8 10  5  7

   70 
SERIES 4.1 : CONSEC. READINGS BATCH CHEMICAL PROCESS R.B.MILLER et al.
(20F3.0)
 40 54 48 52 41 52 38 56 48 45 66 17 62 50 38 59 51 55 48 51
 50 52 44 65 40 65 41 64 53 48 53 43 66 48 52 42 44 56 44 58
 41 54 51 56 38 56 49 52 33 52 59 34 57 39 60 40 52 44 65 43
 48 44 49 44 49 69 40 54 58 49

    100 
SERIES 4.2 : SIMULATION OF Z(T)=A(T)-0.6*A(T-1) ; A(T)~N(0,1) O.D.ANDERSON
(10F6.2)
 -1.23  0.03 -0.10 -0.50  0.26  1.62 -1.21 -0.57  1.34 -1.75
 -0.23  0.63  0.48 -0.83 -0.03  1.31  0.86 -1.28  0.00 -0.63
  0.08 -1.30  1.48 -0.28 -0.79  1.86  0.07  0.09 -0.20 -0.21
  0.91 -0.36  0.48  0.61 -1.38 -0.04  0.90  1.79 -0.37  0.40
 -1.19  0.98 -1.51  0.90 -1.56  2.18 -1.93  1.87 -0.97  0.46
  2.12 -2.11  0.70  0.69 -0.24  0.34  0.60  0.15 -0.02  0.46
 -0.54  0.89  1.07  0.20 -0.97  0.83 -0.33  0.91 -1.13  2.22
  0.80 -1.95  2.61  0.59  0.71 -0.84 -0.11  1.27 -0.80 -0.76
  1.58 -0.38  0.10 -0.62  2.27 -0.62  0.74 -0.16  1.34 -1.83
  0.31  1.13 -0.87  1.45 -1.95 -0.51 -0.41  0.49  1.54 -0.69

   100 
SERIES 4.3 : SIMULATED WHITE NOISE SERIES O.D.ANDERSON
(10F6.1)
  0.40 -0.26  1.06 -0.52  1.79 -0.09 -0.80 -0.98 -0.35  0.59
 -0.31 -1.13  0.00 -0.36  0.55  0.56  1.67 -0.84 -1.14  0.63
 -0.29 -1.04 -0.87 -0.26  0.02 -0.34 -0.19 -0.25  0.80  1.02
  0.52  0.79  0.01 -0.38 -0.07  0.57 -0.23  0.53  0.65  0.64
  0.84  0.05 -1.04  0.35  0.21 -1.26 -0.77 -0.42 -0.64  0.88
  0.52 -1.16  0.89 -0.45 -0.99 -0.81 -2.51 -1.45 -1.98  1.78
  1.10 -0.34 -0.48  0.21 -0.85 -1.12 -0.86  0.47 -0.97 -0.10
 -1.20  2.00 -0.65  2.57 -1.55  0.71 -0.33  0.24  0.67  1.20
 -0.78  0.15  0.51  0.12 -1.72  0.01 -1.48 -0.75  0.13  0.38
 -1.32  0.74 -1.48 -0.06 -0.31  0.90  0.47  0.21 -0.27 -1.96

    224
 SERIES 4.4 : SECOND DIFFERENCES OF CHEMICAL PROCESS TEMPERATURES ( BOXJ C)
(6E12.5)
 -.30000e+00 -.10000e+00  .00000e+00  .00000e+00 -.20000e+00  .10000e+00
  .00000e+00 -.20000e+00 -.10000e+00  .20000e+00  .00000e+00 -.20000e+00
  .20000e+00 -.20000e+00  .00000e+00  .20000e+00 -.10000e+00  .00000e+00
  .00000e+00  .10000e+00  .10000e+00  .00000e+00  .00000e+00 -.10000e+00
  .00000e+00  .00000e+00  .00000e+00 -.20000e+00 -.10000e+00 -.10000e+00
  .00000e+00  .30000e+00  .20000e+00  .00000e+00  .00000e+00  .00000e+00
  .00000e+00  .10000e+00  .30000e+00 -.20000e+00 -.10000e+00  .10000e+00
  .00000e+00  .00000e+00 -.10000e+00  .00000e+00  .00000e+00  .00000e+00
  .10000e+00  .10000e+00 -.10000e+00  .00000e+00  .00000e+00  .00000e+00
  .20000e+00  .70000e+00 -.70000e+00 -.50000e+00 -.20000e+00  .30000e+00
  .30000e+00  .10000e+00  .20000e+00  .30000e+00  .00000e+00  .00000e+00
 -.30000e+00  .00000e+00 -.30000e+00  .10000e+00 -.10000e+00 -.20000e+00
 -.10000e+00 -.10000e+00  .00000e+00  .00000e+00  .00000e+00  .00000e+00
 -.10000e+00  .10000e+00  .00000e+00  .10000e+00  .10000e+00  .00000e+00
  .00000e+00  .00000e+00 -.10000e+00  .20000e+00 -.10000e+00  .00000e+00
  .00000e+00  .00000e+00  .10000e+00 -.10000e+00 -.10000e+00  .00000e+00
  .00000e+00  .10000e+00 -.20000e+00  .10000e+00 -.10000e+00  .10000e+00
  .00000e+00  .10000e+00  .00000e+00  .00000e+00  .00000e+00  .20000e+00
 -.10000e+00 -.10000e+00  .10000e+00 -.10000e+00 -.10000e+00  .00000e+00
  .00000e+00 -.10000e+00  .00000e+00  .00000e+00  .00000e+00  .00000e+00
  .00000e+00 -.20000e+00  .00000e+00  .10000e+00  .20000e+00  .10000e+00
 -.10000e+00  .00000e+00  .00000e+00  .20000e+00 -.10000e+00  .10000e+00
  .00000e+00 -.20000e+00 -.10000e+00  .10000e+00  .10000e+00  .00000e+00
  .00000e+00  .10000e+00 -.20000e+00  .10000e+00 -.10000e+00  .10000e+00
  .10000e+00  .00000e+00  .20000e+00 -.10000e+00  .10000e+00 -.20000e+00
  .00000e+00  .20000e+00  .00000e+00  .00000e+00  .00000e+00  .00000e+00
  .10000e+00 -.10000e+00  .20000e+00 -.20000e+00 -.30000e+00  .20000e+00
 -.30000e+00  .10000e+00  .00000e+00  .00000e+00 -.10000e+00  .00000e+00
  .00000e+00  .00000e+00  .00000e+00  .10000e+00  .00000e+00  .00000e+00
  .00000e+00  .00000e+00  .00000e+00 -.10000e+00  .10000e+00 -.20000e+00
  .20000e+00 -.10000e+00  .10000e+00 -.10000e+00  .10000e+00  .00000e+00
 -.10000e+00  .00000e+00  .10000e+00 -.10000e+00  .10000e+00 -.10000e+00
  .20000e+00 -.20000e+00  .10000e+00  .00000e+00 -.10000e+00  .10000e+00
 -.10000e+00  .00000e+00  .10000e+00  .00000e+00  .10000e+00 -.10000e+00
 -.10000e+00  .00000e+00  .20000e+00 -.10000e+00 -.10000e+00  .00000e+00
 -.10000e+00  .10000e+00 -.10000e+00  .00000e+00  .00000e+00 -.20000e+00
 -.10000e+00  .00000e+00 -.10000e+00  .10000e+00  .10000e+00  .20000e+00
  .10000e+00 -.10000e+00  .00000e+00

   100 
SERIES 4.5 : SIMULATED SERIES : ARMA(1,1) O.D.ANDERSON
(10F6.1)
 -1.40 -2.59 -1.38 -0.27 -0.75  0.63  1.09  0.88  0.95  0.98
 -0.77 -0.33 -2.15 -2.50 -1.36 -0.48 -2.05  1.46  1.13  2.85
  2.67  2.71  1.30  0.88  0.07  1.47 -1.04 -1.02  2.03  2.54
  0.23 -0.49  0.87 -0.61 -0.20 -0.98 -0.78 -0.80 -0.86 -1.72
 -0.15  1.15  2.46  0.37 -0.80 -0.49 -0.50 -0.07 -1.92 -1.00
 -2.16 -0.04 -1.91 -0.43  0.32  0.48  0.13  2.26  0.73 -0.10
  1.47  0.89  0.53  0.20  0.70  0.27 -0.39  0.07 -0.89 -0.37
  0.75  1.24  0.62  0.54  0.23 -1.05  0.66 -0.25  0.63 -0.91
  0.21 -0.24 -0.05 -0.85 -1.55 -0.40 -1.82 -0.81 -0.28 -1.06
 -0.82  0.51 -0.80 -0.24 -0.51  1.21  0.81 -0.75 -1.29 -2.26

   107 
SERIES 5.1 : I.C.I. CLOSING PRICES 25 AUG '72-19 JAN '73 ( FINANCIAL TIMES )
(15F4.0)
 304 303 307 299 296 293 301 293 301 295 284 286 286 287 284
 282 278 281 278 277 279 278 270 268 272 273 279 279 280 275
 271 277 278 279 283 284 282 283 279 280 280 279 278 283 278
 270 275 273 273 272 275 273 273 272 273 272 273 271 272 271
 273 277 274 274 272 280 282 292 295 295 294 290 291 288 288
 290 293 288 289 291 293 293 290 288 287 289 292 288 288 285
 282 286 286 287 284 283 286 282 287 286 287 292 292 294 291
 288 289

   226 
SERIES 5.2 : CHEMICAL PROCESS TEMPERATURE READINGS ( BOX-J. SERIES C )
(14F5.1)
 26.6 27.0 27.1 27.1 27.1 27.1 26.9 26.8 26.7 26.4 26.0 25.8 25.6 25.2
 25.0 24.6 24.2 24.0 23.7 23.4 23.1 22.9 22.8 22.7 22.6 22.4 22.2 22.0
 21.8 21.4 20.9 20.3 19.7 19.4 19.3 19.2 19.1 19.0 18.9 18.9 19.2 19.3
 19.3 19.4 19.5 19.6 19.6 19.6 19.6 19.6 19.7 19.9 20.0 20.1 20.2 20.3
 20.6 21.6 21.9 21.7 21.3 21.2 21.4 21.7 22.2 23.0 23.8 24.6 25.1 25.6
 25.8 26.1 26.3 26.3 26.2 26.0 25.8 25.6 25.4 25.2 24.9 24.7 24.5 24.4
 24.4 24.4 24.4 24.4 24.3 24.4 24.4 24.4 24.4 24.4 24.5 24.5 24.4 24.3
 24.2 24.2 24.0 23.9 23.7 23.6 23.5 23.5 23.5 23.5 23.5 23.7 23.8 23.8
 23.9 23.9 23.8 23.7 23.6 23.4 23.2 23.0 22.8 22.6 22.4 22.0 21.6 21.3
 21.2 21.2 21.1 21.0 20.9 21.0 21.0 21.1 21.2 21.1 20.9 20.8 20.8 20.8
 20.8 20.9 20.8 20.8 20.7 20.7 20.8 20.9 21.2 21.4 21.7 21.8 21.9 22.2
 22.5 22.8 23.1 23.4 23.8 24.1 24.6 24.9 24.9 25.1 25.0 25.0 25.0 25.0
 24.9 24.8 24.7 24.6 24.5 24.5 24.5 24.5 24.5 24.5 24.5 24.4 24.4 24.2
 24.2 24.1 24.1 24.0 24.0 24.0 23.9 23.8 23.8 23.7 23.7 23.6 23.7 23.6
 23.6 23.6 23.5 23.5 23.4 23.3 23.3 23.3 23.4 23.4 23.3 23.2 23.3 23.3
 23.2 23.1 22.9 22.8 22.6 22.4 22.2 21.8 21.3 20.8 20.2 19.7 19.3 19.1
 19.0 18.8

   197
SERIES 5.3 : CHEMICAL PROCESS CONCENTRATION READINGS ( BOX-J. SERIES A )
(14F5.1)
 17.0 16.6 16.3 16.1 17.1 16.9 16.8 17.4 17.1 17.0 16.7 17.4 17.2 17.4
 17.4 17.0 17.3 17.2 17.4 16.8 17.1 17.4 17.4 17.5 17.4 17.6 17.4 17.3
 17.0 17.8 17.5 18.1 17.5 17.4 17.4 17.1 17.6 17.7 17.4 17.8 17.6 17.5
 16.5 17.8 17.3 17.3 17.1 17.4 16.9 17.3 17.6 16.9 16.7 16.8 16.8 17.2
 16.8 17.6 17.2 16.6 17.1 16.9 16.6 18.0 17.2 17.3 17.0 16.9 17.3 16.8
 17.3 17.4 17.7 16.8 16.9 17.0 16.9 17.0 16.6 16.7 16.8 16.7 16.4 16.5
 16.4 16.6 16.5 16.7 16.4 16.4 16.2 16.4 16.3 16.4 17.0 16.9 17.1 17.1
 16.7 16.9 16.5 17.2 16.4 17.0 17.0 16.7 16.2 16.6 16.9 16.5 16.6 16.6
 17.0 17.1 17.1 16.7 16.8 16.3 16.6 16.8 16.9 17.1 16.8 17.0 17.2 17.3
 17.2 17.3 17.2 17.2 17.5 16.9 16.9 16.9 17.0 16.5 16.7 16.8 16.7 16.7
 16.6 16.5 17.0 16.7 16.7 16.9 17.4 17.1 17.0 16.8 17.2 17.2 17.4 17.2
 16.9 16.8 17.0 17.4 17.2 17.2 17.1 17.1 17.1 17.4 17.2 16.9 16.9 17.0
 16.7 16.9 17.3 17.8 17.8 17.6 17.5 17.0 16.9 17.1 17.2 17.4 17.5 17.9
 17.0 17.0 17.0 17.2 17.3 17.4 17.4 17.0 18.0 18.2 17.6 17.8 17.7 17.2
 17.4   

   300
SERIES 5.4 : WEEKLY SALES OF A PLASTIC CONTAINER ( JOHNSON ET AL 1974 )
(10F7.0)
    592   1204   1864   2508   3160   3792   4419   5023   5626   6250
   6903   7564   8223   8900   9569  10226  10823  11304  11785  12252
  12724  13339  13940  14514  15102  15648  16212  16725  17217  17839
  18463  19094  19718  20342  20966  21563  22167  22802  23431  24044
  24562  25131  25676  26205  26718  27215  27767  28389  28974  29502
  30022  30542  31044  31556  32092  32636  33196  33772  34347  34915
  35502  36078  36643  37219  37804  38381  38974  39513  40044  40634
  41237  41853  42430  42977  43529  44081  44657  45277  45917  46517
  47100  47692  48241  48802  49399  49992  50601  51214  51855  52499
  53127  53763  54387  54979  55591  56219  56843  57491  58127  58767
  59264  59777  60298  60779  61348  61942  62521  63041  63576  64082
  64550  65074  65594  66168  66664  67204  67711  68272  68837  69414
  70012  70617  71211  71701  72214  72740  73283  73889  74509  75115
  75743  76351  76971  77585  78169  78745  79309  79918  80563  81184
  81761  82318  82855  83384  83921  84476  85028  85647  86275  86889
  87493  88097  88737  89361  90017  90668  91313  91938  92575  93156
  93669  94182  94695  95201  95679  96183  96783  97397  97989  98603
  99223  99839 100478 101095 101724 102333 102902 103516 104157 104784
 105411 106026 106626 107214 107806 108418 109048 109688 110321 110961
 111586 112211 112828 113437 114038 114663 115288 115604 116519 117121
 117688 118280 118916 119548 120130 120647 121210 121773 122350 122947
 123540 124102 124705 125255 125769 126325 126893 127501 128133 128769
 129402 129994 130491 130996 131565 132142 132719 133280 133863 134435
 134997 135587 136187 136812 137424 138024 138648 139272 139909 140534
 141171 141768 142329 142878 143423 144000 144585 145168 145738 146294
 146832 147364 147920 148520 149128 149744 150342 150902 151407 151895
 152396 152885 153390 153939 154520 155129 155742 156374 157006 157648
 158295 158951 159655 160339 161039 161723 162410 163050 163698 164366
 165031 165680 166321 166934 167559 168193 168882 169580 170277 170954
 171602 172220 172952 173500 174136 174764 175364 175956 176560 177197

   200
SERIES 5.5 : DAILY DRY BULB TEMPERATURES (DEG.F) BEN NEVIS FEB.1-AUG.18 1884
(10F5.1)
 22.9 13.8 31.4 30.1 31.8 31.0 18.3 23.8 31.6 18.9
 18.8 31.8 31.1 27.0 23.0 19.9 21.5 23.8 22.8 24.8
 20.4 25.8 24.3 22.9 23.2 23.8 19.2 18.2 14.5 22.6
 20.1 18.6 24.9 25.2 30.1 29.4 23.3 20.4 17.6 14.7
 24.5 32.4 32.0 33.4 37.3 36.7 31.3 26.6 23.8 21.9
 26.9 25.0 25.8 30.5 25.1 21.7 20.7 21.2 22.4 24.2
 25.8 29.1 35.6 32.2 29.9 30.5 32.6 29.0 33.2 35.4
 32.8 27.4 25.3 27.6 29.3 26.7 24.5 23.2 30.7 26.5
 23.9 24.6 24.4 28.1 26.0 27.3 27.7 27.7 27.0 24.2
 26.3 25.7 25.3 27.9 27.5 25.0 23.6 31.6 35.7 35.2
 38.8 31.2 32.5 32.0 33.1 31.8 35.0 27.7 31.1 26.7
 30.9 38.7 41.8 45.6 36.0 38.5 46.1 46.0 42.5 35.3
 36.8 33.2 34.5 39.5 38.7 32.5 33.0 33.0 30.9 30.7
 37.0 36.8 34.7 35.7 31.7 32.0 37.9 42.4 38.2 35.3
 38.4 40.9 39.1 34.1 41.9 32.1 41.9 45.7 56.5 49.4
 46.3 50.9 47.1 50.9 53.9 50.9 45.9 43.1 45.0 48.3
 48.6 40.9 41.6 45.7 40.6 40.6 37.0 36.1 33.9 32.1
 34.1 34.2 41.9 39.8 35.1 31.9 34.9 39.8 39.0 42.9
 44.4 42.7 45.2 41.0 37.0 37.5 41.0 45.0 47.9 56.5
 55.6 54.2 52.5 52.4 44.9 40.9 41.1 44.8 46.7 49.4

   78
SERIES 5.6 : DOW JONES UTILITY INDEX AUG'72-DEC'72 (WALL STREET JOURNAL)
(10F7.2)
 110.94 110.69 110.43 110.56 110.75 110.84 110.46 110.56 110.46 110.05
 109.60 109.31 109.31 109.25 109.02 108.54 108.77 109.02 109.44 109.38
 109.53 109.89 110.56 110.56 110.72 111.23 111.48 111.58 111.90 112.19
 112.06 111.96 111.68 111.36 111.42 112.00 112.22 112.70 113.15 114.36
 114.65 115.06 115.86 116.40 116.44 116.88 118.07 118.51 119.28 119.79
 119.70 119.28 119.66 120.14 120.97 121.13 121.55 121.96 122.26 123.79
 124.11 124.14 123.37 123.02 122.86 123.02 123.11 123.05 123.05 122.83
 123.18 122.67 122.73 122.86 122.67 111.09 122.00 121.23

   178
SERIES 6.1 : MONTHLY EMPLOYEES METALS PROD. WISCONSIN '61-'75 R.B.MILLER
(12F5.1)
 31.1 29.5 31.0 31.5 32.0 32.8 32.8 33.1 33.6 33.4 33.5 33.5
 33.1 33.1 33.4 33.9 34.4 35.2 35.0 35.3 34.6 34.1 33.9 33.8
 33.6 33.8 34.0 34.4 34.7 35.4 35.5 35.5 35.2 34.5 34.4 34.3
 33.9 34.1 34.5 34.3 35.0 36.0 35.0 37.2 37.4 36.9 37.2 37.3
 37.2 37.6 36.0 38.8 38.8 39.5 39.6 40.1 39.4 38.9 39.5 39.2
 38.7 39.1 39.5 39.7 40.0 41.4 41.3 39.8 38.5 40.2 41.0 40.9
 40.5 40.3 40.4 40.3 40.4 41.8 41.1 42.1 40.8 40.5 40.6 40.7
 40.6 40.7 40.7 40.7 40.9 41.6 41.2 42.0 41.8 42.3 43.1 42.9
 42.6 43.1 43.3 43.5 43.9 45.7 45.6 46.5 45.3 45.2 45.3 45.0
 44.2 44.3 44.4 42.4 42.8 44.3 44.4 44.8 44.4 43.1 42.6 42.4
 42.2 41.8 40.1 42.0 42.4 43.1 42.4 43.1 43.2 42.8 43.0 42.8
 42.5 42.6 42.3 42.9 43.6 44.7 44.5 45.0 44.8 44.9 45.2 45.2
 45.0 45.5 46.2 46.8 47.5 48.3 48.3 49.1 48.9 49.4 50.0 50.0
 49.6 49.6 49.6 50.7 50.7 50.9 50.5 51.2 50.7 50.3 49.2 48.1
 46.6 45.3 44.6 44.0 43.7 43.8 43.0 43.6 44.0 45.0

   80
SERIES 6.2 : MONTHLY AV.DAILY CALLS TO DIRECTORY ASSISTANCE JAN.'62-DEC.'76
(12F4.0)
 350 339 351 364 369 331 331 340 346 341 357 398
 381 367 383 375 353 361 375 371 373 366 382 429
 406 403 429 425 427 409 402 409 419 404 429 463
 428 449 444 467 474 463 432 453 462 456 474 514
 489 475 492 525 527 533 527 522 526 513 564 599
 572 587 599 601 611 620 579 582 592 581 630 663
 638 631 645 682 601 595 521 521 516 496 538 575
 537 534 542 538 547 540 526 548 555 545 594 643
 625 616 640 625 637 634 621 641 654 649 662 699
 672 704 700 711 715 718 652 664 695 704 733 772
 716 712 732 755 761 748 748 750 744 731 782 810
 777 816 840 868 872 811 810 762 634 626 649 697
 657 549 162 177 175 162 161 165 170 172 178 186
 178 178 189 205 202 185 193 200 196 204 206 227
 225 217 219 236 253 213 205 210 216 218 235 241

   178
SERIES 6.3 : MONTHLY EMPLOYEES WHOLES./RETAIL WISCONSIN '61-'75 R.B.MILLER
(12F6.1)
 239.6 236.4 236.8 241.5 243.7 246.1 244.1 244.2 244.8 246.6 250.9 261.4
 237.6 235.7 236.1 242.6 244.5 246.6 245.7 247.7 248.9 251.4 255.9 263.7
 242.2 239.3 239.7 247.2 249.3 252.3 252.8 253.6 254.2 256.1 260.3 268.8
 250.1 247.9 249.0 253.8 258.3 261.3 261.3 261.9 263.3 267.3 270.6 281.5
 261.9 258.6 259.7 266.0 271.1 274.4 274.0 273.8 274.9 280.0 285.4 295.9
 275.4 273.6 275.9 281.1 285.2 289.1 289.2 288.9 291.1 295.3 300.2 310.9
 286.9 283.0 286.2 291.5 295.4 299.7 297.9 298.1 300.2 304.8 311.9 320.9
 298.3 295.5 297.2 302.7 306.7 309.1 308.7 309.9 310.8 314.7 321.2 329.0
 307.6 305.5 308.0 314.4 320.5 323.4 323.0 324.4 326.1 329.3 335.0 341.9
 321.8 317.3 318.6 323.4 327.1 327.9 325.3 325.7 330.0 333.5 337.1 341.3
 321.6 318.2 319.6 326.2 332.3 334.2 334.5 335.5 335.1 338.2 341.9 347.9
 329.5 326.4 329.1 337.2 344.6 349.9 351.0 353.8 354.5 357.4 362.1 367.5
 347.9 345.0 348.9 355.3 362.4 366.6 366.0 370.2 370.9 374.5 380.2 384.6
 360.6 354.4 357.4 367.0 375.7 381.0 381.2 383.0 384.3 387.0 391.7 396.0
 374.0 370.4 373.2 381.1 389.9 394.6 394.0 397.0 397.2 399.4

   77
SERIES 6.4 : MONTHLY SALES OF COMPANY X 1965-1971 C.CHATFIELD
(12F4.0)
 154  96  73  49  36  59  95 169 210 278 298 245
 200 118  90  79  78  91 167 169 289 347 375 203
 223 104 107  85  75  99 135 211 335 460 488 326
 346 261 224 141 148 145 223 272 445 560 612 467
 518 404 300 210 196 186 247 343 464 680 711 610
 613 392 273 322 189 257 324 404 677 858 895 664
 628 308 324 248 272

   240
SERIES 6.5 : MEAN MONTHLY AIR TEMP. (DEG.F) NOTTINGHAM CASTLE 1920-1939
(10F5.1)
 40.6 40.8 44.4 46.7 54.1 58.5 57.7 56.4 54.3 50.5
 42.9 39.8 44.2 39.8 45.1 47.0 54.1 58.7 66.3 59.9
 57.0 54.2 39.7 42.8 37.5 38.7 39.5 42.1 55.7 57.8
 56.8 54.3 54.3 47.1 41.8 41.7 41.8 40.1 42.9 45.8
 49.2 52.7 64.2 59.6 54.4 49.2 36.6 37.6 39.3 37.5
 38.3 45.5 53.2 57.7 60.8 58.2 56.4 49.8 44.4 43.6
 40.0 40.5 40.8 45.1 53.8 59.4 63.5 61.0 53.0 50.0
 38.1 36.3 39.2 43.4 43.4 48.9 50.6 56.8 62.5 62.0
 57.5 46.7 41.6 39.8 39.4 38.5 45.3 47.1 51.7 55.0
 60.4 60.5 54.7 50.3 42.3 35.2 40.8 41.1 42.8 47.3
 50.9 56.4 62.2 60.5 55.4 50.2 43.0 37.3 34.8 31.3
 41.0 43.9 53.1 56.9 62.5 60.3 59.8 49.2 42.9 41.9
 41.6 37.1 41.2 46.9 51.2 60.4 60.1 61.6 57.0 50.9
 43.0 38.8 37.1 38.4 38.4 46.5 53.5 58.4 60.6 58.2
 53.8 46.6 45.5 40.6 42.4 38.4 40.3 44.6 50.9 57.0
 62.1 63.5 56.2 47.3 43.6 41.8 36.2 39.3 44.5 48.7
 54.2 60.8 65.5 64.9 60.1 50.2 42.1 35.6 39.4 38.2
 40.4 46.9 53.4 59.6 66.5 60.4 59.2 51.2 42.8 45.8
 40.4 42.6 43.5 47.1 50.0 60.5 64.6 64.0 56.8 48.6
 44.2 36.4 37.3 35.0 44.0 43.9 52.7 58.6 60.0 61.1
 58.1 49.6 41.6 41.3 40.8 41.0 38.4 47.4 54.1 58.6
 61.4 61.8 56.3 50.9 41.4 37.1 42.1 41.2 47.3 46.6
 52.4 59.0 59.6 60.4 57.0 50.7 47.8 39.2 39.4 40.9
 42.4 47.8 52.4 58.0 60.7 61.8 58.2 46.7 46.6 37.8

   100
SERIES 6.6 : SIMULATED Z(T)=0.9.Z(T-1)+A(T) A(T)~IN(0,1) O.D.ANDERSON
(10F6.2)
 -0.26  1.32  2.56  2.08  1.81  1.40  1.17  1.33  0.14  0.45
  0.17  0.43 -2.42 -0.68 -1.52 -2.38 -2.48 -2.16 -3.42 -1.31
 -1.66 -2.30 -1.52  0.06 -1.18 -0.84  0.82  1.22  2.65  4.55
  5.99  4.84  6.04  6.23  5.75  5.74  3.71  1.78 -0.24 -0.76
  1.67  3.09  4.97  3.67  3.08  2.84  2.49  3.32  3.41  2.55
  2.33  1.34  1.03  1.10  1.61  1.18  0.67 -0.21 -0.37 -0.78
 -1.32 -1.37 -2.21 -1.43  0.49  0.44 -0.22 -1.72 -1.96 -2.77
 -3.27 -4.19 -3.03 -2.55 -2.53 -1.57 -3.01 -2.17 -1.96 -3.81
 -3.70 -2.47 -4.30 -3.40 -1.75 -1.53 -1.74 -1.39 -0.51 -0.69
  1.50  1.98  2.22  1.98  3.05  2.92  1.99  1.78  0.46  0.54

   100
SERIES 6.7 : WEEKLY DEMAND FOR A PLASTIC CONTAINER ( MONTGOMERY & JOHNSON)
(12F5.0)
 5000 4965 4496 4491 4566 4585 4724 4951 4917 4888 5087 5082
 5039 5054 4940 4913 4871 4901 4864 4750 4856 4959 5004 5415
 5550 5657 6010 6109 6052 6391 6798 6740 6778 7005 7045 7279
 7367 6934 6506 6374 6066 6102 6204 6138 5938 5781 5813 5811
 5818 5982 6132 6111 5948 6056 6342 6626 6591 6302 6132 5837
 5572 5744 6005 6239 6523 6652 6585 6622 6754 6712 6675 6882
 7011 7140 7197 7411 7233 6958 6960 6927 6814 6757 6765 6870
 6954 6551 6022 5974 6052 6033 6030 5944 5543 5416 5571 5571
 5627 5679 5455 5443

   168
SERIES 6.8' : MONTHLY HOTEL OCCUPIED ROOM AV. '63-'76 B.L.BOWERMAN et al
(12F5.0)
  501  488  504  578  545  632  728  725  585  542  480  530
  518  489  528  599  572  659  739  758  602  587  497  558
  555  523  532  623  598  683  774  780  609  604  531  592
  578  543  565  648  615  697  785  830  645  643  551  606
  585  553  576  665  656  720  826  838  652  661  584  644
  623  553  599  657  680  759  878  881  705  684  577  656
  645  593  617  686  679  773  906  934  713  710  600  676
  645  602  601  709  706  817  930  983  745  735  620  698
  665  626  649  740  729  824  937  994  781  759  643  728
  691  649  656  735  748  837  995 1040  809  793  692  763
  723  655  658  761  768  885 1067 1038  812  790  692  782
  758  709  715  788  794  893 1046 1075  812  822  714  802
  748  731  748  827  788  937 1076 1125  840  864  717  813
  811  732  745  844  833  935 1110 1124  868  860  762  877

    168
 SERIES 6.8 : NATURAL LOGARITHMS : MONTHLY HOTEL OCCUPIED ROOM
(6E12.5)
  .62166e+01  .61903e+01  .62226e+01  .63596e+01  .63008e+01  .64489e+01
  .65903e+01  .65862e+01  .63716e+01  .62953e+01  .61738e+01  .62729e+01
  .62500e+01  .61924e+01  .62691e+01  .63953e+01  .63491e+01  .64907e+01
  .66053e+01  .66307e+01  .64003e+01  .63750e+01  .62086e+01  .63244e+01
  .63190e+01  .62596e+01  .62766e+01  .64345e+01  .63936e+01  .65265e+01
  .66516e+01  .66593e+01  .64118e+01  .64036e+01  .62748e+01  .63835e+01
  .63596e+01  .62971e+01  .63368e+01  .64739e+01  .64216e+01  .65468e+01
  .66657e+01  .67214e+01  .64693e+01  .64661e+01  .63117e+01  .64069e+01
  .63716e+01  .63154e+01  .63561e+01  .64998e+01  .64862e+01  .65793e+01
  .67166e+01  .67310e+01  .64800e+01  .64938e+01  .63699e+01  .64677e+01
  .64345e+01  .63154e+01  .63953e+01  .64877e+01  .65221e+01  .66320e+01
  .67776e+01  .67811e+01  .65582e+01  .65280e+01  .63578e+01  .64862e+01
  .64693e+01  .63852e+01  .64249e+01  .65309e+01  .65206e+01  .66503e+01
  .68090e+01  .68395e+01  .65695e+01  .65653e+01  .63969e+01  .65162e+01
  .64693e+01  .64003e+01  .63986e+01  .65639e+01  .65596e+01  .67056e+01
  .68352e+01  .68906e+01  .66134e+01  .65999e+01  .64297e+01  .65482e+01
  .64998e+01  .64394e+01  .64754e+01  .66067e+01  .65917e+01  .67142e+01
  .68427e+01  .69017e+01  .66606e+01  .66320e+01  .64661e+01  .65903e+01
  .65381e+01  .64754e+01  .64862e+01  .65999e+01  .66174e+01  .67298e+01
  .69027e+01  .69470e+01  .66958e+01  .66758e+01  .65396e+01  .66373e+01
  .65834e+01  .64846e+01  .64892e+01  .66346e+01  .66438e+01  .67856e+01
  .69726e+01  .69451e+01  .66995e+01  .66720e+01  .65396e+01  .66619e+01
  .66307e+01  .65639e+01  .65723e+01  .66695e+01  .66771e+01  .67946e+01
  .69527e+01  .69801e+01  .66995e+01  .67117e+01  .65709e+01  .66871e+01
  .66174e+01  .65944e+01  .66174e+01  .67178e+01  .66695e+01  .68427e+01
  .69810e+01  .70255e+01  .67334e+01  .67616e+01  .65751e+01  .67007e+01
  .66983e+01  .65958e+01  .66134e+01  .67382e+01  .67250e+01  .68405e+01
  .70121e+01  .70246e+01  .67662e+01  .67569e+01  .66359e+01  .67765e+01

   100
SERIES 6.9 :  CHEMICAL PROCESS : VISCOSITY DATA (MONTGOMERY & JOHNSON)
(12F6.3)
 29.33 19.98 25.76 29.00 31.03 32.68 33.56 27.50 26.75 30.55 28.94 28.50
 28.19 26.13 27.79 27.63 29.89 28.18 26.65 30.01 30.80 30.45 36.61 31.40
 30.83 33.22 30.15 27.08 33.66 36.58 29.04 28.08 30.28 29.35 33.60 30.29
 20.11 17.51 23.71 24.22 32.43 32.44 29.39 23.45 23.62 28.12 29.94 30.56
 32.30 31.58 27.99 24.13 29.20 34.30 26.41 28.78 21.28 21.71 21.47 24.71
 33.61 36.54 35.70 33.68 29.29 25.12 27.23 30.61 29.06 28.48 32.01 31.89
 31.72 29.02 31.92 24.28 22.69 26.60 28.86 28.27 28.17 28.58 30.76 30.62
 20.84 16.57 25.23 31.79 32.52 30.28 26.14 19.03 24.34 31.53 31.95 31.68
 29.10 23.15 26.74 32.44

   118
SERIES 6.10 : MONTHLY BOSTON ARMED ROBBERIES JAN'66-OCT'75 DEUTSCH, ALT '77
(12F4.0)
  41  39  50  40  43  38  44  35  39  35  29  49
  50  59  63  32  39  47  53  60  57  52  70  90
  74  62  55  84  94  70 108 139 120  97 126 149
 158 124 140 109 114  77 120 133 110  92  97  78
  99 107 112  90  98 125 155 190 236 189 174 178
 136 161 171 149 184 155 276 224 213 279 268 287
 238 213 257 293 212 246 353 339 308 247 257 322
 298 273 312 249 286 279 309 401 309 328 353 354
 327 324 285 243 241 287 355 460 364 487 452 391
 500 451 375 372 302 316 398 394 431 431

    118
 SERIES 6.10 : NATURAL LOGARITHMS : MONTHLY BOSTON ARMED ROBBERIES
(6E12.5)
  .37136e+01  .36636e+01  .39120e+01  .36889e+01  .37612e+01  .36376e+01
  .37842e+01  .35553e+01  .36636e+01  .35553e+01  .33673e+01  .38918e+01
  .39120e+01  .40775e+01  .41431e+01  .34657e+01  .36636e+01  .38501e+01
  .39703e+01  .40943e+01  .40431e+01  .39512e+01  .42485e+01  .44998e+01
  .43041e+01  .41271e+01  .40073e+01  .44308e+01  .45433e+01  .42485e+01
  .46821e+01  .49345e+01  .47875e+01  .45747e+01  .48363e+01  .50039e+01
  .50626e+01  .48203e+01  .49416e+01  .46913e+01  .47362e+01  .43438e+01
  .47875e+01  .48903e+01  .47005e+01  .45218e+01  .45747e+01  .43567e+01
  .45951e+01  .46728e+01  .47185e+01  .44998e+01  .45850e+01  .48283e+01
  .50434e+01  .52470e+01  .54638e+01  .52417e+01  .51591e+01  .51818e+01
  .49127e+01  .50814e+01  .51417e+01  .50039e+01  .52149e+01  .50434e+01
  .56204e+01  .54116e+01  .53613e+01  .56312e+01  .55910e+01  .56595e+01
  .54723e+01  .53613e+01  .55491e+01  .56802e+01  .53566e+01  .55053e+01
  .58665e+01  .58260e+01  .57301e+01  .55094e+01  .55491e+01  .57746e+01
  .56971e+01  .56095e+01  .57430e+01  .55175e+01  .56560e+01  .56312e+01
  .57333e+01  .59940e+01  .57333e+01  .57930e+01  .58665e+01  .58693e+01
  .57900e+01  .57807e+01  .56525e+01  .54931e+01  .54848e+01  .56595e+01
  .58721e+01  .61312e+01  .58972e+01  .61883e+01  .61137e+01  .59687e+01
  .62146e+01  .61115e+01  .59269e+01  .59189e+01  .57104e+01  .57557e+01
  .59865e+01  .59764e+01  .60661e+01  .60661e+01

   100 
SERIES 6.12 : ANNUAL SWEDISH POPULATION RATES(1000's) 1750-1849  THOMAS
(12F4.0)
   9  12   8  12  10  10   8   2   0   7  10   9
   4   1   7   5   8   9   5   5   6   4  -9 -27
  12  10  10   8   8   9  14   7   4   1   1   2
   6   7   7  -2  -1   7  12  10  10   4   9  10
   9   5   4   3   7   7   6   8   3   4  -5 -14
   1   6   3   2   6   1  13  10  10   6   9  10
  13  16  14  16  12   8   7   6   9   4   7  12
   8  14  11   5   5   5  10  11  11   9  12  13
   8   6  10  13

   80 
SERIES 6.13 : QUARTERLY U.S. GNP (BILLIONS) 1947-1966 C.R.NELSON
(15F4.0)
 224 228 232 242 248 256 263 264 259 255 257 255 266 275 293
 305 318 326 333 337 340 339 346 358 364 368 366 361 361 360
 365 373 386 394 403 409 411 416 421 430 437 440 446 442 435
 438 451 464 474 487 484 491 503 505 504 503 504 515 524 538
 548 557 564 572 577 584 595 606 618 628 639 645 663 676 691
 710 730 743 756 771

   178 
SERIES 6.14 : MONTHLY SALES PRINTING/WRITING PAPER FRANCE '63-'72 MAKRIDAKIS
(12F6.2)
 56.27 59.90 66.85 59.78 57.99 66.82 49.92 21.52 55.58 58.69 54.61 57.11
 63.47 63.93 71.22 62.16 62.10 67.60 50.13 22.03 56.07 60.25 62.64 60.55
 64.68 65.84 71.29 68.77 72.39 70.72 62.90 23.75 61.33 73.04 73.49 65.18
 67.62 74.82 81.07 72.94 70.11 79.01 59.46 23.07 61.72 69.14 70.11 70.58
 74.76 77.34 81.38 76.67 72.89 74.92 68.10 24.14 68.02 70.83 69.42 77.21
 79.53 78.84 89.00 79.74 75.10 82.13 69.16 29.07 72.71 86.84 81.24 79.96
 84.30 84.70 94.20 80.43 84.03 87.15 65.63 37.05 74.20 84.72 73.17 89.85
 77.81 85.61 93.88 81.30 78.34 82.81 65.73 31.00 78.00 86.00 78.00 80.80
 89.52 85.61 89.33 87.50 83.51 93.46 83.25 30.00 79.14 90.00 78.17 88.00
 87.50 99.30 97.68 96.87 87.17100.69 83.20 34.56 84.95 91.39 86.87 99.37
 
