Pankratz (1983)

   60
 QUARTERLY CHANGE IN BUSINESS INVENTORIES (BILLIONS) 1955-1969
(12F5.1)
  4.4  5.8  6.7  7.1  5.7  4.1  4.6  4.3  2.0  2.2  3.6 -2.2
 -5.1 -4.9  0.1  4.1  3.8  9.9  0.0  6.5 10.8  4.1  2.7 -2.9
 -2.9  1.5  5.7  5.0  7.9  6.8  7.1  4.1  5.5  5.1  8.0  5.6
  4.5  6.1  6.7  6.1 10.6  8.6 11.6  7.6 10.9 14.6 14.5 17.4
 11.7  5.8 11.5 11.7  5.0 10.0  8.9  7.1  8.3 10.2 13.3  6.2

   100
 PERSONAL SAVING AS % OF DISPOSABLE INCOME 1955-1979
(15F4.1)
 4.9 5.2 5.7 5.7 6.2 6.7 6.9 7.1 6.6 7.0 6.9 6.4 6.6 6.4 7.0
 7.3 6.0 6.3 4.8 5.3 5.4 4.7 4.9 4.4 5.1 5.3 6.0 5.9 5.9 5.6
 5.3 4.5 4.7 4.6 4.3 5.0 5.2 6.2 5.8 6.7 5.7 6.1 7.2 6.5 6.1
 6.3 6.4 7.0 7.6 7.2 7.5 7.0 7.6 7.2 7.5 7.8 7.2 7.5 5.6 5.7
 4.9 5.1 6.2 6.0 6.1 7.5 7.8 8.0 8.0 8.1 7.6 7.1 6.6 5.6 5.9
 6.6 6.8 7.8 7.9 8.7 7.7 7.3 6.7 7.5 6.4 9.7 7.5 7.1 6.4 6.0
 5.7 5.0 4.2 5.1 5.4 5.1 5.3 5.0 4.8 4.7 5.0 5.4 4.3 3.5

   96
 MONTHLY BITUMINOUS COAL PRODUCTION IN U.S.A. 1952-1959
(12F6.0)
 47730 46704 41535 41319 36962 32558 31995 32993 44834 29883 39611 40099
 38051 36927 37272 39457 38097 40226 43589 39088 39409 37226 34421 34975
 32710 31885 32106 30029 29501 31620 34205 32153 32764 33230 35636 35550
 34529 37498 37229 36021 38281 36676 44541 40850 38404 37575 41476 42267
 43062 45036 43769 42298 44412 40498 37830 42294 38330 43554 42579 36911
 42541 42430 43465 44468 43597 40774 42573 41635 39030 41572 37027 34732
 36817 34295 33218 32034 31417 35719 30001 33096 35196 36550 33463 37195
 34748 36461 35754 36943 35854 37912 30095 28931 31020 31746 34613 37901

   84
 NEW PRIVATE HOUSING PERMITS ( QUARTERLY 1947-1967 )
(12F6.1)
  83.3  83.2 105.3 117.7 104.6 108.8  93.9  86.1  83.0 102.4 119.6 141.4
 158.6 161.3 158.2 136.1 121.9  97.7 103.3  92.7 106.8 102.1 110.3 114.1
 109.1 105.4  97.6 100.7 102.7 110.9 120.2 131.3 138.8 130.9 123.1 110.8
 108.8 103.8  97.0  93.2  89.7  89.9  90.2  89.6  85.8  96.9 112.7 122.7
 119.8 117.4 111.9 104.7  98.3  94.9  93.3  90.9  91.9  97.2 104.7 107.7
 108.2 110.7 113.2 114.6 112.2 120.2 122.1 126.6 122.3 115.9 116.9 110.1
 110.4 108.9 112.1 117.6 112.2  96.0  78.0  66.9  83.5  95.8 107.7 113.7

   56 
 QUARTERLY FREIGHT (CLASS I RAILROADS,U.S.A.,BILLIONS TON-MILES) 1965-1978
(12F6.1)
 166.8 172.8 178.3 180.3 182.6 184.2 188.9 184.4 181.7 178.5 177.6 181.0
 186.5 185.7 186.4 186.3 189.3 190.6 191.7 196.1 189.3 192.6 192.1 189.4
 189.7 191.9 182.0 175.7 192.0 192.8 193.3 200.2 208.8 211.4 214.4 216.3
 221.8 217.1 214.0 202.4 191.7 183.9 185.2 194.5 195.8 198.0 200.9 199.0
 200.6 209.5 208.4 206.7 193.3 197.3 213.7 225.1

   52
 WEEKLY CLOSING PRICE OF AT&T COMMON SHARES 1979
(10F7.3)
 61.000 61.625 61.000 64.000 63.750 63.375 63.875 61.875 61.500 61.625
 62.125 61.625 61.000 61.875 61.625 59.625 58.750 58.750 58.250 58.500
 57.750 57.125 57.750 58.875 58.000 57.875 58.000 57.125 57.250 57.375
 57.125 57.500 58.375 58.125 56.625 56.250 56.250 55.125 55.000 55.125
 53.000 52.375 52.875 53.500 53.375 53.375 53.500 53.750 54.000 53.125
 51.875 52.250

   70
 REAL-ESTATE LOANS (BILLIONS) ( MONTHLY : JAN.1973-OCT.1967 )
(14F5.1)
 46.5 47.0 47.5 48.3 49.1 50.1 51.1 52.0 53.2 53.9 54.5 55.2 55.6 55.7
 56.1 56.8 57.5 58.3 58.9 59.4 59.8 60.0 60.0 60.3 60.1 59.7 59.5 59.4
 59.3 59.2 59.1 59.0 59.3 59.5 59.5 59.5 59.7 59.7 60.5 60.7 61.3 61.4
 61.8 62.4 62.4 62.9 63.2 63.4 63.9 64.5 65.0 65.4 66.3 67.7 69.0 70.0
 71.4 72.5 73.4 74.6 75.2 75.9 76.8 77.9 79.2 80.5 82.6 84.4 85.9 87.6

   90
 % TIME THAT PARTS FOR INDUSTRIAL PROJECT AVAILABLE WHEN NEEDED (WEEKLY)
(14F5.1)
 80.4 83.9 82.6 77.9 83.5 80.8 78.5 79.3 81.2 81.1 78.2 80.9 77.9 81.5
 81.4 78.9 76.2 79.4 81.4 80.0 79.9 80.5 79.7 81.4 82.4 83.1 80.4 82.9
 82.7 84.9 84.4 83.7 84.5 84.6 85.2 85.2 80.1 86.5 81.8 84.4 84.2 84.1
 83.2 83.9 86.0 82.2 81.2 83.7 82.7 84.8 81.2 83.8 86.4 81.6 83.6 85.9
 79.8 80.8 78.7 80.6 79.4 77.9 80.4 79.4 83.2 81.0 81.7 81.2 79.1 80.0
 81.5 83.8 82.2 82.4 79.9 82.3 83.2 81.3 82.4 82.2 82.0 83.7 84.6 85.7
 85.1 84.5 85.6 84.7 79.9 88.9
 
