Tong (1983)

   280
TONG : ANNUAL SUNSPOT NUMBERS 1700-1979
(12F6.1)
   5.0  11.0  16.0  23.0  36.0  58.0  29.0  20.0  10.0   8.0
   3.0   0.0   0.0   2.0  11.0  27.0  47.0  63.0  60.0  39.0
  28.0  26.0  22.0  11.0  21.0  40.0  78.0 122.0 103.0  73.0
  47.0  35.0  11.0   5.0  16.0  34.0  70.0  81.0 111.0 101.0
  73.0  40.0  20.0  16.0   5.0  11.0  22.0  40.0  60.0  80.9
  83.4  47.7  47.8  30.7  12.2   9.6  10.2  32.4  47.6  54.0
  62.9  85.9  61.2  45.1  36.4  20.9  11.4  37.8  69.8 106.1
 100.8  81.6  66.5  34.8  30.6   7.0  19.8  92.5 154.4 125.9
  84.8  68.1  38.5  22.8  10.2  24.1  82.9 132.0 130.9 118.1
  89.9  66.6  60.0  46.9  41.0  21.3  16.0   6.4   4.1   6.8
  14.5  34.0  45.0  43.1  47.5  42.2  28.1  10.1   8.1   2.5
   0.0   1.4   5.0  12.2  13.9  35.4  45.8  41.1  30.1  23.9
  15.6   6.6   4.0   1.8   8.5  16.6  36.3  49.6  64.2  67.0
  70.9  47.8  27.5   8.5  13.2  56.9 121.5 138.3 103.2  85.7
  64.6  36.7  24.2  10.7  15.0  40.1  61.5  98.5 124.7  96.3
  66.6  64.5  54.1  39.0  20.6   6.7   4.3  22.7  54.8  93.8
  95.8  77.2  59.1  44.0  47.0  30.5  16.3   7.3  37.6  74.0
 139.0 111.2 101.6  66.2  44.7  17.0  11.3  12.4   3.4   6.0
  32.3  54.3  59.7  63.7  63.5  52.2  25.4  13.1   6.8   6.3
   7.1  35.6  73.0  85.1  78.0  64.0  41.8  26.2  26.7  12.1
   9.5   2.7   5.0  24.4  42.0  63.5  53.8  62.0  48.5  43.9
  18.6   5.7   3.6   1.4   9.6  47.4  57.1 103.9  80.6  63.6
  37.6  26.1  14.2   5.8  16.7  44.3  63.9  69.0  77.8  64.9
  35.7  21.2  11.1   5.7   8.7  36.1  79.7 114.4 109.6  88.8
  67.8  47.5  30.6  16.3   9.6  33.2  92.6 151.6 136.3 134.7
  83.9  69.4  31.5  13.9   4.4  38.0 141.7 190.2 184.8 159.0
 112.3  53.9  37.5  27.9  10.2  15.1  47.0  93.8 105.9 105.5
 104.5  66.6  68.9  38.0  34.5  15.5  12.6  27.5  92.5 155.4

   64
TONG : ANNUAL MINK TRAPPINGS 1848-1911
(10F7.0)
  37123  34712  29619  21151  24859  25152  42375  50839  61581  61951
  76231  63264  44730  31094  49452  43961  61727  60334  51404  58451
  73575  74343  27708  31985  39266  44740  60429  72273  79214  79060
  84244  62590  35072  36160  45600  47508  52290 110824  76503  64303
  83023  40748  35396  29479  42264  58171  50815  51285  70229  76365
  70407  41839  45978  47813  57620  66549  54673  55996  60053  39169
  21534  17857  21788  33008

   64
TONG : ANNUAL MUSKRAT TRAPPINGS 1848-1911
(8F8.0)
  224347  179075  175472  194682  292530  493952  512291  345626
  258806  302267  313502  254246  177291  206020  335385  357060
  509769  418370  320824  412164  618081  404173  232251  443999
  704789  767896  671982  523802  583319  437121  486030  499727
  478078  829034 1029296 1069183 1083067  817003  347050  380132
  344878  223614  322160  574742  806103  934646  648687  674811
  813159  551716  568934  701487  767741  928199 1650214 1488287
  924439 1056253  695070  407472  172418  302195  749142  963597

   366
TONG : HVERAVELLIR : 1972 : DAILY TEMPERATURE (DEGREES CENTIGRADE)
(12F6.1)
    .9   1.6    .1    .6   2.0    .8   1.4   1.3   2.2    .1   3.0   -.2
  -2.6  -3.8    .9   1.9   -.4  -6.0  -5.0  -4.6  -5.3  -7.3  -8.5  -9.9
 -13.1 -10.2  -8.7    .4   1.9    .8  -1.6   -.9    .5  -4.1  -2.8  -2.6
  -3.3  -2.8  -7.6  -5.8  -6.4  -5.9  -5.3  -8.6 -12.6 -15.3  -7.4    .5
   1.1  -2.4   -.7  -4.5   -.6    .3    .2    .7    .8   2.3    .1   1.1
  -1.4   -.6    .3  -1.1  -3.6  -1.9    .1   -.4  -3.9  -1.2  -4.0  -4.8
  -7.8  -3.1  -4.6   2.2   1.0  -1.6  -3.2    .1  -5.2  -6.5  -5.3    .0
  -6.8  -6.9  -5.0  -9.4  -9.4 -10.4  -8.4    .9  -7.0 -11.7  -9.0  -7.9
  -8.4  -9.8 -13.4  -2.8  -1.2  -1.6   -.2  -2.6  -3.6  -2.1    .1    .1
    .5    .9   1.0    .7   2.4   3.0   2.7    .0   -.2   -.3  -3.2  -6.8
  -6.8  -6.4  -3.1   -.5    .8   2.2   3.0   4.7   4.0   3.5   4.4   4.3
   4.0   2.9   1.8   1.8   1.6   1.6   1.8   3.4   4.5   5.8   3.3   4.8
   4.1   4.2   1.6   1.1   1.6   2.4   2.5   1.7   2.2   4.1   3.1   3.4
   5.5   2.2   3.3   5.6   6.3   6.1   6.2   8.5   5.5   7.0   4.7   2.3
   1.3   -.2   1.3   2.9   4.5   5.9   4.4   2.2   4.4   4.4   3.4   5.2
   6.2   6.5   7.0   6.1   1.9   3.5   6.9   6.2   6.4   6.5   6.7   6.7
   7.6   6.1   5.1   3.6   4.8   7.5   6.1   6.8   6.7   7.9   7.0   5.8
   6.0   6.1   7.5   7.8   9.1   7.1   6.4   6.8   7.4   6.7   3.7   4.7
   3.4   1.4   2.6   2.5   3.2   5.8   7.2   6.2   8.9   7.2   5.5   4.4
   4.9   4.7   4.4   3.5   4.2   5.0   5.2   5.5   3.6   3.4   6.5   6.4
   8.8   6.1   4.3   4.5   6.9   4.8   5.8   6.0   2.6  -1.7   -.8   -.8
    .1   -.1   2.0   2.6   3.8   7.3   6.3   4.6   6.2   4.2   4.7   4.3
   3.1   3.8   7.2   4.6   6.4   6.1   4.5   4.2   2.9   1.1    .9   2.1
   1.0    .6   5.3   1.7    .1  -1.1  -2.4  -5.8   1.7   2.4    .6  -1.4
   2.1  -1.6   -.2   2.6    .7   2.3  -1.3  -2.5  -4.9  -4.4  -4.7  -5.4
  -4.4   1.3   1.4  -1.3  -1.7  -2.9  -2.8  -2.9  -2.3  -3.1   -.5  -4.3
  -7.1  -7.5  -4.7  -5.0  -6.4  -8.5 -10.4 -15.2 -10.6  -9.3  -8.0  -7.9
  -7.8  -8.9 -14.2  -3.6   -.1  -2.4    .2  -1.3  -6.1  -5.7  -5.0  -4.2
  -3.8  -6.3  -7.0  -6.2  -6.3  -5.4 -11.0  -8.5  -5.6  -9.5  -3.7  -3.7
  -3.2  -3.8   1.3   3.5   2.5    .9  -1.5  -3.2  -4.9  -6.1  -3.4   1.4
  -6.2  -5.2  -7.4  -3.0  -4.1  -6.5

   366
TONG : HVERAVELLIR : 1972 : DAILY PRECIPITATION (MM)
(12F6.1)
   8.1   4.4   7.0    .0    .0    .0   1.9   1.2    .0    .1    .0    .2
   1.8    .2    .2    .2   1.5   9.2   1.0    .2    .4   2.5   3.3    .2
    .1    .0    .0   4.8  19.4    .9    .1    .0    .0    .0    .0    .2
    .1    .1    .0   3.8    .0    .1    .1    .1    .2    .0    .0   2.9
   2.1   6.7  11.2   6.1   2.1  42.2  12.5    .1    .3    .3    .2    .0
   1.2    .1    .5    .0    .0    .0   1.7    .5   1.8   2.1  16.1    .6
    .2   4.0   4.0   1.3  22.4  35.7   8.7   1.2    .3    .1   1.1   6.5
   7.0    .6    .2    .2    .1    .0    .0    .0   3.3    .3    .1    .1
    .0   1.6    .3   1.9    .0    .0    .3   1.3    .1    .0   1.7    .1
    .1    .1    .2    .0    .1    .1    .2    .1    .1    .2   3.7    .1
    .0    .0    .0    .0   1.8  20.7    .1    .1    .0    .0    .1    .0
    .0    .0    .2    .2   5.6   1.8   7.0    .3    .1    .2    .0    .0
    .0    .0    .1    .2    .8    .0    .0    .2    .2   2.6   3.8   1.8
    .1    .6    .4    .0    .5    .0    .0   1.3    .0   4.4   1.2  13.8
    .0    .9    .3    .3    .6    .3   2.4   8.4   6.3   2.2   4.4   1.6
   7.0   2.2   1.7    .6  13.6   2.2   1.1    .1   2.6  11.4    .7   5.1
    .1    .4   3.2  10.2   4.2   8.4    .0   2.8    .0   7.2   2.5   4.8
    .0    .0    .0   1.4   2.9   5.5    .0    .0    .0    .0    .2    .0
    .0   1.9   1.3    .1    .1    .0    .0    .0    .4   8.0  10.8   3.6
    .1    .1    .1  14.8   5.4    .1   5.3    .2    .3    .2   5.0   4.9
   2.1   6.0   3.9    .2   7.5    .6    .0    .4   1.8    .1    .0    .0
    .0    .0    .0   1.9   1.7    .1    .4    .0   1.2   1.2   1.3   7.0
    .2   2.6    .9  25.0    .6    .0   3.3   1.0   5.4   5.2    .2    .7
  11.3    .0   6.2   6.5    .0   9.6    .0    .6   3.7  54.0   3.4    .1
   1.5  16.2    .0    .1    .0    .0   4.3    .2    .3   1.0    .0    .1
    .1  24.9   3.5   1.2   2.9    .0   2.2    .7   3.7    .4   3.8   6.7
    .2    .0    .8   2.4    .5    .3    .2    .3    .2    .0   1.1    .4
    .2    .9    .2    .0   9.9  18.0  14.3    .8   4.1   4.6   1.9    .0
   1.3    .0    .0    .0    .0    .1    .1    .0    .0    .2    .1    .0
    .0    .5    .0   1.9   2.3  18.5  10.8   8.4   4.2   1.4    .0   2.6
  11.7    .2    .8   2.2   9.1    .6

   365
TONG : HVERAVELLIR : 1973 : DAILY TEMPERATURE (DEGREES CENTIGRADE)
(12F6.1)
   -.5   -.7   -.2   -.1    .2    .2    .2    .2    .3    .3    .1    .1
   -.2   -.1    .1   -.5   -.6    .0   -.4    .2   -.2   -.2   -.3   -.4
   -.6  -1.1   -.6   -.1   -.2   -.5  -1.0   -.3   -.5    .0   -.3   -.5
   -.5  -1.5  -1.3  -1.2  -1.0   -.4  -1.4  -1.5  -1.5  -1.1   -.5   -.3
  -1.0   -.6   -.2   -.6  -1.1  -1.5  -1.8  -1.0  -1.1   -.3   -.4   -.5
   -.3   -.6   -.8  -1.1   -.7    .0   -.1   -.6   -.3    .1    .1    .1
    .1    .0    .2    .0    .2    .2    .1    .1   -.3  -1.0  -1.3  -1.1
   -.1   -.6   -.7   -.5  -1.4  -1.6  -1.7  -1.6   -.5   -.8   -.7   -.7
   -.7   -.2    .2    .2    .3    .3    .1    .2    .0   -.2    .1    .3
    .2    .2    .2    .1    .2    .2    .0   -.2   -.8   -.7   -.8   -.5
   -.6   -.7   -.3   -.1    .0    .0    .0   -.3   -.4   -.4   -.3   -.5
   -.4    .0    .2    .2    .2    .0    .2    .4    .3    .3    .3    .2
    .3    .3    .2    .2   -.1   -.1   -.1   -.1   -.1    .2    .3    .2
    .2    .1    .2    .0   -.2   -.3   -.2   -.1    .3    .3    .7    .7
    .6    .4    .4    .6    .7    .6    .6    .5    .4    .4    .5    .5
    .2    .2    .3    .5    .5    .3    .6    .4    .5    .7    .9   1.0
    .8    .9   1.2   1.0    .8   1.0   1.0    .8    .8   1.0   1.0   1.1
   1.1   1.0    .8    .6    .7    .5    .4    .7    .8    .6    .7    .6
    .5    .3    .2    .4    .4    .5    .5    .6    .7    .6    .9    .7
    .2    .2    .3    .4    .5    .8   1.0   1.0   1.0    .9    .7    .8
    .7    .7    .6    .5    .4    .4    .4    .5    .3    .4    .1    .2
    .5    .8    .9    .8    .7    .7    .7    .9    .8    .5    .2    .2
    .2    .4    .3    .2    .1    .0   -.1    .0    .3    .6    .7    .4
    .2    .5    .6    .4    .0   -.4   -.4   -.1   -.4   -.1   -.5   -.7
   -.7  -1.0   -.8   -.3   -.5   -.2    .2    .0    .1    .0   -.1   -.3
   -.3    .2    .4    .0    .0   -.1   -.4   -.8  -1.1   -.3    .1   -.1
   -.5   -.9   -.6   -.4   -.9  -1.0  -1.6  -1.6  -1.5  -1.3  -1.2   -.2
   -.2  -1.1  -1.7  -1.8  -1.6   -.9   -.5   -.7   -.6   -.4    .0    .0
   -.3   -.3   -.6  -1.5  -1.6   -.5   -.4  -1.1  -1.1   -.8  -1.9  -1.5
   -.6  -1.2  -2.2  -2.1  -1.4  -1.3  -1.6  -1.5  -1.7   -.7   -.5   -.5
   -.9   -.8  -1.2  -1.3  -1.1

   365
TONG : HVERAVELLIR : 1973 : DAILY PRECIPITATION (MM)
(12F6.1)
    .3    .1    .1    .6    .1    .3   1.5    .6    .4    .0    .0    .2
    .2    .0    .0    .2    .1    .1    .9    .1    .0    .1    .1    .2
    .0    .0    .0    .9    .0    .1    .0    .0    .8   1.4   1.1    .1
    .7    .0    .2    .1    .0    .9    .1    .2    .2    .1    .1    .3
   1.1    .2    .3   1.1    .0    .0    .0    .0    .0    .3    .7    .4
    .0    .2    .1    .0    .0    .2   2.1    .0    .0   2.4    .5    .0
    .0   1.0    .3    .0    .0    .0    .0    .8    .6    .0    .1    .0
    .4   1.3    .0    .3    .2    .0    .0    .0    .0    .4    .0    .0
    .0    .0    .0    .0    .0    .0    .0    .1    .1    .1    .1    .2
    .0    .0    .1    .0    .0    .0    .0    .0    .0    .0    .0    .0
    .0    .0    .0    .0    .0    .0    .0    .3    .0    .0    .0    .0
    .0    .1    .1   1.6   1.6    .0    .0    .0    .0    .0    .0    .0
    .0    .6    .0    .2    .2    .0    .0    .0    .0    .1    .0    .3
    .0    .2    .1    .0    .1    .1    .0    .0    .0    .2   1.4    .2
    .4   1.1    .0    .1    .3    .3    .0    .0    .9    .2    .2    .2
    .0    .0    .2    .4    .4    .0   1.2    .0    .0    .1    .0    .0
    .0    .0    .9    .0    .0    .0    .0    .0    .0    .0    .0    .0
    .0    .0    .0    .2    .0    .1    .0    .0    .0    .0   1.1    .1
    .1   2.2    .2    .0    .1   1.0    .5    .0   1.4    .3    .3    .0
    .0    .0    .0    .0    .0    .0    .0    .0    .3    .6    .0    .9
    .4    .0    .1    .9    .0    .1    .1    .0    .1    .0    .0    .0
    .0    .0    .0    .0    .4    .0    .0    .0    .2    .0    .0    .1
    .0    .0    .6   1.8   1.2    .2    .0    .0    .0    .1    .4   1.3
    .0    .4    .0    .0    .6    .1    .0    .0    .0    .0    .0    .0
    .0    .0    .0    .0    .0    .0    .4    .5    .7    .4   1.8    .5
    .0    .8   2.1   3.8    .1    .0    .1    .1    .0    .0   1.1   1.0
    .2    .0    .0    .3    .0    .0    .0    .0    .0    .0    .0    .1
    .2    .2    .0    .0    .0    .2    .0    .0    .0    .0    .0    .6
    .1    .3    .6    .0    .0    .0    .5    .1    .0    .5    .1    .0
    .3    .4    .0    .0    .0    .2    .0    .0    .0    .0    .4    .0
    .5    .0    .2    .1    .0

   365
TONG : HVERAVELLIR : 1974 : DAILY TEMPERATURE (DEGREES CENTIGRADE)
(12F6.1)
   -.9   -.8   -.3    .0    .0    .0   -.1   -.3   -.3   -.4   -.2   -.4
   -.3   -.4   -.6   -.8   -.5   -.8   -.2   -.2   -.4   -.1   -.2   -.3
   -.6   -.5   -.5   -.8   -.4   -.6   -.2   -.4   -.3   -.2   -.5   -.9
  -1.3  -1.5  -1.4  -1.4   -.9   -.9   -.5   -.9  -1.1  -1.5  -1.3   -.2
   -.4   -.4   -.1   -.3  -1.2   -.1   -.2    .0   -.1   -.3    .0   -.5
  -1.0   -.2    .1    .1    .0   -.1    .1    .3    .1    .1    .0   -.1
   -.3   -.4   -.5   -.4   -.3   -.6   -.7   -.2    .1    .0    .0   -.1
   -.3   -.2   -.1    .2    .1    .2    .0   -.2   -.2    .2    .2    .2
    .1    .0   -.1   -.1   -.1   -.1    .1    .2    .2    .2    .2    .2
    .3    .3    .1    .1    .3    .3    .3    .2    .0    .0    .2    .3
    .4    .4    .1    .3    .2    .1    .0    .0    .0    .3    .6    .4
    .5    .5    .5    .6    .6    .5    .4    .6    .5    .3    .5    .5
    .5    .2   -.1    .1    .2    .2    .6    .6    .8    .5    .4    .6
    .4    .4    .1    .2    .3    .4    .7    .7    .3    .4    .3    .3
    .2    .3    .6    .9   1.3   1.4   1.2   1.2   1.0    .6    .3    .3
    .4    .4    .5    .6    .6    .3    .7    .8   1.0   1.0   1.0    .8
    .4    .7    .8    .9    .7    .9    .8    .8    .7    .6    .4    .8
   1.0   1.1   1.0   1.1    .9    .4    .4    .3    .6    .6    .6    .7
    .9    .9   1.0    .9    .9   1.1    .9   1.0    .7    .7    .6    .6
    .7    .6    .6    .5    .3    .2    .3    .2    .1    .0    .1    .2
    .5    .6    .8    .6    .9    .8    .6    .6    .4    .2    .2    .2
    .4    .4    .5    .3    .1    .1    .1   -.3   -.2   -.1    .1   -.1
   -.4   -.6   -.5   -.3   -.3   -.5   -.5   -.3   -.1    .0    .0    .0
    .0   -.3   -.2   -.2   -.1   -.1    .1    .2    .3    .5    .4    .2
    .0    .1   -.1   -.3   -.1   -.1   -.1    .3   -.4   -.2   -.1   -.8
  -1.1    .1    .1   -.1   -.1   -.1    .0    .2    .1   -.1    .0    .0
   -.5   -.6   -.3   -.6   -.4   -.5   -.4   -.6   -.9   -.9   -.5   -.6
   -.5   -.3   -.2   -.2   -.3   -.3   -.6   -.7   -.2   -.3   -.4   -.4
   -.5  -1.2   -.6   -.2   -.5   -.3  -1.0  -1.3  -1.3  -1.4   -.4   -.9
  -1.1   -.7   -.9  -1.3  -1.3  -1.3  -1.7  -1.8  -1.2   -.7  -1.0  -1.1
   -.4   -.6   -.7   -.2   -.5

   365 
TONG : HVERAVELLIR : 1974 : DAILY PRECIPITATION (MM)
(12F6.1)
    .3    .0    .0    .2    .1    .3    .4    .1    .1    .5    .0    .2
    .0    .0    .0    .2    .1    .3    .0   3.1    .7    .2    .2    .0
    .7    .2    .3    .3    .0    .0    .0    .0    .0    .0    .0    .0
    .0    .0    .0    .0    .2    .1    .1    .0    .0    .0    .0    .1
    .4    .2    .3    .2    .2    .2   1.8    .2   6.0   1.7    .6    .5
    .1    .1    .5    .3    .0    .3    .8   2.4    .1    .0    .0    .0
    .0    .0    .0    .1    .0    .0    .0    .0    .0    .4    .6    .3
    .0    .0    .1   1.2    .5   7.8   2.6    .3    .4   1.1    .6   1.0
   1.0   1.0    .3    .0    .1    .0    .2    .1    .0    .1    .0    .0
    .5    .0    .4    .0    .0    .1    .6    .6    .1    .0    .0    .0
    .0    .6    .0    .0    .0    .0    .0    .0    .0    .0    .0    .1
    .4    .0    .0   1.0    .1    .0    .1    .0    .0    .1    .0    .0
    .0    .0    .4    .0    .0    .0    .0    .1    .2    .4    .1    .3
    .1    .0    .0    .0   1.3    .3    .6   7.9   1.9    .7    .8    .5
    .4    .4    .6    .0    .0    .0    .0    .0    .0    .0    .1    .0
    .0    .0    .3    .5    .1    .0    .1    .0    .2    .6    .6   1.3
    .0    .0    .0    .0    .0    .0    .4    .0    .0    .0    .3    .0
    .0    .0    .0    .1    .0    .0    .0    .2    .0    .1    .0    .0
    .1    .1    .3   1.0    .3    .2    .0    .0    .0    .0    .0    .0
    .0    .0    .3    .2    .0    .0    .2    .4    .0    .1    .0    .0
    .1    .1   1.0    .2    .2    .1    .2    .5    .2    .0    .0    .0
    .2    .0    .3   1.0    .0    .4    .1    .2    .0    .0    .0    .0
    .0    .0    .0    .0    .0    .0    .0    .0    .0    .2    .0    .0
    .0    .0    .0    .0    .0    .0    .0    .0    .0    .6    .7   1.6
    .6    .5    .6    .0    .0    .0    .0   1.5   2.6    .0   1.1    .1
    .0    .4    .1    .2    .2    .0    .0    .0   1.9    .7    .2    .5
    .0    .1    .0    .0    .0    .1    .1    .0    .0    .0    .0    .0
    .0    .0    .0    .1    .1    .0    .4    .0    .0    .2    .3    .1
    .0    .1    .0    .4    .0    .4    .1    .0    .0    .2    .0    .2
    .0    .0    .0    .0    .0    .0    .1    .0    .0    .0    .0    .0
    .0    .7    .0    .0    .8

   366
TONG : VATNSDALSA : 1972 : DAILY RIVERFLOW (M**2/SEC/DAY)
(16F5.0)
 1610 1920 1450 1100 1360 1250 1050 1010  968  902  880  858  814  750  792  792
  771  710  670  398  516  610  690  690  710  730  730  571  690  814  750  710
  690  670  670  690  690  670  650  650  670  690  710  670  670  670  690  534
  534  590  630  690  792 2100 1420 1160 1010  924  858  814  792  771  771  750
  710  690  690  690  650  771  465  398  516  610  610  814 1360  968  836  924
  858  836  792  902  902  814  792  750  730  690  690  750  670  670  690  670
  650  630  630  630  630  610  590  650  630  610  710  814  990 1420 1650 1920
 2350 2520 3590 3150 1920 1690 1360 1100 1010  990 1010 1030 1300 2010 2410 3670
 3290 2870 3150 3370 3080 2630 2150 1730 1920 1690 1610 1560 1800 1970 1770 1690
 1970 1690 1480 1130 1130 1010 1010  990  924  902  946 1010  990 1080  968  924
  902  880  880  858  858  990  990 1130  990  924  924  902  836  814  836 1010
 1160  990  990  968  946  902  836  836 1050 1050 1010 1010  968  990 1100 1050
  946  902  924  990  924  946  880  880  946  946  902  880  858  836  836  836
  858  836  792  792  792  771  750  750  730  750  771  750  730  730  710  710
  710  750  730  750  710  730  730  771  814  750  771  771  771  771  814  902
  902  902  924  858  902  858  750  880  946  814  792  750  750  730  730  750
  750  750  730  710  710  690  710  730  710  730  771  730  730  710  690  690
  670  730  710  710  650  571  670  858  730  670  630  610  792 1010  924  771
  880 1010  858  902  836  814  771  710  710  771  750  750  534  534  858  836
  858  750  710  590  690  690  750  771  750  730  571  482  448  516  610  710
  750  750  771  792  710  730  730  814  836  836  814  771  710  690  690  710
  670  650  670  710  730  710  690  710  750  710  750  730  710  690  670  670
  792 1160 1080  670  534  610  750  792  792  771  750  750  730  710

   365
TONG : VATNSDALSA : 1973 : DAILY RIVERFLOW (M**3/SEC)
(16F5.0)
  690  670  670  630  902 1650 2150 1560 1690 2300 2010 1450 1250 1160 1100 1080
  968  902 1030 1010  990  946  880  858  836  771  730  730  750  814  836  836
  516  690  771  771  771  771  750  750  750  750  670  630  670  771  771  690
  670  670  792  836  836  814  836  902  946  968  968  968  946  924  880  858
  836  836  814  814  814  858  858  814  836  880  946  990 1160 1450 1730 1920
 1840 1450 1220 1080  858  836  858  750  710  730  771  814  814  710  750  710
  710  730  771  880  990 1420 1880 2520 3150 2200 2410 3920 5010 4620 3520 3080
 3150 3150 2520 2150 1730 1270 1330 1300 1250 1160 1190 1300 1300 1250 1160 1160
 1080 1010 1010  968  946 1030 1160 1390 1390 1250 1190 1220 1300 1330 1300 1270
 1190 1330 1250 1190 1160 1050 1010  990  968  968  990 1080 1100 1080 1080 1010
  946  924  902  880  858  924 1080 1190 1270 1190 1130 1160 1220 1270 1190 1160
 1130 1130 1130 1130 1130 1100 1080 1030 1010  990  990  990  990  968  946  924
  902  902  880  858  858  814  814  814  814  814  814  814  814  814  792  771
  750  771  771  771  750  771  792  771  880  990  858  814  792  792  792  792
  836  771  792  792  771  750  730  730  730  730  730  730  750  771  792  750
  750  750  750  771  750  730  730  730  792  730  730  710  710  710  690  690
  690  690  690  690  710  710  710  690  690  771  814  836  880  792  771  750
  730  836  836  858  771  792  792  858  990  792  792  771  771  771  690  630
  690  610  610  650  730  690  792  880  814  670  710  670  670 1080 1360 1130
  858  858  771  630  571  792 1130  968  814  730  690  534  670  670  670  630
  750  836  836  858  858  946  968  880  814  750  690  690  670  670  670  902
  924  858  771  730  771  792  814  792  771  750  650  771  814  814  902  814
  710  650  610  590  571  552  552  516  482  465  465  465  465

   365
TONG : VATNSDALSA : 1974 : DAILY RIVERFLOW (M**3/SEC)
(16F5.0)
  465  465  465  448  516  552  534  534  482  465  448  431  431  431  414  382
  398  398  431  571  650  630  571  571  516  465  414  398  448  448  431  465
  431  398  398  398  398  398  398  382  367  367  398  398  382  382  382  414
  590  448  398  398  382  367  367  367  465  398  431  431  367  431  610  730
  750  750  814 1080 1610 1480 1250  990  814  690  610  534  516  499  499  499
  499  552  630  730  690  590  571  571  858 3150 3370 1840 1130 1610 3290 4530
 5400 2570 1800 1590 1560 1450 1590 3590 3750 2940 2750 3010 2750 3080 2940 2200
 2010 3590 3670 3290 2200 1800 1590 1520 1480 1300 1270 1250 1100  968  880  792
  730  690  730 1030 1100 1130 1190 1250 1360 1220 1080  990  946  880  750  710
  771  710  610  534  534  534  552  552  630  670  650  590  571  590  571  552
  730  750  710  730  670  690  730  750 1080 1160  858  792  710  670  650  610
  590  590  571  552  552  552  590  590  571  552  552  534  534  552  650  650
  571  534  516  499  482  482  499  482  482  482  482  482  465  448  448  431
  431  414  414  431  448  431  431  431  499  571  630  610  610  590  571  552
  552  552  552  552  534  534  552  552  552  534  534  552  534  552  552  534
  534  534  534  571  590  630  690  750  650  610  610  590  610  610  590  650
  650  610  590  590  571  590  590  571  499  465  516  534  534  465  499  571
  534  534  534  534  499  534  534  534  534  552  534  552  571  650  771  690
  650  670  610  590  610  590  571  792  771  710  792  534  516  814 1010  792
  730  690  690  690  858  730  690  730  630  516  610  552  499  534  534  534
  516  571  552  552  516  482  552  610  590  571  552  516  499  448  482  516
  516  516  516  516  482  465  382  414  465  465  431  431  516  516  516  516
  516  499  465  516  516  516  516  516  516  516  516  534  534

   366
TONG : JOKULSA EYSTRI : 1972 : DAILY RIVERFLOW (M**3/SEC)
(8F6.0)
  3020  2900  2840  2780  2780  2780  2780  2780
  2780  2730  2730  2730  2620  2520  2670  2670
  2670  2670  2670  2520  2570  2620  2620  2620
  2620  2570  2620  2670  2840  2900  2780  2730
  2670  2620  2570  2620  2620  2570  2570  2570
  2570  2570  2570  2570  2520  2520  2520  2460
  2520  2570  2670  2620  2570  2670  2670  2670
  2620  2570  2570  2520  2520  2520  2460  2460
  2460  2460  2460  2460  2360  2410  2410  2460
  2410  2460  2460  2570  2840  3140  3020  2900
  2840  2780  2670  2670  2780  2670  2620  2520
  2520  2520  2460  2520  2520  2410  2410  2460
  2410  2410  2410  2410  2360  2360  2360  2360
  2360  2360  2360  2410  2410  2410  2520  2520
  2670  3020  4170  5170  4400  4100  3570  3080
  2780  2900  2900  2840  2780  3440  4700  5910
 10100 10300  9000 11300 12100 10400  9480  7740
  8300  8160  8020  8160  9000 10300 11100 10900
 10300  9960  9160  6660  5910  5250  5170  5330
  5250  5250  5830  6430  6780  7880  6660  5570
  5740  6340  6780  6900  7020  8440  9000  7880
  6000  4850  4240  4170  4020  4540  5090  5410
  5010  5090  5250  5490  5910  6170  6340  6340
  6550  5830  5830  6090  6660  7480  7370  7020
  6550  6170  6170  6780  6000  6260  6170  6170
  6340  6090  6000  5830  5490  5330  6340  6430
  7740  8580  6780  5740  5410  5250  5170  4620
  4320  4100  3960  3700  3640  3570  3570  3640
  3890  5330  5830  5740  5010  4540  4100  4100
  4020  3760  4620  4540  4540  3960  4020  4620
  4770  5910  5830  4850  5660  5660  4470  5090
  5830  4470  3890  3640  3440  3440  3440  3440
  3440  4170  4770  4400  3830  3960  3700  3760
  3890  3640  3760  4400  4100  3890  3960  3890
  3700  3570  3440  3200  3320  3200  3440  4170
  3640  3380  3260  3200  2900  3570  3890  3320
  3200  3570  3380  3440  3260  3080  3080  2840
  2840  2780  2780  2780  2570  2200  2840  3020
  2960  2900  2840  2670  2730  2730  2730  2780
  2670  2670  2670  2670  2620  2620  2620  2620
  2620  2620  2670  2780  2780  2780  2780  2780
  2780  2780  2780  2780  2780  2780  2780  2780
  2780  2780  2780  2780  2780  2780  2780  2670
  2670  2670  2670  2670  2670  2670  2670  2670
  2960  3440  3440  2840  2840  2780  2900  2960
  3080  3020  2960  2960  2960  2780

   365
TONG : JOKULSA EYSTRI : 1973 : DAILY RIVERFLOW (M**3/SEC)
(8F6.0)
  2840  2730  2780  2730  3020  3440  3830  3830
  4540  7020  5910  4170  3760  3510  3440  3380
  3140  3140  3140  3080  3020  2960  2960  2900
  2840  2730  2730  2900  2840  2780  2730  2780
  2520  2780  2730  2730  2730  2730  2570  2570
  2570  2620  2520  2570  2570  2570  2670  2670
  2570  2570  2620  2620  2570  2570  2460  2570
  2570  2570  2520  2520  2520  2460  2520  2460
  2460  2520  2570  2460  2460  2670  2670  2620
  2620  2670  2730  2730  2840  2960  2900  2960
  3080  2960  2730  2730  2620  2520  2570  2520
  2360  2460  2460  2410  2410  2410  2410  2410
  2410  2410  2410  2520  2460  2620  2780  3200
  3830  3640  3570  4470  5830  6780  6430  6430
  6000  6090  5570  4930  4170  3510  3320  3260
  3080  3020  2960  2960  2960  2960  3200  3020
  2960  2730  2840  2780  2620  2730  2780  4020
  6090  5660  4620  4540  4770  5170  5330  5090
  5170  5910  5570  5330  5170  5090  3890  3760
  3760  3830  4240  4770  4700  4850  4930  4770
  4170  3890  3700  3510  3440  3640  4930  6550
  8720 10900 11300  9800 10900 12700 12500 11500
 11500  9160  8720  8580  7130  7020  6340  6170
  6170  6090  6090  6340  6260  6660  7600  9000
 11600 11100 13200 12300 11300  9800  8720  7880
  6900  6340  6170  6260  6260  6430  7600  8440
  8440  8440  6660  5490  5250  5250  5570  5570
  5910  6430  4770  4400  4170  4170  4320  4170
  4770  5250  5490  5740  5490  4540  4170  4020
  4020  3890  3960  4620  6430  6780  6340  6170
  6550  5740  5570  5330  4930  4700  4320  4240
  4100  3960  3960  3640  3570  3760  4400  5570
  7020  6340  5330  5090  5250  5170  4770  4170
  3830  3700  4020  4930  4470  3830  3510  3510
  3510  5090  6090  6000  4240  4400  4320  4240
  3510  3380  3380  3380  3320  3260  3080  3020
  2900  2900  2900  3020  3140  3020  3260  3260
  3320  3020  2900  2840  3080  3510  4170  6090
  4020  3570  3380  3020  2960  3140  3510  3510
  3200  3140  3020  2780  2900  2900  2730  2620
  2730  2840  2840  2840  2840  2840  2840  2780
  2780  2840  2900  2900  2900  2840  2960  3570
  2960  2840  2900  2780  2780  2780  2840  2780
  2780  2780  2730  2730  2780  2840  2780  2780
  2780  2780  3200  2780  2780  2780  2840  2900
  2840  2840  2780  2840  2840

   365 
TONG : JOKULSA EYSTRI : 1974 : DAILY RIVERFLOW (M**3/SEC)
(8F6.0)
  2840  2840  2840  2780  2730  2670  2570  2520
  2520  2520  2570  2570  2570  2570  2570  2520
  2520  2460  2520  2620  2570  2570  2520  2570
  2460  2520  2520  2520  2520  2460  2460  2460
  2460  2460  2460  2410  2410  2410  2360  2250
  2250  2200  2200  2200  2200  2200  2200  2250
  2460  2460  2570  2570  2410  2460  2620  2570
  3200  2620  2670  2570  2520  2520  2570  2410
  2410  2460  2730  3200  3200  3080  2960  2960
  2900  2780  2670  2670  2620  2520  2520  2520
  2460  2520  2360  2410  2410  2410  2410  2570
  3080  5090  6260  5330  4320  5910  8580 11600
 12100  7880  5740  5170  4770  4400  4020  4400
  6090  6430  6900  7600  6900  6780  7880  7130
  6430  8160 14100 14100  9000  7600  6900  6090
  5910  5740  5740  5410  5250  4700  4320  3890
  3510  3260  3380  4320  5250  7130  7370  9000
  9640  9960 11600  9960  9480 11300  7600  7880
  8160  6090  4770  4240  4020  3890  4240  5410
  5740  7600  7250  7130  7130  6340  5740  4930
  4620  4620  5010 14300 13400  8440  7600  6780
  6260  5570  5170  5330  6260  8440 11300  9320
  7880  7130  5910  4930  4400  4240  4700  4850
  4470  4320  4020  4100  4930  5330  6550  6780
  5910  5410  5250  5090  5090  6170  6660  7370
  6660  5740  5250  4540  4470  4770  5090  5410
  5660  4850  4320  3890  3760  3830  3830  3760
  4020  4470  5570  6090  5910  5570  5490  5010
  5330  4930  4620  4470  4320  4100  4100  4400
  4100  3700  3380  3260  3200  3140  3020  3080
  3200  3080  3380  3830  4400  4930  4930  5330
  4930  4020  3570  3320  3260  3200  3140  3570
  3380  3140  3080  3080  2780  2900  2900  2780
  2900  2840  2840  2780  2780  2670  2730  2780
  2780  2780  2780  2840  2840  2840  2780  2730
  2780  2670  2670  2780  2840  3380  4100  3830
  2900  2900  2960  2900  2840  2840  2730  3200
  2900  2840  2780  2670  2460  2960  3760  3140
  2960  2840  2900  3570  5410  2900  2900  3020
  2840  2780  2840  2670  2730  2730  2670  2620
  2620  2620  2620  2570  2460  2460  2620  2670
  2670  2670  2620  2620  2570  2570  2460  2520
  2570  2520  2570  2620  2520  2620  2520  2520
  2520  2460  2460  2460  2460  2460  2460  2460
  2460  2460  2460  2460  2460  2460  2460  2460
  2460  2460  2460  2460  2570
 
