Freedman's Nonlinear Time Series
#z_t = f(z_(t-1)), where f(x)=2x if x<=0.5 and f(x)=2-2x, x>0.5
 0.23719      
 0.47438      
 0.94876      
 0.10248      
 0.20496      
 0.40992      
 0.81984      
 0.36032      
 0.72064      
 0.55872      
 0.88256      
 0.23488      
 0.46976      
 0.93952      
 0.12096      
 0.24192      
 0.48384      
 0.96768      
 0.06464      
 0.12928      
 0.25856      
 0.51712      
 0.9657600001 
 0.0684799999 
 0.1369599998 
 0.2739199996 
 0.5478399992 
 0.9043200016 
 0.1913599968 
 0.3827199936 
 0.7654399872 
 0.4691200256 
 0.9382400513 
 0.1235198975 
 0.2470397949 
 0.4940795898 
 0.9881591797 
 0.02368164063
 0.04736328125
 0.0947265625 
 0.189453125  
 0.37890625   
 0.7578125    
 0.484375     
 0.96875      
 0.0625       
 0.125        
 0.25         
 0.5          
 1            
