logistic map, mu=3.9
#z_t = mu z_{t-1} (1-z_{t-1})
 0.37         
 0.90909      
 0.3223169504 
 0.8518720622 
 0.4921256023 
 0.9747581761 
 0.09595822964
 0.3383259664 
 0.8730598768 
 0.4322226804 
 0.9570843163 
 0.1601883184 
 0.524659282  
 0.9726284873 
 0.1038270208 
 0.3628831852 
 0.9016760185 
 0.3457598672 
 0.8822189276 
 0.4052438965 
 0.9399829953 
 0.2200183589 
 0.6692800946 
 0.8632425733 
 0.4604138483 
 0.9688884527 
 0.1175601137 
 0.4045849601 
 0.9394942836 
 0.2216946211 
 0.6729298527 
 0.8583715375 
 0.4741223803 
 0.9723883603 
 0.1047120245 
 0.365614924  
 0.9045685402 
 0.3366647554 
 0.8709542318 
 0.438332536  
 0.9601687831 
 0.149154295  
 0.4949384361 
 0.9749000842 
 0.095432649  
 0.3366685082 
 0.8709590127 
 0.4383187024 
 0.9601621283 
 0.149178181  
 0.4950038001 
 0.9749026481 
 0.09542315164
 0.3366385377 
 0.8709208273 
 0.4384291855 
 0.9602152357 
 0.1489875535 
 0.4944820235 
 0.9748812525 
 0.09550240432
 0.3368886108 
 0.8712392314 
 0.4375075889 
 0.9597693243 
 0.1505874567 
 0.4988524109 
 0.9749948639 
 0.09508152932
 0.3355600252 
 0.8695420293 
 0.4424108855 
 0.9620656262 
 0.1423318927 
 0.4760867476 
 0.9727698098 
 0.1033059571 
 0.3612719616 
 0.8999426723 
 0.3511788496 
 0.8886238343 
 0.3859889103 
 0.9243057385 
 0.272862097  
 0.7737926548 
 0.6826465706 
 0.844896898  
 0.5110799059 
 0.9745212192 
 0.09683548898
 0.3410876705 
 0.876512799  
 0.4221286376 
 0.9513505986 
 0.180502285  
 0.5768927194 
 0.9519412879 
 0.1784213821 
 0.5716900507 
 0.9549560928 
 0.167758319  
 0.544500315  
 0.9672769157 
 0.123443908  
 0.4220014873 
 0.9512733049 
 0.1807743768 
 0.5775705058 
 0.9515329848 
 0.1798600581 
 0.5752906285 
 0.9528921529 
 0.1750659216 
 0.5632295943 
 0.9594078718 
 0.1518831887 
 0.5023772743 
 0.9749779594 
 0.09514415849
 0.3357578156 
 0.869795569  
 0.4416798249 
 0.961735153  
 0.1435225291 
 0.4794028696 
 0.9733454571 
 0.1011819053 
 0.3546820967 
 0.8926425572 
 0.3737441069 
 0.9128318529 
 0.3103224588 
 0.8346874785 
 0.5381387378 
 0.969327203  
 0.1159547083 
 0.3997859343 
 0.9358328501 
 0.2341939345 
 0.6994538287 
 0.8198508639 
 0.576012157  
 0.9524663928 
 0.1765692374 
 0.567030913  
 0.9574767412 
 0.158788622  
 0.5209417027 
 0.9732896358 
 0.1013879903 
 0.3553230164 
 0.8933674246 
 0.37152207   
 0.9106243438 
 0.3174118281 
 0.844980082  
 0.5108560977 
 0.9745403661 
 0.09676461983
 0.3408647899 
 0.8762363411 
 0.4229402409 
 0.9518409948 
 0.1787748903 
 0.5725762726 
 0.9544574701 
 0.1695267906 
 0.5490710857 
 0.9656089114 
 0.1295125325 
 0.4396822421 
 0.9608108955 
 0.1468479424 
 0.4886061345 
 0.9744937013 
 0.09693733683
 0.3414079093 
 0.8769093402 
 0.4209634623 
 0.9506375803 
 0.1830105079 
 0.5831188814 
 0.948055881  
 0.1920591171 
 0.6051724094 
 0.9318611808 
 0.2476340901 
 0.7266146453 
 0.7747186299 
 0.6806657302 
 0.8477035864 
 0.5034986425 
 0.9749522621 
 0.09523936021
 0.3360584154 
 0.8701803117 
 0.4405694936 
 0.9612252581 
 0.1453579189 
 0.4844930779 
