Number of births, daily, Quebec, January 1, 1977 to December 31, 1990.
#source: B. Quenneville, Statistics Canada
208
241
274
256
294
281
251
230
240
249
272
270
281
295
213
205
263
270
266
312
294
243
187
284
274
311
270
264
220
219
263
271
305
283
269
229
222
281
277
265
282
271
242
212
268
279
272
252
294
235
202
268
295
314
279
314
239
236
290
307
303
300
275
253
204
294
305
318
281
295
251
226
286
309
319
311
294
266
221
294
301
288
301
289
258
217
237
311
260
308
316
258
229
290
326
313
302
270
249
194
253
314
298
343
319
244
235
288
347
285
300
285
231
240
333
284
304
324
255
248
261
311
299
304
319
321
245
188
302
316
316
311
280
199
225
320
294
328
279
309
255
230
264
292
322
302
312
211
222
293
253
307
271
314
217
227
293
293
281
285
286
226
233
279
305
269
276
298
205
217
264
295
346
333
219
231
200
265
294
307
327
298
239
212
263
292
266
298
288
237
239
260
285
279
297
306
220
219
256
304
303
250
280
219
209
269
277
308
274
291
270
227
252
286
296
303
279
224
205
256
319
302
281
272
244
212
278
297
266
300
290
220
233
226
268
272
251
293
210
242
267
289
293
318
270
204
219
213
256
283
265
291
205
241
263
277
273
293
292
240
207
286
325
316
292
306
246
202
313
321
333
319
336
252
208
259
293
271
305
297
223
224
274
280
312
292
300
263
227
269
292
286
313
267
231
196
259
309
332
267
256
246
202
252
306
291
239
275
202
193
276
279
257
241
265
243
192
224
264
284
274
286
220
227
250
281
267
236
282
226
207
289
269
294
258
296
219
227
227
257
259
255
219
200
193
231
258
243
265
256
195
184
236
300
264
300
207
175
142
181
223
268
241
234
173
188
221
216
277
261
270
191
191
247
289
273
279
256
222
204
227
289
267
261
261
247
214
250
276
275
270
267
218
193
243
285
244
289
274
235
209
281
313
282
285
298
259
184
266
312
285
288
286
218
227
290
292
288
276
300
208
206
276
325
288
264
326
240
207
265
292
308
282
288
218
201
250
301
314
315
312
255
220
281
303
333
319
265
201
207
265
317
287
318
291
268
217
272
275
335
303
305
257
247
310
314
271
323
266
240
189
279
299
315
321
321
262
228
279
269
297
305
301
243
211
292
303
300
279
296
239
217
292
309
303
269
317
245
260
312
285
306
344
324
244
218
250
287
346
310
295
241
242
260
272
338
313
268
225
220
261
279
282
302
281
203
193
284
303
305
268
277
224
211
274
309
309
285
230
212
225
271
287
304
307
242
198
198
242
284
290
315
299
244
249
279
295
286
275
261
210
200
290
264
252
285
252
247
222
234
285
262
283
279
221
208
258
291
290
299
239
236
212
282
304
265
300
257
208
202
283
282
272
321
295
244
210
246
283
284
255
245
217
178
287
279
249
271
278
196
213
200
298
279
269
278
221
202
246
301
256
290
302
228
212
255
313
271
296
284
238
220
287
350
287
342
298
215
228
272
275
255
282
300
217
175
224
265
304
256
276
187
222
231
292
247
259
278
236
228
263
293
285
220
258
224
201
212
247
280
253
237
186
193
221
288
273
282
249
220
189
272
267
270
283
263
216
190
262
265
255
247
271
203
206
242
275
249
288
278
233
205
242
254
255
283
273
199
208
269
297
262
268
288
238
204
262
283
271
274
242
208
190
179
202
240
283
260
199
211
208
219
229
242
280
192
165
264
230
279
271
267
185
208
261
254
253
270
271
224
230
280
249
276
275
277
218
222
270
291
260
287
260
204
214
236
301
275
265
255
207
213
221
296
276
279
251
204
222
250
270
279
322
305
221
207
283
290
295
322
307
248
207
288
285
299
309
284
258
211
279
297
307
308
292
233
237
282
307
330
311
279
255
236
287
319
302
321
303
250
234
291
327
321
326
347
225
224
286
311
326
317
292
285
237
255
309
321
311
319
263
245
275
317
300
305
295
240
206
291
317
301
290
302
242
203
307
343
333
314
326
230
227
296
313
306
322
340
244
273
255
296
274
284
338
217
187
302
298
289
332
287
232
224
301
308
288
303
307
260
219
322
284
306
275
262
240
248
289
316
284
345
324
224
217
241
310
298
339
313
252
207
235
313
307
317
322
269
218
273
327
318
318
324
228
231
260
309
298
311
266
227
178
314
335
294
299
272
234
195
279
285
286
278
288
222
216
295
264
294
304
305
228
216
260
276
305
290
294
249
223
279
312
297
284
317
248
202
259
297
249
295
275
204
199
226
280
301
329
307
208
222
298
329
320
305
327
226
251
281
365
311
332
305
277
210
309
347
338
358
344
243
233
265
300
278
328
286
246
240
229
275
259
292
311
230
234
276
281
313
285
275
224
203
266
294
275
273
279
230
202
270
283
285
258
257
227
214
242
305
284
316
288
254
221
295
260
288
270
245
201
222
263
288
248
249
280
199
189
279
285
262
294
256
206
176
227
277
297
276
277
206
221
257
273
267
272
254
222
205
267
296
282
276
275
186
189
206
192
221
285
327
226
213
230
208
229
291
273
226
216
225
284
279
241
267
211
202
268
264
270
302
286
218
201
276
278
244
243
267
220
212
247
280
251
259
265
219
207
282
269
253
306
264
213
207
242
310
246
300
279
220
234
262
316
285
328
255
223
215
264
314
317
312
255
250
215
236
284
285
298
282
243
248
284
289
291
285
271
235
220
304
297
311
275
296
261
257
298
300
293
290
273
242
214
278
323
333
328
251
225
217
248
298
294
326
295
279
227
296
284
315
296
291
234
220
298
305
276
329
296
245
232
294
325
325
304
292
215
237
293
259
270
300
280
245
241
297
314
324
318
277
213
233
267
306
319
326
339
250
233
307
284
306
282
291
232
227
312
333
312
312
291
226
216
281
301
255
320
246
227
225
279
284
284
288
301
248
223
292
251
301
346
339
247
200
259
250
283
329
313
218
244
253
325
272
328
306
248
194
257
292
258
302
283
240
230
296
289
280
294
310
223
213
275
260
299
262
323
224
193
239
301
268
264
261
230
217
250
328
307
294
302
208
198
255
302
249
278
314
265
203
309
290
310
275
285
247
198
224
241
286
277
308
232
206
248
307
270
305
281
211
260
298
323
350
287
341
218
246
320
339
336
334
333
231
222
317
366
283
312
279
230
195
300
299
268
313
299
222
215
237
277
288
276
252
221
219
284
332
259
281
268
208
231
260
282
276
267
231
231
213
216
247
273
296
251
222
179
233
285
289
281
254
225
176
279
270
279
273
273
172
188
267
261
316
252
257
214
183
270
257
256
252
267
193
173
261
254
248
273
254
212
188
273
286
268
285
310
205
190
263
263
232
168
216
207
213
278
286
281
211
254
196
232
282
289
279
242
294
203
208
265
273
247
251
247
234
218
267
280
272
260
273
176
204
247
275
285
279
273
211
183
279
255
276
260
298
212
203
266
290
277
291
253
185
212
258
309
281
276
276
214
234
279
300
299
298
278
224
232
276
301
264
286
318
233
233
285
301
279
312
305
225
186
287
306
336
295
290
223
221
325
298
279
305
324
209
224
298
340
306
298
300
244
224
317
305
292
311
324
210
206
256
302
291
341
290
222
207
265
309
303
330
344
254
230
288
298
308
288
284
210
233
311
311
311
289
322
225
228
273
295
283
314
293
198
203
255
303
298
300
305
250
199
276
276
275
297
287
222
201
272
281
260
299
265
264
212
296
296
284
277
296
235
204
257
309
313
334
299
202
221
271
324
256
284
286
212
209
299
298
269
296
264
215
208
313
308
303
260
287
197
186
256
304
285
322
295
217
209
280
300
302
291
282
185
192
285
302
264
303
252
236
203
279
296
297
292
293
208
192
290
287
295
283
291
233
212
269
306
281
265
314
213
209
272
275
276
271
275
232
203
257
278
290
279
296
232
225
211
303
298
304
256
212
233
277
319
306
300
318
216
218
267
301
300
297
298
239
200
279
267
288
281
296
216
202
266
300
279
303
282
214
171
231
277
280
284
264
193
188
277
278
261
270
265
214
179
248
276
234
280
270
220
197
237
279
266
276
280
241
195
248
251
228
251
243
220
166
249
268
236
262
284
206
185
234
251
266
258
270
203
198
245
255
278
233
269
190
205
220
252
248
271
282
214
204
252
249
275
292
247
194
195
270
266
271
180
155
187
201
251
271
285
230
198
197
215
241
277
280
257
271
222
194
266
254
244
270
253
202
186
264
256
236
293
238
200
204
264
281
257
246
288
191
212
258
276
267
280
291
189
191
267
293
265
278
254
199
211
272
293
251
268
291
218
198
285
331
290
296
284
197
198
274
274
270
253
301
225
194
247
283
277
275
293
219
220
278
266
280
261
282
205
213
279
303
269
272
297
228
204
266
304
286
277
287
243
224
272
316
301
289
267
242
220
207
295
307
307
310
219
203
252
305
301
259
280
207
202
267
300
286
303
276
251
211
296
280
290
289
289
232
197
252
277
292
273
297
219
200
274
284
279
280
308
219
192
249
255
270
303
262
206
221
267
273
252
253
257
209
216
274
311
252
321
300
208
191
257
275
284
275
286
216
193
262
276
260
226
246
195
197
299
280
281
253
202
203
197
250
250
286
301
281
199
196
267
262
286
291
262
233
208
264
289
276
294
267
193
213
257
259
274
279
247
215
148
231
265
235
254
253
173
193
288
287
273
268
279
206
183
259
290
251
290
270
223
184
239
261
258
247
268
200
200
269
279
237
259
262
213
183
215
260
265
271
295
223
196
279
279
245
257
262
220
219
301
272
290
292
295
237
194
273
300
313
291
295
203
198
240
275
261
279
279
210
178
208
280
266
269
234
208
196
271
231
266
278
270
200
181
244
239
257
272
246
184
182
216
244
262
239
265
202
208
244
221
219
272
234
219
157
285
257
261
246
248
183
184
258
258
251
246
267
200
166
231
257
255
248
247
183
192
248
271
236
250
263
176
162
227
225
234
250
265
168
201
258
252
200
209
169
163
153
223
248
228
229
182
172
178
206
253
256
244
241
192
148
237
238
249
267
246
200
176
218
257
236
242
243
191
169
258
241
243
289
240
197
188
232
230
240
237
253
199
145
245
235
267
251
260
208
149
245
268
260
247
251
205
179
203
275
223
235
263
219
152
227
318
268
250
245
205
217
266
267
259
288
284
193
224
288
280
249
254
241
223
206
273
270
267
275
274
237
202
261
306
300
268
250
224
199
221
278
304
283
285
199
215
253
276
240
281
294
197
223
283
237
270
286
243
209
184
264
283
268
297
287
226
197
256
283
281
284
311
208
203
274
271
275
272
271
219
206
288
277
245
254
281
201
190
233
285
298
296
297
246
188
244
259
262
262
258
213
194
278
258
267
293
269
208
199
288
278
286
296
286
194
174
257
305
260
285
229
197
166
264
272
279
287
235
212
185
267
265
252
294
263
194
189
256
256
231
274
272
179
203
237
269
244
262
257
184
182
251
239
265
266
306
184
181
258
261
268
284
258
198
181
242
259
265
240
252
203
173
257
265
254
268
250
189
206
238
269
252
261
264
208
180
240
251
261
234
252
200
219
199
263
286
271
276
239
188
271
262
252
293
269
208
194
264
283
306
281
267
202
176
248
265
262
297
307
187
198
248
291
284
245
273
201
189
188
250
273
269
305
221
189
239
260
230
250
256
204
172
250
277
253
269
236
183
185
228
256
288
251
281
204
191
222
270
256
257
269
203
188
228
269
259
268
229
173
178
262
270
256
254
279
197
193
212
259
278
251
234
171
168
223
252
274
285
244
199
159
261
222
242
276
270
177
157
263
297
255
242
194
187
160
188
247
283
248
205
182
169
196
245
257
235
253
188
194
234
256
242
252
258
185
180
231
249
204
234
248
185
184
248
253
243
243
243
181
186
230
250
216
252
240
160
187
247
275
265
254
267
186
174
247
283
272
297
255
188
178
239
230
276
249
256
193
199
233
255
253
255
252
221
195
264
278
233
251
264
207
193
240
265
248
266
295
204
207
262
252
263
281
266
202
195
262
278
247
283
297
215
187
277
289
261
275
284
201
194
289
272
270
278
256
232
198
284
286
285
316
257
215
187
241
313
293
313
274
222
199
268
303
280
269
290
213
205
270
264
269
307
243
217
191
241
296
259
288
295
189
188
226
283
307
298
278
185
197
250
256
255
284
269
207
191
254
260
263
270
246
210
203
257
253
266
281
242
181
209
264
263
273
280
263
179
182
191
257
280
294
294
193
209
173
281
254
269
298
190
198
241
289
238
290
289
207
172
261
266
282
289
270
197
194
244
264
241
257
281
174
189
235
275
266
276
240
195
187
260
280
266
278
266
196
186
236
260
287
271
273
203
168
266
278
268
245
251
191
197
248
288
280
281
273
198
163
181
253
265
268
288
184
204
269
252
253
306
293
194
196
268
241
304
301
317
200
197
277
287
308
283
314
214
202
258
300
276
270
273
199
194
234
239
302
275
299
188
165
245
287
272
262
297
201
194
226
231
217
282
255
164
166
261
199
222
277
252
182
180
226
229
235
252
257
176
183
255
225
266
263
259
198
185
218
251
218
247
262
163
191
251
222
249
235
240
167
170
218
218
244
263
241
186
161
224
268
224
241
229
180
174
229
257
254
274
227
161
178
159
146
167
251
303
197
167
194
145
186
222
250
208
167
251
235
252
218
258
182
179
249
253
234
243
276
168
154
208
224
226
237
246
213
164
200
243
214
241
217
191
183
237
254
270
266
234
179
193
252
244
240
227
266
193
171
240
274
269
210
250
191
168
253
226
261
270
291
191
176
242
252
276
265
255
210
199
266
268
209
258
301
198
179
267
283
260
277
257
183
207
239
270
282
294
290
185
160
248
293
298
300
243
191
219
219
242
283
264
281
236
191
252
287
259
262
266
196
231
257
305
271
288
287
197
176
282
286
285
267
260
225
183
259
286
273
287
284
188
202
286
285
261
273
253
206
177
215
290
275
303
269
183
202
274
250
244
282
259
211
213
278
243
272
286
298
202
221
273
268
261
279
260
189
177
259
234
261
279
294
211
184
191
263
284
268
297
193
180
184
263
283
273
272
216
167
228
280
248
265
266
186
174
270
279
263
268
265
188
188
269
248
271
235
280
185
173
236
285
247
241
257
189
172
265
263
261
298
252
198
170
259
254
272
261
255
194
193
274
232
252
247
270
191
171
246
271
243
265
257
210
190
175
252
257
256
254
217
173
279
265
292
319
265
209
202
240
296
282
252
286
208
199
259
290
278
267
316
218
165
269
246
245
249
282
182
204
238
233
245
290
270
173
151
208
267
267
246
229
177
191
223
265
265
245
260
177
180
223
246
251
243
210
187
160
239
237
240
252
269
151
163
232
278
241
263
262
162
180
236
247
261
233
256
178
169
224
248
236
235
247
186
162
260
251
235
244
251
170
153
217
258
228
234
238
163
161
276
295
254
275
253
175
148
214
213
154
188
281
223
173
239
243
161
169
210
178
165
215
247
250
234
245
162
143
234
223
217
250
231
193
183
227
227
241
244
218
159
190
249
243
250
244
245
197
170
251
256
253
239
237
184
154
234
254
279
285
279
193
166
246
255
240
232
257
173
171
244
236
227
239
254
180
185
221
248
264
259
306
180
196
236
270
253
259
253
203
183
259
258
281
230
254
206
193
259
259
316
303
227
167
189
219
275
293
262
270
197
174
275
275
274
291
277
207
190
262
284
285
292
245
208
185
263
288
259
298
289
201
177
290
301
264
283
261
176
167
275
296
270
257
269
201
173
236
272
281
309
291
208
202
228
260
302
263
299
169
178
270
286
259
276
278
190
195
253
226
265
265
259
187
192
257
270
257
247
296
175
187
270
247
233
253
218
167
180
261
198
240
256
276
182
200
218
247
271
265
305
187
172
262
254
260
252
247
213
170
243
235
265
278
257
199
191
235
265
243
225
267
184
170
244
257
251
264
251
177
161
213
256
254
246
257
196
183
264
271
240
246
254
197
192
245
258
238
255
251
141
196
242
241
267
263
252
203
188
190
275
256
296
288
185
185
239
239
246
272
281
191
194
265
280
264
272
293
193
187
265
302
303
277
281
193
155
280
282
257
286
234
188
182
220
256
234
253
306
175
180
171
284
256
244
247
150
156
231
225
222
224
235
172
179
224
216
266
247
217
155
159
242
221
252
236
265
154
188
205
224
228
235
252
166
181
255
262
221
243
262
191
203
214
224
214
244
228
164
161
226
204
228
243
256
162
151
235
241
205
257
242
182
153
255
285
226
272
261
151
178
216
254
210
159
197
183
167
246
266
198
165
201
154
175
254
243
199
219
236
169
179
232
242
267
272
227
161
164
241
235
234
205
205
161
157
220
246
208
236
250
200
196
212
248
240
279
266
149
167
222
230
226
228
238
164
181
209
244
229
248
263
185
195
228
250
253
249
263
193
182
256
264
257
251
277
191
180
264
251
259
264
265
172
196
290
268
253
265
285
206
160
259
301
291
254
283
197
205
249
273
243
276
284
186
215
266
273
252
329
286
186
203
248
271
275
312
255
197
199
210
262
268
291
300
191
187
235
269
263
298
273
173
184
263
286
258
247
282
169
204
256
255
252
280
284
174
193
203
284
268
280
285
180
185
274
286
262
250
250
187
203
229
287
261
243
280
170
204
249
252
267
241
260
185
172
259
270
272
284
266
173
178
283
268
229
302
257
184
173
232
270
260
254
245
189
170
265
282
283
239
286
191
193
270
270
257
268
274
156
149
219
254
272
267
239
169
204
219
249
209
234
249
172
173
221
274
249
225
251
185
185
254
248
265
284
275
173
175
254
255
251
257
264
166
168
242
262
244
230
264
193
145
249
261
218
255
240
178
177
189
254
285
272
267
189
170
263
264
266
248
252
170
174
227
261
295
260
242
187
195
268
270
288
232
225
172
179
219
233
208
247
258
180
160
157
235
253
269
222
170
162
251
213
228
251
248
166
177
210
218
227
229
253
173
150
206
255
242
228
284
156
164
235
225
248
241
227
169
164
232
234
226
250
232
182
165
230
230
209
255
239
170
165
244
255
263
232
262
181
166
212
239
233
262
278
198
147
249
232
272
245
244
157
184
234
227
225
149
155
168
172
230
234
247
194
166
136
168
243
235
261
238
245
158
157
210
261
268
248
237
190
169
256
232
246
239
258
138
159
228
218
210
213
246
141
187
231
237
258
252
231
181
178
264
251
240
245
232
175
172
223
232
256
241
249
206
178
253
260
246
252
259
149
183
259
228
230
290
273
187
196
221
257
276
239
264
181
165
240
281
243
299
266
195
212
229
279
266
272
291
190
192
270
252
257
301
230
200
181
215
279
264
281
262
189
217
258
265
258
268
290
220
167
281
263
285
268
256
188
195
291
276
266
276
266
176
185
260
277
268
280
293
191
187
267
284
267
275
263
210
191
281
285
233
218
294
177
192
235
249
314
289
305
206
196
257
261
249
283
246
205
208
258
263
261
274
291
184
188
267
282
276
285
299
178
194
295
270
295
263
230
189
197
258
282
239
291
221
172
207
277
243
299
308
278
218
206
287
294
236
294
281
156
171
259
275
237
261
291
193
158
258
241
239
269
278
183
185
226
260
256
255
261
190
197
274
236
251
265
271
190
190
246
267
269
288
260
198
198
221
288
275
234
271
202
192
246
239
224
242
267
228
184
196
244
247
280
276
194
192
233
281
275
268
282
208
210
292
283
278
263
261
199
203
275
255
263
280
289
193
206
235
256
264
265
289
214
183
228
247
300
273
249
209
171
269
251
236
264
238
205
206
236
241
231
257
249
170
188
229
238
253
261
240
193
208
267
245
246
258
275
198
184
241
258
242
247
251
170
178
214
228
230
236
235
173
164
255
234
232
259
264
177
171
232
249
253
245
220
165
204
232
247
263
273
277
189
139
250
284
255
256
184
173
148
166
228
272
255
227
169
180
210
233
246
269
258
189
188
242
245
280
264
261
182
180
227
244
251
285
245
200
191
266
236
230
269
260
173
150
276
247
231
234
234
180
188
260
242
250
283
283
174
178
237
305
256
270
253
188
183
263
261
278
286
253
193
205
243
236
276
261
285
214
194
269
268
257
289
287
212
186
260
289
298
300
276
186
209
291
272
284
286
238
219
193
228
280
293
323
297
215
216
290
297
281
299
298
201
221
288
288
291
274
299
216
231
295
290
275
294
316
237
221
268
320
280
278
308
198
175
271
301
285
296
266
199
231
279
288
275
283
247
216
215
242
300
270
295
277
216
209
212
281
283
297
272
202
170
288
292
279
297
264
200
232
271
298
295
290
308
229
196
265
298
274
310
313
198
217
304
316
323
327
229
208
208
281
293
323
323
282
212
212
244
279
309
327
308
234
208
295
285
282
300
298
206
225
269
308
290
275
243
236
187
274
275
279
301
285
198
197
255
268
300
302
286
217
199
254
288
294
307
297
204
195
250
293
273
297
293
196
214
273
286
266
248
273
175
208
265
299
281
289
271
206
182
201
223
276
301
283
228
227
285
306
262
284
275
246
204
310
314
306
289
306
213
230
279
295
302
306
280
218
202
253
278
245
278
293
216
204
224
266
296
301
272
221
208
250
280
253
258
260
180
171
221
226
272
293
243
185
195
215
220
280
255
259
193
205
242
280
262
272
265
201
184
232
241
274
252
275
182
199
259
287
266
281
265
209
187
250
269
292
246
259
187
196
267
258
249
277
265
200
180
220
267
255
292
278
178
184
270
308
276
288
258
167
178
180
174
269
332
309
213
189
211
183
251
298
281
210
213
258
247
288
272
248
202
179
234
254
269
261
248
207
190
282
270
280
267
263
200
170
255
293
259
254
324
225
184
264
253
244
321
283
244
207
275
276
298
305
261
210
207
262
294
294
301
291
203
222
255
262
271
296
291
213
207
246
291
285
292
301
206
222
288
297
303
295
304
205
237
292
282
317
336
321
218
229
306
318
317
304
315
237
197
321
292
321
344
344
214
201
285
288
330
355
280
196
212
270
315
344
353
341
240
219
310
300
307
342
327
259
218
290
325
346
301
322
245
230
295
330
312
328
305
230
211
285
313
319
298
290
223
225
240
278
339
330
324
234
208
296
318
317
330
305
253
225
271
286
319
287
295
247
228
267
330
304
339
280
253
227
305
305
321
312
305
211
215
215
287
311
318
310
216
239
223
290
295
337
278
201
200
279
334
301
311
302
231
237
252
306
305
298
283
220
226
286
295
307
290
263
210
236
299
306
305
286
319
232
216
245
305
289
314
297
212
218
264
288
312
303
276
239
213
270
316
296
298
286
264
218
268
282
318
280
302
224
175
218
284
303
293
350
226
217
319
294
309
315
309
241
274
275
354
278
329
305
256
217
341
296
344
331
317
229
257
285
279
301
290
318
203
200
229
292
309
282
303
224
215
268
266
283
252
289
201
220
265
288
284
299
289
206
205
255
282
274
296
293
209
197
262
308
260
290
253
206
194
262
293
256
247
265
192
217
255
268
266
265
242
187
186
248
259
264
255
260
214
177
284
261
309
295
273
181
221
249
256
279
284
282
193
182
258
309
311
285
264
207
174
181
188
221
316
335
237
229
218

