Daily precipitation, in mm, Hveravellir, Jan. 1, 1972 - Dec. 31, 1974
  8.1  
  4.4  
  7.0  
  0.0  
  0.0  
  0.0  
  1.9  
  1.2  
  0.0  
  0.1  
  0.0  
  0.2  
  1.8  
  0.2  
  0.2  
  0.2  
  1.5  
  9.2  
  1.0  
  0.2  
  0.4  
  2.5  
  3.3  
  0.2  
  0.1  
  0.0  
  0.0  
  4.8  
 19.4  
  0.9  
  0.1  
  0.0  
  0.0  
  0.0  
  0.0  
  0.2  
  0.1  
  0.1  
  0.0  
  3.8  
  0.0  
  0.1  
  0.1  
  0.1  
  0.2  
  0.0  
  0.0  
  2.9  
  2.1  
  6.7  
 11.2  
  6.1  
  2.1  
 42.2  
 12.5  
  0.1  
  0.3  
  0.3  
  0.2  
  0.0  
  1.2  
  0.1  
  0.5  
  0.0  
  0.0  
  0.0  
  1.7  
  0.5  
  1.8  
  2.1  
 16.1  
  0.6  
  0.2  
  4.0  
  4.0  
  1.3  
 22.4  
 35.7  
  8.7  
  1.2  
  0.3  
  0.1  
  1.1  
  6.5  
  7.0  
  0.6  
  0.2  
  0.2  
  0.1  
  0.0  
  0.0  
  0.0  
  3.3  
  0.3  
  0.1  
  0.1  
  0.0  
  1.6  
  0.3  
  1.9  
  0.0  
  0.0  
  0.3  
  1.3  
  0.1  
  0.0  
  1.7  
  0.1  
  0.1  
  0.1  
  0.2  
  0.0  
  0.1  
  0.1  
  0.2  
  0.1  
  0.1  
  0.2  
  3.7  
  0.1  
  0.0  
  0.0  
  0.0  
  0.0  
  1.8  
 20.7  
  0.1  
  0.1  
  0.0  
  0.0  
  0.1  
  0.0  
  0.0  
  0.0  
  0.2  
  0.2  
  5.6  
  1.8  
  7.0  
  0.3  
  0.1  
  0.2  
  0.0  
  0.0  
  0.0  
  0.0  
  0.1  
  0.2  
  0.8  
  0.0  
  0.0  
  0.2  
  0.2  
  2.6  
  3.8  
  1.8  
  0.1  
  0.6  
  0.4  
  0.0  
  0.5  
  0.0  
  0.0  
  1.3  
  0.0  
  4.4  
  1.2  
 13.8  
  0.0  
  0.9  
  0.3  
  0.3  
  0.6  
  0.3  
  2.4  
  8.4  
  6.3  
  2.2  
  4.4  
  1.6  
  7.0  
  2.2  
  1.7  
  0.6  
 13.6  
  2.2  
  1.1  
  0.1  
  2.6  
 11.4  
  0.7  
  5.1  
  0.1  
  0.4  
  3.2  
 10.2  
  4.2  
  8.4  
  0.0  
  2.8  
  0.0  
  7.2  
  2.5  
  4.8  
  0.0  
  0.0  
  0.0  
  1.4  
  2.9  
  5.5  
  0.0  
  0.0  
  0.0  
  0.0  
  0.2  
  0.0  
  0.0  
  1.9  
  1.3  
  0.1  
  0.1  
  0.0  
  0.0  
  0.0  
  0.4  
  8.0  
 10.8  
  3.6  
  0.1  
  0.1  
  0.1  
 14.8  
  5.4  
  0.1  
  5.3  
  0.2  
  0.3  
  0.2  
  5.0  
  4.9  
  2.1  
  6.0  
  3.9  
  0.2  
  7.5  
  0.6  
  0.0  
  0.4  
  1.8  
  0.1  
  0.0  
  0.0  
  0.0  
  0.0  
  0.0  
  1.9  
  1.7  
  0.1  
  0.4  
  0.0  
  1.2  
  1.2  
  1.3  
  7.0  
  0.2  
  2.6  
  0.9  
 25.0  
  0.6  
  0.0  
  3.3  
  1.0  
  5.4  
  5.2  
  0.2  
  0.7  
 11.3  
  0.0  
  6.2  
  6.5  
  0.0  
  9.6  
  0.0  
  0.6  
  3.7  
 54.0  
  3.4  
  0.1  
  1.5  
 16.2  
  0.0  
  0.1  
  0.0  
  0.0  
  4.3  
  0.2  
  0.3  
  1.0  
  0.0  
  0.1  
  0.1  
 24.9  
  3.5  
  1.2  
  2.9  
  0.0  
  2.2  
  0.7  
  3.7  
  0.4  
  3.8  
  6.7  
  0.2  
  0.0  
  0.8  
  2.4  
  0.5  
  0.3  
  0.2  
  0.3  
  0.2  
  0.0  
  1.1  
  0.4  
  0.2  
  0.9  
  0.2  
  0.0  
  9.9  
 18.0  
 14.3  
  0.8  
  4.1  
  4.6  
  1.9  
  0.0  
  1.3  
  0.0  
  0.0  
  0.0  
  0.0  
  0.1  
  0.1  
  0.0  
  0.0  
  0.2  
  0.1  
  0.0  
  0.0  
  0.5  
  0.0  
  1.9  
  2.3  
 18.5  
 10.8  
  8.4  
  4.2  
  1.4  
  0.0  
  2.6  
 11.7  
  0.2  
  0.8  
  2.2  
  9.1  
  0.6  
  2.8  
  1.3  
  0.6  
  5.5  
  1.3  
  3.1  
 15.2  
  5.8  
  4.1  
  0.4  
  0.1  
  1.7  
  2.4  
  0.1  
  0.0  
  1.5  
  0.9  
  0.7  
  9.2  
  0.7  
  0.0  
  0.6  
  1.0  
  1.8  
  0.0  
  0.0  
  0.0  
  9.4  
  0.0  
  1.2  
  0.0  
  0.0  
  8.2  
 13.7  
 10.7  
  1.3  
  6.6  
  0.0  
  1.5  
  1.0  
  0.0  
  9.0  
  0.8  
  1.6  
  1.9  
  0.7  
  0.8  
  3.2  
 10.9  
  1.8  
  2.8  
 11.1  
  0.1  
  0.0  
  0.0  
  0.0  
  0.0  
  3.0  
  6.7  
  4.3  
  0.0  
  1.6  
  1.0  
  0.1  
  0.0  
  1.9  
 20.7  
  0.2  
  0.0  
 24.3  
  5.0  
  0.2  
  0.1  
 10.3  
  2.6  
  0.0  
  0.1  
  0.0  
  0.1  
  7.5  
  6.0  
  0.1  
  1.2  
  0.0  
  3.9  
 12.9  
  0.1  
  2.9  
  2.0  
  0.0  
  0.0  
  0.0  
  0.1  
  4.3  
  0.1  
  0.1  
  0.0  
  0.0  
  0.0  
  0.0  
  0.0  
  0.0  
  0.0  
  1.0  
  0.8  
  0.8  
  1.1  
  1.5  
  0.1  
  0.1  
  1.0  
  0.2  
  0.0  
  0.0  
  0.0  
  0.0  
  0.0  
  0.1  
  0.0  
  0.1  
  0.0  
  0.0  
  0.0  
  0.0  
  0.1  
  0.0  
  0.0  
  3.0  
  0.1  
  0.2  
  0.2  
  0.2  
  0.2  
  1.3  
  0.8  
 16.1  
 16.3  
  0.2  
  0.0  
  0.0  
  0.0  
  0.0  
  0.0  
  0.0  
  0.0  
  6.3  
  0.1  
  2.1  
  2.4  
  0.1  
  0.2  
  0.0  
  0.0  
  0.8  
  0.0  
  2.9  
  0.1  
  2.4  
  0.7  
  0.3  
  0.5  
  1.2  
  0.2  
  0.0  
  0.0  
  1.7  
 14.4  
  2.1  
  4.3  
 11.5  
  0.2  
  1.3  
  2.6  
  2.9  
  0.0  
  0.2  
  9.0  
  2.3  
  1.6  
  2.4  
  0.0  
  0.1  
  1.6  
  3.6  
  3.6  
  0.1  
 12.4  
  0.3  
  0.2  
  1.1  
  0.1  
  0.0  
  0.3  
  0.4  
  8.9  
  0.1  
  0.4  
  0.2  
  0.0  
  0.0  
  0.0  
  0.0  
  0.1  
  0.0  
  0.0  
  0.0  
  0.0  
  1.9  
  0.2  
  1.2  
  0.1  
  0.0  
  0.0  
  0.0  
 11.1  
  1.4  
  1.4  
 22.0  
  2.0  
  0.0  
  0.8  
 10.1  
  4.7  
  0.0  
 13.6  
  2.5  
  2.7  
  0.3  
  0.4  
  0.0  
  0.0  
  0.0  
  0.0  
  0.0  
  0.0  
  0.0  
  3.4  
  6.3  
  0.4  
  9.3  
  4.3  
  0.1  
  0.9  
  9.3  
  0.2  
  0.5  
  0.5  
  0.1  
  0.7  
  0.1  
  0.2  
  0.1  
  0.0  
  0.0  
  0.0  
  0.1  
  3.9  
  0.2  
  0.0  
  0.1  
  1.7  
  0.4  
  0.2  
  0.8  
  0.0  
  0.0  
  5.7  
 18.0  
 12.0  
  2.0  
  0.0  
  0.2  
  0.1  
  1.2  
  3.8  
 13.0  
  0.1  
  3.5  
  0.2  
  0.1  
  6.4  
  1.0  
  0.0  
  0.0  
  0.2  
  0.0  
  0.0  
  0.0  
  0.0  
  0.1  
  0.0  
  0.0  
  0.0  
  0.0  
  4.3  
  5.1  
  7.0  
  4.1  
 17.7  
  5.4  
  0.0  
  7.8  
 20.8  
 37.6  
  1.1  
  0.1  
  1.2  
  0.5  
  0.2  
  0.0  
 11.4  
  9.8  
  2.0  
  0.1  
  0.1  
  2.9  
  0.0  
  0.0  
  0.0  
  0.0  
  0.0  
  0.1  
  0.3  
  0.7  
  2.2  
  2.1  
  0.1  
  0.0  
  0.0  
  1.7  
  0.3  
  0.0  
  0.0  
  0.0  
  0.1  
  5.6  
  1.2  
  2.8  
  6.1  
  0.4  
  0.0  
  0.3  
  4.5  
  0.9  
  0.0  
  4.6  
  0.8  
  0.0  
  2.5  
  3.9  
  0.4  
  0.0  
  0.0  
  2.3  
  0.0  
  0.0  
  0.0  
  0.0  
  3.6  
  0.2  
  4.9  
  0.3  
  1.9  
  0.5  
  0.0  
  3.0  
  0.3  
  0.0  
  2.2  
  0.7  
  2.9  
  3.5  
  0.7  
  1.4  
  4.6  
  0.1  
  1.6  
  0.1  
  0.0  
  0.0  
  1.6  
  0.8  
  2.5  
  0.0  
 30.8  
  6.8  
  1.9  
  1.9  
  0.4  
  6.7  
  1.6  
  3.3  
  3.0  
  0.2  
  0.0  
  0.3  
  0.1  
  0.0  
  0.0  
  0.0  
  0.0  
  0.0  
  0.1  
  0.1  
  0.0  
  1.8  
  0.6  
  0.7  
  0.2  
  0.0  
  0.0  
  0.0  
  0.5  
  3.6  
  2.3  
  2.7  
  1.9  
  1.8  
  1.5  
 18.0  
  1.8  
 60.3  
 17.3  
  5.5  
  4.6  
  0.6  
  0.9  
  5.4  
  2.9  
  0.1  
  2.6  
  8.2  
 24.1  
  0.9  
  0.2  
  0.1  
  0.0  
  0.0  
  0.0  
  0.0  
  0.8  
  0.0  
  0.0  
  0.0  
  0.0  
  0.0  
  4.3  
  5.8  
  3.4  
  0.1  
  0.0  
  1.1  
 12.0  
  5.1  
 77.7  
 25.6  
  3.0  
  4.0  
 10.8  
  5.7  
 10.0  
 10.3  
 10.5  
  3.2  
  0.0  
  0.7  
  0.4  
  2.0  
  0.9  
  0.4  
  0.5  
  0.0  
  0.0  
  5.4  
  0.4  
  4.0  
  0.0  
  0.6  
  0.6  
  6.4  
  6.0  
  0.5  
  0.1  
  0.0  
  0.0  
  0.4  
  6.1  
  0.0  
  0.0  
  0.0  
  0.0  
  0.0  
  0.0  
  0.0  
  0.0  
  0.0  
  1.1  
  3.6  
  0.1  
  0.1  
  9.6  
  1.0  
  0.1  
  0.6  
  0.0  
  0.0  
  0.6  
  0.4  
  0.0  
  0.0  
  0.4  
  3.6  
  0.0  
  0.0  
  0.0  
  0.1  
  0.6  
  2.0  
  3.9  
  0.9  
  2.9  
  1.4  
  0.1  
  0.0  
  0.0  
 13.4  
  2.9  
  5.7  
 79.3  
 19.4  
  7.2  
  8.2  
  4.9  
  3.9  
  3.8  
  6.2  
  0.1  
  0.0  
  0.0  
  0.0  
  0.0  
  0.0  
  0.0  
  1.2  
  0.0  
  0.0  
  0.1  
  2.5  
  5.4  
  1.2  
  0.0  
  0.9  
  0.1  
  2.0  
  5.7  
  5.5  
 13.4  
  0.0  
  0.0  
  0.0  
  0.0  
  0.0  
  0.0  
  3.6  
  0.2  
  0.4  
  0.2  
  2.7  
  0.2  
  0.0  
  0.0  
  0.0  
  1.4  
  0.0  
  0.0  
  0.0  
  2.1  
  0.2  
  0.5  
  0.2  
  0.0  
  1.0  
  0.6  
  2.9  
 10.2  
  3.0  
  2.1  
  0.0  
  0.0  
  0.1  
  0.1  
  0.2  
  0.0  
  0.0  
  0.1  
  2.8  
  1.5  
  0.1  
  0.1  
  1.5  
  3.5  
  0.4  
  0.7  
  0.1  
  0.0  
  0.8  
  1.3  
 10.2  
  1.7  
  1.9  
  0.9  
  1.7  
  5.4  
  1.6  
  0.1  
  0.1  
  0.1  
  1.5  
  0.3  
  3.4  
 10.5  
  0.4  
  3.9  
  0.5  
  1.5  
  0.2  
  0.1  
  0.1  
  0.1  
  0.0  
  0.0  
  0.0  
  0.0  
  0.2  
  0.2  
  0.0  
  0.1  
  0.0  
  2.4  
  0.0  
  0.1  
  0.2  
  0.3  
  0.0  
  0.0  
  0.0  
  0.1  
  0.0  
  0.2  
  0.1  
  6.3  
  7.1  
 16.1  
  6.4  
  4.9  
  6.3  
  0.1  
  0.2  
  0.0  
  0.0  
 15.0  
 25.9  
  0.2  
 10.8  
  1.0  
  0.0  
  3.5  
  1.3  
  1.9  
  2.0  
  0.0  
  0.1  
  0.0  
 18.5  
  7.0  
  1.8  
  4.5  
  0.3  
  0.7  
  0.3  
  0.4  
  0.2  
  1.3  
  0.5  
  0.2  
  0.2  
  0.0  
  0.0  
  0.0  
  0.0  
  0.0  
  0.0  
  0.8  
  0.7  
  0.2  
  3.5  
  0.0  
  0.0  
  1.6  
  2.8  
  1.1  
  0.2  
  1.2  
  0.1  
  4.0  
  0.3  
  3.7  
  1.1  
  0.2  
  0.1  
  1.5  
  0.4  
  1.8  
  0.1  
  0.3  
  0.3  
  0.1  
  0.1  
  0.4  
  1.2  
  0.0  
  0.0  
  0.4  
  0.1  
  0.0  
  0.0  
  7.1  
  0.1  
  0.3  
  8.1  