Arctic foxes, fur returns, Ungava District, 1868-1924
#Source: C. Elton (1942) "Voles, Mice and Lemmings", Oxford Univ. Press
#Table 51, p.415-6.
     395
     118
     385
    1008
    1096
     512
     217
    1432
    4682
    1861
     292
    1300
     731
     753
    1394
     498
     115
     501
     306
    1167
     628
    1503
    2585
    1119
     979
    1216
    1061
     360
     607
    2759
     796
     490
    1494
    4489
    1879
     248
    3237
    5019
    1189
     159
     632
    3502
     547
      78
     131
     704
     429
      29
     344
    1607
     768
     296
    2397
    9797
    1806
     497