Coloured fox fur production, HOPEDALE, Labrador,, 1834-1925
#Source: C. Elton (1942) "Voles, Mice and Lemmings", Oxford Univ. Press
#Table 17, p.265--266
      22   
      29   
       2   
      16   
      12   
      35   
       8   
      83   
     166   
      62   
      77   
      42   
      54   
      56   
       5   
       9   
      78   
     151   
      27   
      14   
      71   
     261   
      22   
       3   
      16   
      70   
       7   
       2   
      26   
      27   
      35   
       9   
      11   
      73   
      39   
      22   
      41   
      31   
      60   
       7   
      28   
      43   
      17   
      26   
      35   
      60   
      75   
      18   
      58   
      38   
      28   
      26   
      29   
      43   
      16   
      40   
      25   
      28   
      12   
      22   
      13   
      52   
      90   
     103   
      15   
      26   
      29   
     102   
      31   
       9   
      33   
      90   
      95   
      17   
      35   
      59   
     115   
      12   
      26   
      38   
     202   
      25   
      83   
      92   
      58   
       0   
      19   
      63   
     108   
      25   
      38   
     231   