Fur sales, marten, HB Co., 1850-1911
#Jones, J.W. (1914) "Fur-farming in Canada", Commission of Conservation
#Canada, pp.209--214
  65051
  64495
  88412
  73055
  91882
 137009
 179736
 171022
 138535
 139124
 102235
  74738
  80484
  79979
 112396
 124830
 142970
 126616
 106784
  81706
  52308
  55453
  60455
  66841
  66750
 131170
  83439
  81174
  74703
  55734
  46273
  46030
  52631
  62711
  71116
  78981
  79027
  51151
  73259
  64558
  73123
  65146
  73850
 100257
 110015
 107002
 103329
  95911
  85284
  67738
  64446
  55777
  57131
  79147
  52639
  35752
  45441
  47494
  34874
  23640
  28979
  29338