Fur sales, HB Co., muskrat, 1850-1911
#Jones, J.W. (1914) "Fur-farming in Canada", Commission of Conservation
#Canada, pp.209--214
  175472
  194682
  292530
  493952
  512291
  345626
  258806
  302267
  313502
  254246
  177291
  206020
  335385
  357060
  509769
  418370
  320824
  412164
  618081
  404173
  232251
  443999
  704789
  767896
  671982
  523802
  583319
  437121
  486030
  499727
  478078
  829034
 1029296
 1069183
 1083067
  817003
  347050
  380132
  344878
  223614
  322160
  574742
  806103
  934646
  648687
  674811
  813159
  551716
  568934
  701487
  767741
  928199
 1650214
 1488287
  924439
 1056253
  695070
  407472
  172418
  302195
  749142
  963597