Fur sales, otter (land), HB Co., 1850-1911
#Jones, J.W. (1914) "Fur-farming in Canada", Commission of Conservation
#Canada, pp.209--214
  11080
   8928
   8959
   8991
  12079
  11141
  13802
  11577
  12511
  13165
  11279
  13199
  14158
  13331
  15443
  13600
  18380
  15271
  14992
  12545
  10973
  13105
  13787
  11263
   9010
  13088
  11524
   9926
  11753
  13101
   8313
  10177
  10191
  11992
   9248
  12260
  10875
   8326
  11613
   8771
   9298
   8193
   9798
   8671
   7474
   7512
   8919
   9346
   9690
  10016
   9799
   9190
   8711
  10296
   6463
   4892
  10580
   7726
   6137
   6361
   5487
   6532