Fur sales, HB Co., racoon, 1850-1911
#Jones, J.W. (1914) "Fur-farming in Canada", Commission of Conservation
#Canada, pp.209--214
  1338
  1847
  1255
  1695
  1193
  1676
  1798
  1895
  2295
  1273
  2434
  3397
  3640
  3883
  1794
  3335
  4710
 11678
 21321
  4894
  1696
  3341
  4011
  3636
  3152
  7241
  2149
  1042
    514
    613
     15
    830
    538
    841
    354
    139
    124
    325
    250
    217
    153
    172
    171
    194
    218
    743
    575
  1642
  6466
  2916
 13544
  9177
  1973
  1024
    718
    404
    281
    602
    243
    141
    266
    197