Fur sales, H.B. Co., skunk, 1850-1911
#Jones, J.W. (1914) "Fur-farming in Canada", Commission of Conservation
#Canada, pp.209--214
  1262
  1136
  1452
  1619
  4474
  5959
 11320
  7750
  8213
  8529
  9983
  3758
  3315
  1969
  2966
  1617
  2780
  2779
  6208
  6679
  9606
  3286
  2621
  1759
  1322
  2077
  2828
  3928
  6933
  8395
  7927
  6818
  5407
  7178
  6474
 12647
 21249
 11009
 16390
 11334
 10814
 12665
 10646
  9214
  6841
  8885
 13664
 18842
 16755
  9874
 11012
  6172
  5749
  5207
  5427
  6090
  9129
 11581
  5235
  1591
  1613
  1037