Fur sales, HB Co., wolf, 1850-1911
#Jones, J.W. (1914) "Fur-farming in Canada", Commission of Conservation
#Canada, pp.209--214
 12088
  9747
  7813
  8508
  6788
 15419
  7588
  9572
  7728
 12659
  8670
  6051
  4087
  3932
  8035
  5717
 12616
  6340
  7526
  9318
  5856
  5399
  2802
  6413
  3724
  3074
  2083
  1865
  2975
  2590
  4707
  3136
  1459
  2121
  1580
  1848
  1334
  1180
  4793
  3404
  2532
  4286
  1725
  1577
  2086
  1498
  2655
  3980
  7655
  3575
  3104
  2643
  1366
  1805
  1972
  1246
  1707
  2799
  4510
  3858
  3149
  2412