Fur sales, HB Co., wolferene, 1850-1911
#Jones, J.W. (1914) "Fur-farming in Canada", Commission of Conservation
#Canada, pp.209--214
 1424
 1491
 1773
 1302
 1090
 1154
 1145
   923
 1087
 1129
 1416
 1410
 1529
 1426
 1328
 1230
   909
   768
 1111
 1457
 1421
 1848
 1656
 2095
 1765
 1351
 1286
 1136 
 1794
 1997
 1777
 2471
 1614
 1883
 1583
 1528
 1203
 1245
 2452
 2031
 2243
 1416
 1147
 1017
   889
   652
   579
   822
 1064 
   904
   923
   776
   635
   695
   627
   412
   504
   730
   894
   763
   807
   902