3610        VOLUME OF MONEY DEFINITION M1
3640        ABS SERIES FADM.UCNBSM00400A  FROM RBA BULLETIN
3611        FEB 1960 TO DEC 1989
3532
3523
3467
3461
3470
3517
3544
3551
3476
3480
3467
3444
3334
3293
3222
3221
3248
3301
3356
3457
3491
3505
3517
3504
3412
3378
3349
3329
3331
3402
3423
3525
3562
3574
3587
3563
3482
3464
3453
3447
3493
3578
3653
3783
3838
3871
3942
3894
3743
3732
3723
3699
3760
3799
3871
3991
3956
4032
4034
3920
3810
3790
3671
3669
3689
3733
3788
3907
3894
3995
3933
3927
3831
3817
3760
3815
3882
3967
4062
4203
4182
4246
4291
4169
4106
4074
4035
4073
4113
4189
4300
4495
4529
4496
4507
4488
4379
4414
4374
4359
4421
4527
4581
4752
4820
4858
4885
4864
4752
4750
4746
4740
4756
4865
4989
5205
5160
5234
5337
5203
5041
4984
4983
4961
5036
5112
5213
5447
5368
5419
5415
5365
5273
5313
5228
5299
5397
5416
5498
5750
5703
5738
5774
5848
5735
5795
5822
5920
6053
6269
6468
6899
6927
6977
7039
7223
7190
7317
D
7432
7587
7720
7717
8050
7956
8016
7899
7902
7649
7450
7324
7210
7295
7465
7549
7990
8116
8133
8362
8625
8267
8389
8559
8631
8743
9059
9279
9807
9890
9823
10041
10025
9573
9572
9531
9601
9785
9839
10029
10681
10675
10805
10863
10707
10343
10377
10348
10423
10512
10647
10896
11378
11311
11334
11509
11480
11204
11266
11328
11411
11539
11725
12011
12709
12900
13012
13195
13434
13003
13146
13304
13491
13540
13759
13926
14661
15149
15107
15170
15168
14613
14843
15079
15141
15284
15792
16310
17218
16919
16777
16870
16911
16377
16627
16818
16726
16797
16924
17082
18063
17917
17802
17784
17320
16772
16895
16724
16618
16684
16800
16896
18031
18081
17981
18102
17932
17564
17881
17880
17976
18242
18521
18903
20795
20355
20182
19763
19885
19327
19646
19919
19923
20169
20555
20869
22289
22124
22249
22302
22761
22185
22460
21891
21808
22117
22869
22626
23298
22652
22339
22880
23033
22521
23354
23738
23536
23669
24512
24495
25947
25800
25630
26348
26543
26469
26644
27273
27202
28331
29599
29954
31218
30281
30386
31511
31690
31101
31597
31821
32019
32461
33300
34365
36180
34701
34805
34879
34063
34258
34271
34277
34105
34031
34462
34688
36941






