  7191  Volume of
  7239  Money
  7228  Def. M3
  7160
  7193  FADM.UCNBSMOO900
  7187  Feb 1960 - Dec 1994
  7209
  7241
  7315
  7366
  7401
  7341
  7385
  7401
  7388
  7294
  7301
  7298
  7359
  7438
  7542
  7634
  7753
  7805
  7869
  7915
  7906
  7815
  7845
  7901
  7956
  8027
  8155
  8237
  8367
  8430
  8498
  8542
  8532
  8471
  8517
  8599
  8658
  8752
  8907
  9063
  9242
  9339
  9429
  9541
  9544
  9477
  9556
  9656
  9734
  9880
  9992
 10142
 10313
 10300
 10439
 10488
 10404
 10288
 10337
 10320
 10378
 10458
 10560
 10690
 10846
 10875
 11052
 11000
 10963
 10877
 10938
 10981
 11105
 11218
 11356
 11518
 11686
 11706
 11830
 11895
 11770
 11747
 11824
 11902
 12020
 12155
 12312
 12506
 12739
 12802
 12801
 12824
 12771
 12684
 12805
 12878
 12955
 13096
 13272
 13423
 13635
 13757
 13869
 13930
 13931
 13883
 13974
 14056
 14154
 14267
 14475
 14705
 14934
 14882
 14976
 15106
 14991
 14860
 14837
 14858
 14884
 15038
 15221
 15427
 15698
 15648
 15806
 15909
 15868
 15767
 15852
 15860
 16060
 16350
 16526
 16729
 17067
 17189
 17378
 17438
 17516
 17367
 17508
 17827
 18255
 18704
 19281
 19787
 20425
 20800
 21175
 21347
 21600
 21659
 22001
   *
 22915
 23450
 23911
 24149
 24779
 24998
 25377
 25477
 25470
 25242
 24706
 24465
 24323
 24584
 25351
 26008
 26541
 27153
 27715
 28228
 28502
 28184
 28557
 29247
 29810
 30380
 31149
 31689
 32333
 32604
 32525
 32911
 32924
 32467
 32672
 33202
 33747
 34449
 35059
 35559
 36395
 36695
 37187
 37384
 36868
 36166
 36265
 36344
 36669
 37028
 37588
 38087
 38659
 38784
 39156
 39726
 39481
 38937
 39151
 39592
 40393
 40988
 41507
 41960
 42743
 43178
 43711
 44244
 44190
 43560
 43777
 44061
 44687
 45174
 45920
 46622
 47668
 48628
 49057
 49311
 49009
 48509
 49159
 49860
 50449
 51068
 51969
 52657
 53856
 54144
 54452
 55080
 55012
 54724
 55387
 55780
 56129
 56963
 57778
 58334
 59558
 59827
 60167
 60738
 61048
 61433
 61653
 62115
 62428
 63413
 63666
 64347
 65967
 65918
 66547
 68277
 68167
 68283
 69373
 70169
 70544
 71443
 71984
 72830
 74719
 75111
 75954
 76435
 76412
 76132
 76940
 78201
 78955
 79788
 80407
 81573
 83760
 85150
 86171
 87097
 87762
 87963
 90389
 93540
 93909
 95415
 95859
 96700
 98439
 97802
 97980
 99248
100676
100639
101867
103177
103390
104006
105205
105012
107401
108268
108838
110481
112157
112994
114899
117070
117225
118952
120897
122718
124609
124200
124576
125761
126152
126792
130168
131939
133045
135498
139394
142255
147806
149189
152023
154734
156854
158431
164964
171073
173500
173938
176073
177427
180852
182807
184279
185877
187076
186849
190410
191812
193944
187185
198445
200682
204489
200860
199684
200844
199199
199963
202650
203749
203203
205065
205248
204981
208312
207315
207352
206318
206269
206482
208519
218783
219537
219949
219450
221100
224371
225407
225868
227460
225449
225245
229612
231722
229624
232401
233367
235011
237660
240728
240868
244289
243857
244764
246237
248956
249641
250496
253188
256807
261115
