1291380490453
1324253032149
1297523935249
1126796058004
680506406707
881659517565
1267977425414
1119258857283
1334999835785
1283244811435
971786039864
660501751428
983704185009
1291700400067
1285095727131
1281775706664
1233345952425
791724319882
662439074499
1136746193055
1303458262711
1289651053021
1267364561457
1288858826405
758250940185
668667662452
1318519578659
1328394294123
1329280647404
1337087700596
1266260042490
683004056110
668070456510
1331819262072
1347186866066
1264773875639
1058051714501
1129208101202
688810188780
671073681693
1315892689852
1324081806201
1294891949371
989399753194
1130353480939
620535232587
650919834898
1207536598660
1216181774429
1159323536334
1134002361474
