56718587433
76456162968
82534038485
88796995092
90247922345
90146117117
90457410673
89967660859
87211742250
73610634839
56695326238
48110601866
44406878766
43050199070
36961508495
31555022712
27467342825
25041832565
21160963384
19820358830
19088172849
23204098006
26290215100
42380697686
70062696507
80545779973
92844295517
96880965179
90932927706
91291134373
91713661478
90959467260
79385942062
62489604464
56243244765
50040519394
46874882633
41135776475
33502564447
28113068984
24938212968
21893717932
20344443618
19757922807
19588672617
21350728448
34965445638
58397356904
79198224742
89726734078
92701958472
89941544749
93225272251
93840519305
91765453742
84996841280
70779170417
53526087319
46784929778
44815865828
43427241554
35995811572
29517833610
25972915242
22076654385
18612412211
17578929475
17890609373
19914942830
24541346137
41746859874
68945777025
83169448382
86786075089
89042055096
86097518435
88060769558
82790015630
77013585468
69808192637
54702484989
44434741117
41097148377
39589080464
38201899367
32410734851
28470110617
24499437605
21541009914
19911908989
19004052140
18433033394
18084021621
18353670284
20552677072
24742386908
29869136393
32991125146
35455444894
34495523400
36632467202
35770881326
36997643697
37444324377
36945904309
35656883587
35206119914
35164625350
33085234266
28991038667
24844352190
21479091992
19603190408
18765174985
16295678345
16022404241
16154259012
17434601715
20183967438
25017333853
30089422165
34186421348
36615951807
38454819133
38957771195
40538801266
40119118153
41730502477
42286115273
41372927933
42151163877
42029366021
33338929671
27221185797
23613482427
20130386547
17068709687
16717288042
17050885445
19849378963
26323638271
47692598805
75061698229
89058955033
93952016151
92248529591
93884315303
98598194622
94918072018
90368765813
78076676092
62318169327
51011542751
47819673805
45060857356
40896550588
34544386635
28278552858
24330862179
20038401630
13243525260
14970999483
15888675868
18839447601
29402021969
46682541126
64840863534
67763783854
70248139596
70026453084
70568256009
71265483811
71406790650
64732717911
55667838233
45870254054
40480322370
37717989977
35932317820
31474139040
27522782661
23633185689
20701088162
18439339209
16644480654
15660734270
19393660673
25667771463
44702009141
68746193884
81341466591
91415442331
91471390750
91698324032
93240694237
93560668007
90794943805
82403486751
67183506201
53094988311
48985931367
50608884438
44561928647
38084115736
31477406883
26095179429
21487257256
20103155471
17787623104
17164686118
20300522867
31898994455
50531690008
73367644616
86864820992
92231992304
88648310194
86917235682
90947348624
90833758016
87857104368
72980100869
56408108018
49650093895
47768443060
42508317784
37747595019
32399746752
26325025621
21627312830
20091925843
18444816637
17733633011
21068815730
23371848947
39228407073
62040791794
76036687597
84460696178
88148687893
85959610796
87827729520
86380170522
80837825162
68258441125
55279948612
44532024422
41674109773
39795330623
37731804120
33935116257
30750989823
25866335811
23537275010
19892546541
17993247580
17072051951
17464003864
18280991947
20129960363
24297933220
28988486108
32111458880
33188647834
33948498595
34901406545
34200387221
33252484732
34298425351
32780824184
32701250725
32904910111
33233555866
32345769427
28613426442
26075574488
23501583388
20933264119
18261475109
17509082781
17441156446
16939250253
17636476728
20066593160
24111654735
29049545420
32633749081
33161406521
34189107029
33809448266
34698154299
35193072263
36253566359
36403966133
38217780559
39458073129
38298035420
34267973834
28731422198
24227249317
20166270825
17930418286
17323729246
16997353864
18769236944
25628529195
40272090905
65385393850
81177675814
86953500358
89999003212
89353133704
91720130739
92693533335
88028637946
77916940370
62930249732
48573944939
43681881772
45079040820
42561941101
35301165456
29048949293
25852728033
20240655910
19124454023
17310410327
17763275240
19639784058
29136134575
53482487731
75792574816
84783523066
89979732872
90410764791
90647459122
94351817197
93440478269
86441097495
71610751830
55475825052
45641548343
42998363604
41066697564
39156302500
35711969028
26518128134
22129294260
19814404111
17621019256
16789547703
17412988896
22107956308
35413766557
54202014860
73644478378
86914692017
95130616325
94752210602
96749758842
94146117788
87724228491
78084068779
64873233107
52512036299
46710108518
44723129914
43482618734
41713417601
31604482629
26801566292
21981436497
20051463097
18936099883
18913543746
20086557461
27699202389
45389140948
69957720593
79888649565
86677746703
87027215661
84881166263
87910755706
87255108244
84070445882
72188104075
56562363509
44581805266
43993848467
41782121431
38593471070
33344338129
29331874861
24279898678
20524184580
19410638608
19077601022
19701841930
22623183249
33552904831
55456589484
73746260242
80605959026
84981800996
82944445590
82451913391
82285249864
76092595741
66585802405
55579238848
43930782316
40643599482
37923558744
37171815459
32279222458
27907221791
24107041314
20840673538
19632573039
18085537645
17224930160
16224642386
18080887606
19115317113
22772737360
27603867782
31260092052
33513163038
35307910200
35306567451
34534541954
33251462515
34320176507
32752584439
31816562518
34328429859
32865579762
31448682807
29371343347
26098256769
22684355456
20643567540
19666781391
18160358306
17508706619
17718034385
17899663966
19391359768
23036453257
28863073469
32040997197
34817157993
33390220982
34061008560
36304257087
35827042490
34750059478
34076320591
35134664505
35590569103
37282051881
33453710572
29937238932
24919876687
21130619742
18805880633
17230086580
16513087953
16389442102
24202012119
36449180634
60125675774
79245814072
86819147689
92814438632
89801318252
90664060602
93486004831
92097889201
81970562386
66124825683
51079672561
45976815164
43371969975
40956068380
35726583722
30992587167
27377954868
24519862448
21631201121
21550451726
18531126626
19764676464
28333709789
47114378417
70639933712
85145696709
87394476199
91152740687
90673456130
91889331011
92310511811
89229669955
77415208273
62077613482
49491253091
45890323997
43486750561
40288682989
34315317128
30292827588
25221238038
22414064318
20593062894
20455793926
21481920392
24130494773
34315452754
55679381961
77590222158
85134163794
86776950459
87802369654
86253412704
90199610258
88382922934
79962014895
65558266329
51084928967
44927478195
44404995659
42191591661
38181375398
32220154016
26529756951
24210973068
21312279835
19819302609
18323092827
19497160722
26417114909
42260870756
63307902599
79940064327
87597102239
90684395193
88802196088
88041084792
87985675741
85442532863
78624265713
65603051081
51755363851
46574468667
43216079965
40865450755
36097850573
31578670883
26379966003
22722343469
20192602084
19262554209
18984156062
22737110703
29845862355
51384458770
73517736532
84782422467
89036232144
92507049854
91109142089
93342649183
86995497435
82144586631
68223520640
54738964241
45832329649
43157627739
40426943207
39153850256
34132877323
28741465224
24979236321
22178685236
20560388625
19541209903
18347297027
18883298020
19644167721
23562593615
27860544411
31747132945
34852588231
35615313952
35177151656
35380512107
35414276728
34897438075
33425047973
33505179243
33500734444
32179702081
31001004579
28918135146
26537343683
24332899690
20838038220
20066572421
21626941932
17697792389
17007445621
17393241068
18289285493
22602862869
27335415583
31768508536
34105599808
34129910541
34195914565
33696048765
34980741187
36508832356
36449512232
37151979337
38957387754
38363078298
37126481318
33287245492
27670783512
23613222216
20309946658
19445100452
19943991151
20715319155
24436408487
34262909178
60651431871
83028042420
90074587336
95034809583
95203332395
94863886958
99649120069
97854731863
91224735995
77685217824
57965829337
49214415595
46050475722
43894171472
43266417163
33523924253
28045054948
22929001712
20999684290
19421959281
18374783356
18939111824
25066377740
40546902854
66617841692
82886796737
92328840430
97202780921
91051447314
95053469812
94356472916
93235514939
83570889967
68984479663
52833479522
47572918760
44024699323
41689067344
36765237303
29931833265
25547007679
21845876244
21008745537
19837515656
19480268930
23096500808
31426115516
50826250681
73624513356
86730883388
92711008893
96147457620
96571328522
96888929011
96263197420
89238921236
76235454922
60362832437
51454083553
48165029463
44903875405
39035488950
33655487011
29648165372
24438126274
22378971026
21611575949
19726354979
19351720367
23962233047
37569876744
61091953346
80559933693
90472737523
96967826338
95937925681
95574841591
95157574039
92399032931
88279687012
71562032159
54788224492
49849027204
44651592609
42234329703
36969284817
32349967921
27997406012
24179615729
22957691366
23455694261
20915595220
21668928823
28643497279
46420775555
68582573078
84155577910
91039580573
91745217610
87881891401
89911120550
87796876573
79273771496
70121954610
57074966722
45680826860
40551305812
37389217178
35351495392
30984959074
26881914483
24645510941
21476349345
19671006064
19181275055
18061403440
18909879283
19497864780
22237621014
27372423871
31060638523
32998646186
34599923439
34732625697
33244570234
31479288339
32745979823
33255061800
32689887915
32450287761
32086226473
32210156563
32020880958
28201980813
24614618919
23224743320
20936348021
19487441181
18632821237
16678781776
16891517428
17045997976
19668423786
23723982073
28508902774
31239179623
32984574201
32335863856
32832310755
33975995929
36730276972
35331705033
36346255676
38269861752
36177835888
35449546447
32212148577
27755464924
24130668412
20170755930
19585498848
17965791427
18145199140
21436676575
28573247498
51326315157
77952491704
91336784369
97899057325
98200826745
96137180949
98168123070
99568330488
91547964982
79883715170
61657668296
51585867778
47213791798
43916146463
40897409816
34982698512
29815232002
24546547903
22993483495
21950124682
20987265077
22900604084
24133695751
37547257708
65405002170
83433602287
93525843851
98445011416
95622462978
97108978928
100871365956
86501816576
73814334814
78975249172
57172622777
48610807778
43998838956
42946609377
38632665347
33724153910
26559307068
23846425070
23234982290
22892308708
18788405358
20445654193
29325633105
49956507923
74173388264
83329446721
92467262920
92435734756
94430078989
96861449107
96398235524
89116873798
79448056007
49524428935
37059450719
32102958505
31476233353
28544235069
24306679391
21146588137
18130726828
16100827265
14973448906
14744472863
15943513614
18565922668
31229699849
46402198537
65294616938
72445080180
75682252236
72862459379
69962557076
71850495161
73112583514
65547978156
54002194243
49247960599
44689344757
43134247765
41020914480
37654951959
33043033289
28778638425
24259773292
22656583805
21218104983
19928280191
22223041703
26340163244
45055441194
70534897280
81995953100
92287290941
80499924288
73490286924
72002318617
69552993504
58515605313
56100712439
48723853683
42585028901
38213503657
35495692404
34512360016
31194620009
28214476694
24351140844
22114328128
21638011579
20118297099
18679282379
18804692123
19206356546
21913628909
27778093044
30977693116
35411242455
36968959933
35257501733
34472591908
34214887170
34369037595
33124089407
32825542526
33195737949
32485917957
32346249287
31228286001
29114144398
25169282743
23830374656
21371000921
20784110086
18987442558
18316354867
17292531917
17252224793
19331174461
23647002495
27763551796
31796429882
33643132411
32996388916
34130695298
33642484396
33160840812
33844286143
34882787515
36206470090
36269421369
36700586664
32626613915
27428492989
22562880915
20863630987
20206569634
19159001521
17408187996
20731990718
27387980384
50102775195
76585391928
89988697101
93194053770
97382191787
96117371087
94077327632
94066358752
91308016990
81990129700
64234716530
50767959441
45177454672
41524708075
37812073722
33895201299
29348020016
25622113073
22175786673
22349838495
19667339301
19857761059
22348110123
33309935263
58242854374
78915317963
89615207202
96161587336
94481761850
94865599606
96583677005
94686427375
86711211169
74569387128
55604439987
48298392806
47427086298
44503593367
38808412121
32341484208
26934482419
23596997935
20965178114
19100967836
17988514570
21503570237
26229146766
43835426773
68175998866
84450039515
92556367815
96911223062
92819380550
92939035290
92221160709
89441701389
78901311402
63437771613
51069589112
45726339223
44515367345
40762926849
34982134952
29127172218
23634627230
18480552168
17982453518
17351783110
16497151281
18730817768
25932611103
39150805077
51777890693
57367307397
62037590132
61472448101
62121645184
62872633858
60188527856
58278688959
57343086568
54503955198
44788105636
42968440538
40078299728
36290223306
34109130134
25695881218
23379724663
21104603783
20576416229
19962475757
19470725630
22476745270
35850723922
58020922980
73141909567
80643120828
86148636887
82988357519
82284139236
81316717503
73734934224
63820256285
52299967164
42339956158
38237747487
35559813102
33597899791
30905266996
27713368039
26200369285
21958407297
20175180479
19165447162
16644366232
16278337987
16742354809
18716663478
22497594924
25526348130
29704462644
31322822735
32698863456
31763644902
31045472739
30581786232
29983816476
31896057571
30882187833
31251819039
32258355131
29359973855
26185236789
23469348786
22309693844
20075397354
19221691098
17832653323
16883076119
16167688153
16578844817
18484792349
22663018596
26276500498
29918449078
31326197580
32436577747
32994264257
34141042456
34842292936
34268417853
37810905726
37837588841
36644275698
34820684299
30809538536
27033229722
23205147479
19664695104
19058262633
18348345343
17126658258
18792841995
22304807063
38424801971
61854579030
77562271197
85783375658
85632719404
88732246236
89275543506
88220756885
83875258110
73567715392
57914144265
47824744948
43034695326
40741178587
38017775954
36729736233
27752909668
24481823920
20558402612
20979267099
19569674304
18334940266
20251644171
30493030256
50027887375
69545662354
79581041534
84760794806
85132217481
84637123308
86180577242
86625195423
79993334656
67410530584
54022708941
46295140933
44276871634
43830147434
38076968971
34264097050
27527284100
23723753826
21139969709
20481178071
18891728164
22126855232
23834352150
38270572455
57989706046
73827420458
81738978270
83019998179
79744882229
81718180657
82160603679
79782104072
71501856320
56078030507
43557871339
40830687047
39510393783
37649064222
33989833930
29427683147
25700932251
20035596765
19188736058
18747469374
18414293202
21449745576
28494310088
45979741068
65300392265
75395673554
76030987234
78778072390
80283723372
81380717109
78324863891
74337632920
64392893786
50929384433
43561191417
38845437333
37257974284
35351585979
30903688960
26751410412
22172601194
20373983107
20400130074
18891927826
21366429175
21380858488
31093052729
51528036132
69610584123
76364975533
81281257078
