1292582.96038258
947933.787693962
1254720.11036873
1973862.47517009
2002629.95826869
1491157.87156185
1310420.99071579
1208216.49403413
982958.79300772
1045169.21785503
1320324.55186511
1601078.32069955
1629805.40417873
1874187.08039165
1371155.18530868
1091368.77964120
1103957.49050003
1428106.04830794
1388343.80900431
1392645.18165368
1455084.20428127
1418032.61352024
1025194.16429670
1044757.88042102
1393122.10732153
1362865.05679887
1224772.13067585
1264240.20106411
1051907.11097228
747618.950032544
717318.835599509
954423.146399928
885198.78257561
795317.955657813
652025.96463122
497419.70690834
618705.113898348
476895.756157381
459055.574548954
537885.843976622
588911.472270073
567412.216982257
492733.160435278
511449.987343737
544255.440573575
589834.68236785
802806.339191045
991771.057225983
1020805.36914979
1028959.06434408
802838.887614958
907096.370522977
1309346.74052381
1332588.83441402
1305900.54877297
1280921.56575281
1206449.78230469
937899.63316851
984363.94923128
1390835.94898492
1435734.60321288
1401972.4369056
1427291.50288975
1300265.07139983
1045388.79196808
1060182.95762271
1401670.34085734
1441565.16373
1403674.50783301
