64554.4788493508
71138.7492385722
77253.2663003328
77340.779502806
79860.7594145648
81103.4079079732
75227.5597899524
66933.3237610039
59458.3178403242
55028.9677333866
52930.8706124631
50795.023094587
47474.4641032802
45387.152330033
48597.6925306475
48590.2824187022
45276.8570390678
42160.2609785557
38284.1260982288
34675.4960139624
32918.1204838285
32352.3297912301
31597.0189452693
33643.6556044542
37522.8941603143
41738.5827190322
44282.8853347827
43803.9648781376
46397.1522299121
49180.181431642
50711.8211323705
49087.5887543038
47360.9909058473
47937.2452292828
47312.6990259984
46389.8547195990
44270.4422871902
42606.6486894755
40838.8006072861
39294.2846323815
37190.9867200458
37542.9262959261
35328.499586338
26617.1639697674
22759.6921743584
23044.7779988072
22618.1169803109
24095.5872308525
26096.0243238990
28981.9280384733
33023.0226751384
37690.5144110885
42192.5305449642
47105.17924708
52032.4168674926
65306.7169382384
70662.0250705352
71307.9915509614
72310.8562854596
72280.0583632302
70801.0529374803
69972.8127959347
67289.2818406283
61491.5121156741
55463.3240937735
49658.1331778494
45066.4971993558
39938.6155798982
37518.3266564391
37667.3384486991
41410.3843907621
59453.5668156798
85732.7072161868
99485.7143843862
109657.701043999
113513.695837308
122772.135148349
122664.462640075
120957.819838090
112710.781970147
102011.780287860
93463.7023070212
89273.0931466280
84388.795132021
81028.2343840556
79151.7560166647
75475.1266410095
69695.122391044
61426.1734538956
55148.9674202428
49963.177798291
46288.3036526674
43460.8238025103
43872.0012439223
46920.2450208423
64800.1543928768
90777.8683952145
102356.462495194
113912.899286329
119409.565215622
125058.789943813
122651.868957249
119779.180293671
107937.658188249
96320.5037770286
89288.672983597
84061.54042998
82382.836084646
78535.6436786175
80190.009337632
77015.4762353587
72030.65105957
67312.9149814917
60855.2818305274
55619.245674991
50997.3825420973
47565.9284036667
45270.1629059697
48382.9994023483
64916.4161658284
91055.5290636453
102021.362500691
101453.086421870
102830.482578720
119116.364318820
106297.849483359
81473.4159360977
75003.650188884
67270.8986622572
61745.1897520605
60069.5442932234
55082.1360437313
53785.1515013139
51820.4891250403
49220.7865013859
45354.1311339281
38464.3886517659
34335.0069106889
31852.5822210321
28444.1230951098
27960.3474986878
29380.7169492610
32337.9821557954
44782.6565744768
65160.0336648898
74067.2744526768
80437.905296105
80415.565453178
83413.1317238492
84793.3985935452
81314.9954023768
73975.3397809235
66554.9830548406
61711.488546166
58145.5475866939
53628.7497932486
51279.1960376266
48923.3570543946
46283.6000648522
42701.9716533522
37990.3216052601
33373.4951834282
30673.1969292148
28032.5060310073
26527.6368730972
26178.8315246006
30784.684111386
44053.7802990782
62682.2854411126
70084.3699638816
76064.5288395372
74957.9972848048
72677.4334353467
79244.0757162271
74980.7807556714
63487.751703331
54476.0898184011
51138.512063503
51265.5837851455
49326.5149921296
46928.1518962182
46398.8885819219
44664.7371881218
42590.0822050454
39372.4462119828
36232.8736571106
34004.9086618342
29333.9100967457
28015.0915577987
26969.5691974178
25728.5661600050
27591.3448208372
31454.1463155686
36188.7148482658
39750.0587314782
42938.6196861177
47159.7007316744
48890.7993028386
51229.5456791279
49557.579692022
48216.6424388729
46392.5413701328
48494.677793765
45924.9869417742
45613.6505093757
45172.7488777714
45939.2385234497
48667.9796209393
44866.785578402
40357.2369139679
37522.5862424157
33910.1795566655
28542.9957208051
25969.8098994472
24802.0857573406
25395.4822755014
29015.0433497393
32984.0914920756
39098.7933249422
44756.288301804
49035.9526791364
53261.7547116739
55035.1506740261
55287.9873872341
54602.4342668454
54493.0917923127
54553.7440680118
54274.0140262523
52619.979331523
51428.5089083184
47533.7385430277
42460.4342061106
37865.3314119362
35589.8783735422
31999.4404569002
29972.2022733698
28900.2006734323
28501.0947889669
32438.9021203155
49461.1606935330
67889.3997374153
75509.0397126676
80523.0133599384
81577.8378680338
85024.3319735088
86160.1647986768
82759.85667602
72696.0995647235
64397.9295909279
60648.0432646965
58350.2697610502
54538.7353323006
52054.2863912467
48751.0658898842
45148.2152054325
42130.7319690349
36189.3681570205
33105.4644836537
29913.9768102950
27277.1849578270
27026.3262996057
26245.1954994740
32329.16750483
50078.8470568456
68732.6972791
75319.0629091568
92221.7131256154
100538.752308237
104006.470641902
107104.349042821
103349.575857944
88486.318845093
74831.4927905303
74798.9102998385
69512.5550769262
68124.3779627476
66013.2253321037
67082.9534241371
63436.4516368604
58264.328445136
49253.2135767453
43793.8845734479
39106.2987018868
35678.5695066546
35011.9070929993
30168.7525946221
32005.1559470490
54237.3037279934
80516.6675387726
88020.6431681935
96246.3975031108
97177.8378555428
101150.524100413
101657.483447310
95109.5787640431
85348.8651122265
77682.5726347496
75995.0819787323
71526.6601743668
65109.1839717717
63147.4784457462
62795.6225402918
59416.7043223677
55802.4013737045
49038.0251712778
44824.1800355953
41262.3503031257
38502.8419017998
36738.1835356218
36125.8245347164
41135.7246922886
65474.5710729564
82467.5743011861
93079.356015282
102599.388139296
108057.727119821
112837.650108935
111399.188439509
103742.558557602
93405.2536703652
86868.7039310622
84285.964081755
80778.8689599948
78999.2426610931
77799.5618948675
75494.7752999197
74831.1288663524
67754.8816458515
62394.255699267
56962.352893313
53557.7309671273
50272.1280405878
48009.547098995
45399.8982299633
52307.4601254327
70881.8836440669
89448.0309591741
80168.8127466312
87495.9148712424
85857.6635403056
90273.3272760896
87279.3961693384
80299.0830125968
67974.605967908
61223.8558788504
57414.2291271104
56959.3247686888
52867.0154843712
52518.323756847
49083.8985997976
49012.2540318064
43615.8020712150
44068.3120900933
39605.5813477629
37475.3597317863
33046.5559447621
32713.7055867170
29702.7473528399
31026.9556550550
32024.429337686
37573.581681408
40847.8190116504
45148.5806393456
48153.8460402032
54414.2118750736
55386.7618012248
58545.0578052032
54325.4676891912
56527.4912319712
52735.5471597496
55192.6003220208
52802.9468558992
53506.145905316
51269.4988198104
50421.7387781816
47555.3740891496
43531.9163601627
42098.4761148676
35893.2558856186
34565.4537210236
29827.0501965677
30631.9792067082
28932.1149136426
31481.8635372148
33070.4136864710
38476.6693786601
44300.8671304965
49149.843970704
52912.078315776
57696.2980794144
57669.4836812056
58079.8996486712
56645.2402887544
56181.0653844752
55270.048887908
53634.613323424
54419.2894215296
53052.1144869384
50954.808414064
45809.1006763566
40245.0394420324
36423.1715172214
32862.7046158222
30332.5924102742
29028.5721395246
28847.1857154918
33673.1478202872
55223.2420645288
72266.9643366664
80883.7715297848
87918.214220656
89166.018339576
91226.0273393864
91778.4931129408
85757.242628876
78133.241023628
69761.8977147384
66419.6845049928
61680.7252579032
58289.4194771088
55792.6794231312
54811.3060291048
50043.820094028
45475.8416194503
41406.6256479086
38624.7712052374
33913.8283400097
30401.1726269612
29635.5653057614
29031.4807702786
32506.1555118376
53181.1022479752
70535.2507520888
80362.2167733752
86554.1280802096
87539.7849043744
90532.8525996232
91474.8744432568
84942.8777667176
73482.2446998704
65249.9459329952
64664.4191706272
60923.589655088
56993.5307916224
54305.5822388312
51523.2521386528
49976.2260103952
45549.5913132118
40666.0438230115
35652.2329577130
31671.0053826303
29047.4355340325
26784.3734535666
26418.3771524688
31950.5505204548
51543.4229094888
68466.51489768
77996.5424684352
84568.3741282136
83362.6251286744
92336.4371799144
90560.841897156
83445.856063304
74962.6864027816
67144.7452999184
63641.4300033504
60730.07732538
57745.5626888288
54525.2917875608
51384.2083537787
49264.0101719434
44518.6662843817
40001.4110202753
37012.2452812199
34134.1648801774
30817.4829611328
28610.7091560912
28921.1422469534
34124.6360773664
54369.519949164
72559.5952893264
79603.3645458104
87629.283664776
87152.6033285048
93420.9542987656
94073.6449812992
85660.8637540408
74872.9326218824
66375.7262867256
62939.187695616
62600.8496600248
58782.182308112
56805.8596126448
54459.7967115144
50150.2379863856
44525.6860605904
41474.0535147248
39190.3096131792
36423.6366623298
35010.5037493796
35310.0844851255
35726.6828374884
40796.1878400062
59539.97677302
77516.5168207416
85855.9562331872
92292.4722558656
90515.5841881056
93223.1624631144
92415.4303728896
84355.20617416
75752.3706850496
67520.0053194664
64695.3609139664
60892.144051932
57914.2562756272
53136.7789043192
51770.210169704
50281.9949541112
46538.4397732552
42618.366509232
39521.850609672
35830.2307329979
32806.8935594630
30951.4909972898
29855.9009710542
29966.8286643539
31805.1619206849
34528.6087663051
38559.2377893096
42701.3248406832
45711.7808146463
50264.9242628168
53492.44136082
54346.6537431488
52282.9141918696
50309.9219656072
50900.3047185192
52256.6011599216
50330.8690380752
49473.2365083008
48249.17573016
46865.036564623
43687.7209840844
41033.9586923734
38032.9742357248
35908.9110976263
31592.4293816897
28955.8416700388
28677.8780989743
28201.5721808539
28829.8465005317
28703.7192341722
32662.6071122577
37707.642088785
42564.133127904
46889.9347650912
49070.4034685024
52395.3365965
55136.8232492352
54640.37766056
54671.1476200112
55312.7896367472
53356.3116940936
51979.3594550784
50311.9822160014
46292.1304239794
43253.3621110765
40307.0436358238
37171.7084651643
33305.2309030402
30880.8025254655
29176.6014875612
29477.0579905830
33781.5489921849
55709.8259611992
72836.5212646504
79390.304292516
83847.9977510568
82586.8863791896
89311.4738051984
90090.8336214816
83655.3734075816
75037.8009931352
64345.9281211456
60905.7621116544
57935.254456604
54901.753626088
53220.1859784744
53116.7295716848
48399.0372387561
44900.4069153236
41647.1101624622
38520.3851026707
36196.6770114658
33423.1396947462
32938.3426392085
28815.3222820318
33304.2817387671
53794.5991556336
72324.902057952
80303.8752608744
85672.8206597624
83661.0806810272
88313.6779468648
91323.9569397456
85076.4362285712
73140.5458832456
64014.123374128
60864.7955537328
57203.4095609984
55244.6803257352
52074.3404578768
50279.1676408896
49256.5890594712
44207.1532257305
40711.074672344
36846.2477372366
31198.6517216102
27474.1175019478
26454.9718090081
25532.1233717133
31036.2723276151
50650.0428007832
68305.5589193808
75805.8984354952
79526.7823392864
76540.694889088
81551.42675614
80618.8489113984
73336.4005187896
63554.0625430512
55092.6060779208
52813.3055573184
50660.7873772984
47754.1788083344
45399.9969747064
44384.6683905087
42154.1609039010
38311.9376521921
34952.713254276
30711.8049193607
27493.6180242919
25398.2654592046
24573.8800787848
23953.8684174415
30497.8435958786
51378.821871804
69994.2052267624
74193.284350572
77678.2678026072
75699.1757894024
79756.1285744768
79761.1166035424
73637.0468168984
62498.870171292
55072.8605425304
54448.8630098048
50863.8055671464
49944.8911457064
48313.8867270038
45433.6391897132
46743.778226619
43379.5569222975
39902.4701201613
35692.359863704
30818.6337865010
31599.9454048486
27567.4377610855
28136.7226224512
33631.9691619630
49471.2856770224
64139.6789588232
70816.2093073192
72766.9143101304
68427.7565310096
68818.3322990608
68556.7879141336
62721.5526885192
53987.601515664
48479.4026798408
42758.0137605912
42220.2797019219
38303.6257686470
36347.3503746879
37033.1633246445
34643.1172300756
34068.8649563443
30985.2597466874
29025.0078299889
27472.8936971354
24427.6802704298
24529.7431053384
21979.3478885355
24037.561033194
25360.9660795582
26291.4925550304
31008.2334111758
31011.5341792508
35254.8694006350
35150.4813337876
37300.2308050648
38076.4291141831
37752.2102518804
37177.5284769774
35015.0985177528
37228.5878658462
34992.0006826286
35011.0877982338
34800.1273686170
32280.4374928338
33392.8896942943
29156.6421288635
26090.0256145107
27186.7250981083
22875.9552303609
23709.8582827750
21917.5192742018
21782.3217847262
23156.6636708062
24021.8713944888
27853.0495273461
28611.2846603682
32932.4904798709
31245.9607021052
36040.1104647314
34510.4359915969
36601.4570750718
32838.8463127501
37653.0874098243
33750.1137719604
36951.3044315514
35758.7091310747
32441.9216310092
30715.3722190428
28830.6392488302
26542.7428998874
26224.9394940352
23487.2596901422
20869.4427707256
19798.7808479092
19097.2331022299
23428.665707596
37113.1166353608
51213.0634725576
55277.6625269392
61563.380867348
57839.5059141216
62107.3612556344
62452.6576007656
57675.4782801096
49158.0450114856
43284.8145253952
37339.0037158782
37805.5552525038
36243.7337281710
37187.2589706422
32884.5171422192
33438.2592081804
29468.7130336662
29721.5613636841
25637.1672299351
25900.0793258850
21456.6166101249
22950.3866582652
20403.9190465527
26631.8360731586
36782.569586704
50708.2431174608
51507.191256164
58424.2179190544
52840.300800172
59090.6441107432
59571.8608801832
52964.5428337368
46270.4166128552
36645.328711168
35733.0828353592
33247.3885718446
33239.8939533770
33710.2608419967
31312.2601613374
30134.7510825724
28624.1242898662
25512.0562762593
25495.0009922664
21786.7389778363
20951.449648164
19712.3305390738
18701.4299155234
23591.5309468627
35423.7373017328
44136.1462784904
47695.236841084
47137.828777592
46683.6742033576
47433.0979295856
50014.8651401504
46478.6126349744
39609.9650426928
35301.3571607885
33985.4281568736
34710.8743226076
32660.6278540922
33871.3956482345
30761.7805038047
30199.0806604495
27877.1825106982
24632.6273757282
23710.4094782242
20482.3005585
17392.247801066
18204.6655681173
16945.3567570918
18923.7900572027
26469.404396408
32930.7149380527
36777.7257555063
37958.727424128
37925.078592118
39971.221267248
40344.583589528
37008.7851124896
30729.9760533214
28009.0120839479
26971.8998738246
27949.2130317834
27066.4879752142
26401.0578659432
25821.8547308598
24671.5690000122
22633.3533838585
21251.0148564015
20521.9204780175
18799.4118906201
17496.1720957414
16064.0525533449
15887.4291769845
17293.7493130048
21540.9535892688
24396.6559263117
26817.5589792330
26400.5517045586
24812.8991261111
24986.4293734070
24604.6755602619
22802.0048032646
22827.4614493410
22535.1652539897
21558.4184014982
20892.1785522974
20476.8386095788
20362.3851601706
20327.9119084554
19343.3919492918
19172.2822426399
19308.1770420906
18235.2158408989
17360.1292999961
15575.5457390702
14152.2287840769
14173.574030284
15184.2571152166
21113.7700562961
22428.7219932008
24044.6384711804
24845.3285150206
25715.0378206406
26736.9558577909
27779.443199432
28273.8786236330
28976.2649244173
28739.6757915154
28455.0234171897
28431.8979072291
28827.1614510970
27726.6616096768
27933.4009223944
27631.7642496874
26679.6533391235
25649.0630203171
24691.2629065981
24209.6257053925
23880.9314253817
22541.6218087973
21776.7118604184
21336.5429325231
21393.8461456908
22726.8208261167
23928.4070227903
24331.9926443513
20298.5785978321
18775.3974358224
19348.0319328492
20638.2213860901
22230.2155343047
21667.7365766725
23316.0994106630
22862.0538622049
23406.8806890231
22697.6289238541
22619.4673022465
22160.2192374244
20476.1103711606
19904.3884634102
17994.4665800679
16211.569747946
15064.0674236167
14051.7463566904
13486.7421531532
13983.5054797409
14715.4081993498
16112.6385305266
16822.1934988858
18654.7179457569
19229.0259333224
20141.3810194462
21200.7818662394
21890.3866091403
22225.1330187310
22939.5215940498
23633.1449696473
23304.4747976387
23417.8320737869
22635.1354424842
22240.1193954226
21501.0335763342
20152.0105703094
18642.4906413599
17647.02156559
15913.8466185788
14536.8358715742
13743.0758538782
13321.254941576
14209.9249061791
14941.5933084964
16298.6518408079
18673.3399317008
21439.6325678588
23718.6827455464
23734.5705371209
24990.9194663047
25603.1853905766
24600.6960965622
25684.4232308106
27233.7603295413
27314.1673784206
26203.32291838
25719.3026821934
24921.4377873509
24970.1214636694
23696.5433821604
22344.4617353630
20946.8209498516
19607.0155560752
17946.6409248598
17525.9979822591
17418.0672620104
17959.6794286586
19334.4023885391
21867.1261673777
24377.7581544869
26851.2492249025
27849.0220592113
30094.4457142356
30372.3416578938
28899.4624916624
28352.6187606001
28100.6051174528
28215.0745391577
27934.237657768
27383.7554207629
27738.8630342407
28204.7269744452
26286.5729123213
24352.95976251
22965.4293766963
22478.5001110478
19878.3226324822
18504.5045894615
17322.6954348469
16273.4289124426
16296.6312203766
18311.1403436899
21070.0605985911
23790.3858162762
23778.6207850225
25567.2345268709
27734.5653109642
28055.1488550243
28079.6565864072
27576.1171332535
28270.9001278075
27378.4725135302
26483.6735235269
27544.4749240786
27030.959256015
26585.6690172599
26611.2219291001
24389.6895044089
22038.799701328
21501.0864312496
19083.0930721735
18215.9848866507
17021.0881682639
15807.8813457963
16374.7605552302
17422.6724134274
19861.0571738955
22401.8438447217
23639.3061095023
24356.7213264537
25165.5051387315
25465.0926432355
26454.8512210114
25020.6430431561
23902.1004020438
23502.6313340994
22863.6643171812
21647.4600146651
21278.5652492362
20755.1847592101
20180.9947390499
19797.1343986522
18850.1243527004
18190.986129874
16869.6288648767
15704.1399370836
14784.6208696090
13976.5904122313
14012.6505151250
14051.6636389318
14764.4262085548
15900.6246864233
17985.5599622684
20102.6031247815
22012.2644006050
22828.6447934661
24594.2946201317
25318.7808910212
24799.7568983292
26044.4700699707
25734.5574894814
26225.8685916451
25705.8805960704
26067.5589804682
25751.9466717536
23849.3876199238
21562.8820771331
20420.5154042379
19032.9129111015
17862.7274758710
16548.4151067517
16170.4554283014
15980.6628048199
16184.7905306265
18150.3625003638
19275.6394530212
20394.1937660674
22101.9550348452
24495.6114114742
26081.4547699399
26150.4260294647
27837.6818620046
27521.4025266314
26461.1588350943
26606.6543006553
27233.5061326947
27635.3654327766
26539.7961771696
25321.2493862098
23790.4483372052
22250.5552285401
21003.2515473966
19804.818662652
17871.7914638670
17230.2314409796
16807.655132952
16693.3508821574
16996.8802594124
19416.1029185686
22224.5524635946
23807.7552432683
25446.9666173956
27278.7621301590
29072.3678280223
30504.2953418854
30682.6710728703
30168.1865808934
29858.9782393385
28894.8135686544
28499.380318964
28814.2249203177
27101.3338383067
26732.0781953504
24864.0666503266
22244.8379180305
20747.0028378291
18484.2597823579
16768.0521339305
16424.5717869867
15742.9764695834
18206.6408661071
27849.8046451092
35989.3963631984
39735.3908293608
44037.764536072
46568.6838438544
48831.3367866712
50967.0715030592
48968.1527940928
42708.2392788552
37191.4507961584
34996.8636453383
35480.4433831814
33813.3694204866
30848.7745465350
29975.5982339419
29963.9003527497
27607.7985521452
24792.1588647997
23303.7155353190
20890.7327344228
18515.3841584082
18331.9862101862
18569.8486828106
22750.0045807609
37968.2735586366
50746.8209397208
57359.3049802488
62248.8067916536
63315.9523449088
65428.424191096
65532.985584788
62734.5247707064
52272.3779755448
43950.10114266
42766.868728084
40088.3145877696
37992.8141590666
37914.2495755192
36212.2723857174
35050.5956412827
31179.654036136
27818.5182971888
26068.7756114525
23589.5248133167
21468.3051541797
20843.1397308746
20406.7038049099
25379.0044753924
41403.0175037654
53865.3538246352
58150.8375687192
63871.6068582848
65286.0100988576
71860.8604570368
70495.5467738888
65613.8898157016
53550.7374656944
44919.7416162886
43110.4532818214
39991.7515010255
39543.9727964978
38222.0151053198
38141.7381138110
35597.4805061206
31792.4178112062
28448.5885675889
26367.8536253977
23087.8955341761
21508.4939629165
20063.5904515712
20411.7161157323
24864.6730973991
42038.1442000976
55457.7573890704
60748.0042614472
67098.4948909848
68015.164501308
70865.5310549712
70719.9635362048
63011.8796770232
51604.3248731392
44103.8272955752
41607.8066027136
41004.425683742
40550.4149097182
40956.7408404405
38546.73367977
36440.8588316133
34790.0224196390
32128.1394980554
30236.0312703738
27345.8548832115
24921.4949563274
22680.4148419006
21741.2344701933
21444.6865621491
22939.2574145074
26122.2813873764
29728.8201680009
33702.9079546558
35258.4325955551
37460.5513272694
39637.4815751333
40900.2519633076
40550.0069158637
40380.3421635902
40032.1585583766
40349.4116802972
38902.1077054013
40225.0151909723
38955.1450866157
35681.5372515575
34216.7953933114
32224.9234854686
29815.9339489902
28167.1334564968
26203.6477170232
24066.7431331935
23397.9007594051
23111.6033855416
23747.7548115545
26277.7296885506
30809.660048414
34010.4826300942
37324.7236185678
40785.3395915351
43454.4341327022
45943.6605867653
48492.2467927954
46261.0376739348
46770.4913990171
44970.6131673028
47440.0821068827
44408.3936892491
43246.6978823738
40382.4839336479
37690.5305212655
35836.8793940635
30440.0577979946
27988.3122124946
24342.0433659830
24663.8929918874
24693.1987937312
29764.5961808883
51098.782322835
65434.8386783824
75500.239680888
80879.4300034976
82928.1620951568
86484.1143481464
84129.6833990632
80838.7501040504
69806.6201112808
60442.3024586672
57893.21600904
55520.5317397622
52585.4426415294
49760.1230178576
48224.3895726051
45987.5106253768
41514.9412587713
37703.5477012430
34145.7694892091
31531.4130174762
28465.9837421382
27146.7801149911
27335.1941344766
33151.0882125876
51936.6683676168
68482.5571078824
75787.5757145976
83365.344438132
84502.5216588808
87032.3967149064
88326.3514408744
83532.08883732
70753.7981024832
63151.9645939136
60456.7452594424
57841.0671446918
54575.0891942957
51863.7132987236
49946.726235241
47080.8806361357
41783.4985091235
37975.9831458312
33167.9575359541
30038.4872465786
27638.9893861287
26282.5366174521
25804.474073916
31381.8803635812
51816.207157936
66859.0851735672
77189.127047896
82692.4247366896
81659.9104699456
86444.3627257544
82859.1099693504
77384.7079978424
67721.783124136
60678.9702178504
57547.7550390976
55569.3861947048
53176.3423346913
50684.4548609903
50346.5944434531
47423.5524651702
40776.9921127139
36440.9294598470
32896.3401568619
30102.5569735070
27515.3883096298
26094.477153448
27032.689575712
32997.0899116764
53806.5183184303
68904.8849867472
76661.0367627656
82263.8725986968
81962.4364071872
85987.0723373728
88519.8209660352
79226.4488611992
67510.029868348
57696.8358757184
54627.9570856147
53143.3303741644
51379.9637319408
49175.2207327424
45505.5087511477
42858.7601207374
41231.2164355993
36984.8365376799
32155.105300897
28955.1422211950
26034.3763539313
24392.7960868316
24334.842876976
29914.2070537451
51495.8634255363
67809.5029824664
75192.0543942912
78875.741296092
76366.0571778928
83394.8767816848
82946.5869673048
76679.6127079024
64796.9159851368
56124.6925508064
53280.2277207295
48221.6286284691
46033.7933802386
45625.5385754832
44094.7218700678
41101.2122177518
39541.8219099215
36369.9526048143
32676.8665093902
30031.2260155478
26716.3003620758
24675.8822436703
24103.0226648441
25035.9070973915
26755.6396607124
29912.3231107327
34991.4354060407
39918.8050138474
43022.1718922614
46200.3026123085
48614.9975574886
48804.0441704865
47338.928369284
47443.2423149717
48256.2882745212
46432.6056646353
44573.0494184329
44424.9434151886
42881.4702529126
42708.612405042
41804.7920207087
38624.9612089036
35508.1762990698
31981.713641701
29676.6832084942
27855.2414638655
25890.2912089106
25271.1146910467
25763.4395476568
29307.4365537688
35653.1385122146
40418.7762888750
44502.1688865296
48511.7502389392
51597.4347213168
52835.3844872136
54001.4360078352
52162.6601891568
51823.4951687288
49528.3518978664
48228.8106500466
46465.7798740064
45900.6973825219
43597.9012224144
39031.1814375378
33858.0640772898
30378.5349757222
27570.6669673324
24791.5681836043
23937.9780587094
25371.3635984986
31794.2548090779
53095.1150420736
70836.8684679448
80240.2027742216
86194.2821428032
88114.5164075792
91497.4152101528
91236.6270063744
86146.0638545632
75096.5574530664
65621.99385424
61962.9887469416
58191.7738114632
55610.9981135728
52916.7977128627
51392.656427464
47291.6239309672
44060.005173595
40101.0137710937
36330.3357974111
33388.6831891734
30884.9980694003
29121.5671083131
28727.9220994497
32877.6635079134
52992.3943543568
70739.9362699944
79420.9013540576
87514.4413493432
89891.3917125496
92363.0480677736
89571.9021512672
85473.4071782992
77338.4303250472
69810.4947949
66369.9103415688
64685.8944700544
60561.4281940914
56976.1812415431
55580.168864625
51060.4606017164
45823.6167069014
40641.5720907048
36518.3919525201
32445.8509596401
30447.4448016243
30336.5969464962
30074.8355311035
35615.377320346
56472.9199867152
74758.2779350168
80625.1526162792
84952.9525772504
85951.8123164376
90552.3152312704
90306.2492778224
83041.81393616
76304.7726429712
66001.0979467928
62987.5188740888
60288.0084146944
57135.185040596
54699.2100331158
52807.2609724549
50730.9144623254
46539.1639033325
40666.3380204709
34759.7083678666
31370.574928348
29680.0249892418
28741.3249305077
28500.8072660482
35317.7366610207
55254.2155614856
72645.522534856
80896.9201588616
86851.6217191392
87708.6136229352
93628.1652568496
91876.7819594768
87007.9134932408
75656.4035473904
66156.054788556
62986.3005599
59824.6534391176
57246.760555292
54641.565519756
53266.7233689536
50580.1322676598
45983.4406973489
42238.8276342399
38320.2650878456
34378.5520877666
31930.5232830729
31510.4252539915
30830.2304040093
35902.6694894065
55222.4361600856
73560.8192202864
80111.0170043776
83003.7282360448
81437.1415329008
84477.9010266632
83847.3910913032
76707.984791524
63239.8400577288
56832.0564421264
56307.9055180744
53412.4117278864
50746.7271651073
48662.2912357802
48201.7781088864
46673.4599152176
44128.2319853342
41771.5865558930
37995.3978191008
34546.8286466307
32936.9316051334
30847.3399040190
29459.9216647106
29911.5526928674
31444.8274522306
35694.5217887709
39791.4957955622
42715.0492520405
47104.1085872001
49775.489766012
52201.7532235804
54156.0641428612
52505.7928120859
52525.4875027046
52706.9843932134
52141.7093656176
50541.7815260822
49768.6063374618
48578.7435254286
47224.9466677704
44891.5788128376
42296.2463323208
39147.6168169928
36170.3451848482
33863.0841928086
32177.0694110466
29927.82273509
28949.3031707125
30533.1906250331
33938.9425434049
38569.1091302185
43021.2513830448
46883.1780507056
51258.8253294456
54241.9355271856
54742.0831578
55396.6317727568
53526.3873866896
53737.4362672176
52364.533817812
50889.49933232
50394.977643036
48893.2491454576
48200.2088719328
43254.819387976
38513.9318624585
34113.200804328
30901.9029864102
28659.3591928427
27662.7646429318
28239.0834165697
35152.3806511254
57627.265319036
74043.0579206064
83177.8496552008
86441.4647890464
90771.490574464
93503.7616668152
94055.1283048728
84533.217153104
74003.6419577928
67839.8750614336
64746.7970849688
61105.3993796416
56881.7344174699
54417.1137272424
50811.0843130467
48799.573003302
43701.2488183116
39242.8435160533
33689.3580387764
30857.8677377613
28019.6714049094
27811.4041483795
25677.4580569574
31652.8452161416
55886.4549110472
75961.8470353464
86750.9976747968
91419.2505674672
91405.3511845656
93611.032808392
92109.6325595304
85801.0575924624
73586.8305975944
66479.546292908
64222.1271340528
59882.8611919832
58759.4231741304
55576.2679720552
52467.4401207368
51906.902560322
45798.8440440911
39859.9749918359
36084.2914449536
33738.8837234095
31012.0095506482
29885.2399739998
29657.8758763025
37131.0560195376
58456.4196388776
74677.3916352224
82707.28511452
89276.9809927848
90175.823439036
91528.3484350544
91017.8692530952
84649.3863592992
74295.3275434568
66221.1250869296
62229.9431644128
61476.54507102
55868.574492954
52286.6364046752
51672.9878911224
50108.4822482446
44081.1595070578
39639.3920267862
34403.0300616773
30900.8558478097
28875.9078202143
27760.2943173935
27790.8775401712
34913.4592040555
57116.8243760168
72690.7839453392
