Annual Minimum Level of Nile River, 622-1469
11.57
10.88
11.69
11.69
9.84
13.22
11.78
11.63
12.11
12.92
11.24
11.71
11.33
12.27
11.42
12.16
12.59
12.99
12.32
11.17
11.55
12.32
10.83
10.20
13.94
11.96
11.48
10.83
11.89
11.33
10.34
11.57
10.34
10.97
12.99
11.57
11.30
11.55
13.49
12.32
11.03
11.03
10.83
10.27
11.66
11.48
12.50
11.55
10.47
10.54
10.18
11.89
11.26
12.50
12.97
11.78
10.43
11.03
12.50
12.72
11.69
10.04
10.83
11.64
11.24
10.27
9.95
11.69
12.70
10.11
12.47
11.01
10.04
10.04
10.65
12.23
11.84
12.16
11.80
11.42
12.77
12.06
10.76
10.76
11.89
11.21
11.78
10.31
10.76
11.78
12.09
10.22
12.20
10.70
11.26
10.58
12.16
13.58
11.84
10.83
10.97
11.19
10.97
10.97
11.53
11.53
11.51
11.51
11.51
11.84
10.97
10.43
10.43
10.02
11.52
10.97
10.34
10.02
9.89
10.92
11.15
11.15
10.47
10.40
10.38
10.85
11.26
10.58
10.67
11.15
12.63
11.24
11.10
10.97
10.97
11.57
10.57
9.91
9.95
10.13
10.07
9.71
9.71
9.80
9.93
10.43
10.97
9.82
9.71
9.71
10.65
10.22
10.29
9.89
10.29
9.95
9.82
10.90
9.80
9.71
9.57
9.89
9.66
9.89
10.22
10.74
11.10
11.10
10.61
11.51
11.28
10.74
10.43
10.34
10.74
9.66
10.27
10.29
10.34
10.65
9.89
10.34
10.02
11.28
11.78
10.97
11.42
14.66
10.97
11.37
10.97
12.59
13.13
11.73
11.69
11.73
10.88
11.91
11.46
11.60
11.42
11.28
11.69
11.62
11.15
11.64
10.88
10.79
10.83
10.43
11.10
10.92
11.10
10.47
10.76
11.10
10.43
11.03
10.34
10.74
10.52
10.11
10.97
10.92
11.10
11.15
10.97
11.96
11.15
11.62
11.51
11.42
11.26
11.08
11.87
11.91
11.53
12.54
11.87
11.96
13.31
14.12
13.49
12.90
12.11
12.32
11.66
11.24
11.46
10.79
11.08
10.97
11.06
10.72
10.65
11.28
13.40
9.59
9.59
11.37
11.33
11.37
11.51
11.17
11.57
11.57
11.33
11.10
11.55
11.89
12.60
11.89
11.51
10.97
12.09
11.30
12.95
13.08
12.50
12.05
13.10
12.50
11.55
11.01
11.01
11.03
11.21
11.21
10.97
11.06
12.59
12.61
11.24
11.96
12.05
12.05
11.19
10.88
12.50
10.94
11.98
11.21
11.64
12.11
11.53
11.46
11.26
12.88
11.75
11.71
10.81
11.33
11.64
11.55
11.55
11.55
11.60
10.94
10.54
10.67
10.44
9.48
10.99
10.16
10.65
10.67
10.72
10.76
10.81
11.96
11.96
11.51
10.88
11.28
11.51
12.36
12.16
12.88
12.97
11.82
13.06
10.43
11.84
10.54
11.69
10.43
9.80
10.72
11.89
11.51
11.42
11.93
11.51
10.97
11.44
10.97
10.94
11.53
11.08
9.35
10.81
10.81
10.97
11.46
12.50
11.51
10.43
10.43
10.43
10.70
11.24
11.37
11.46
10.99
10.54
10.45
10.70
11.42
10.74
11.01
12.20
11.96
10.97
12.07
11.19
11.60
11.51
10.25
10.97
11.37
10.07
10.34
10.43
10.43
9.80
10.79
11.69
12.50
13.24
12.09
11.42
10.61
10.61
10.88
11.28
11.42
12.59
11.42
11.48
10.88
11.42
11.19
11.30
10.88
12.50
11.37
11.08
11.10
11.73
11.73
11.96
11.89
12.89
13.51
12.74
12.27
13.10
11.48
11.51
11.51
11.82
11.82
11.51
11.33
11.30
11.51
11.66
10.70
12.70
10.74
11.10
12.92
11.78
11.28
11.28
13.04
11.03
12.59
11.19
11.19
11.19
10.81
11.96
10.85
11.01
11.03
11.46
12.11
11.69
11.44
11.91
11.89
11.82
12.43
12.43
12.27
11.89
11.91
11.55
12.09
12.18
12.11
12.09
11.64
11.35
11.21
11.37
12.54
14.57
12.99
12.77
12.77
11.78
12.70
13.13
13.33
12.70
12.45
12.45
12.11
12.65
13.46
13.46
12.90
12.95
12.86
12.59
12.54
14.21
12.68
12.63
13.35
13.13
12.65
13.19
13.51
12.77
13.17
12.68
12.63
11.12
12.07
12.92
12.05
12.23
12.05
11.53
11.82
12.45
12.05
11.51
10.79
11.51
10.81
11.28
12.09
11.57
12.77
12.59
12.09
12.20
11.84
12.20
11.93
12.47
12.52
12.59
12.99
11.73
11.82
11.80
11.80
13.31
12.07
12.36
11.51
11.82
11.42
11.91
12.59
11.66
11.96
12.41
12.52
12.41
12.52
11.57
11.26
11.64
10.88
11.73
12.52
12.88
13.01
12.86
12.23
12.32
11.84
12.07
12.50
12.11
12.16
12.09
12.09
12.07
11.51
10.97
10.97
9.89
9.66
10.47
10.56
11.10
12.90
11.51
11.66
11.96
11.96
11.10
11.10
11.19
11.19
10.74
11.06
11.28
12.18
10.98
10.44
10.56
10.58
10.98
10.43
10.38
11.42
11.42
11.93
11.03
9.89
9.36
11.42
11.42
11.51
11.51
11.80
12.59
11.96
11.42
11.69
11.96
11.42
11.28
10.43
10.97
11.42
12.05
12.05
11.64
11.60
11.96
11.12
11.69
11.10
11.78
11.33
11.53
11.39
11.55
11.87
11.96
12.20
11.66
11.28
11.01
11.57
11.75
11.42
11.87
12.54
11.98
12.63
12.83
12.52
11.60
12.34
12.34
12.32
13.06
12.05
10.54
11.51
11.08
10.97
10.97
10.97
10.97
10.47
11.03
12.95
12.27
10.97
9.35
11.60
11.60
10.97
11.51
10.43
10.43
10.43
10.43
10.43
10.97
10.97
10.97
12.60
12.60
12.60
9.95
9.95
10.43
10.02
10.97
11.01
11.55
9.90
9.90
10.43
11.43
11.01
11.33
11.51
10.02
13.35
12.50
11.96
10.97
11.55
10.43
11.64
10.61
10.07
11.89
11.89
11.37
11.84
11.30
11.08
11.44
12.27
11.01
11.96
12.77
11.33
11.51
11.42
11.06
11.24
12.16
11.78
11.51
11.26
11.82
11.60
12.63
11.15
11.57
15.24
11.78
12.05
12.05
11.64
11.60
11.60
12.05
11.28
11.96
11.53
12.07
13.15
11.73
11.73
11.24
11.51
11.87
12.05
12.54
12.18
11.69
12.60
13.13
13.31
12.14
12.05
12.14
12.23
11.96
11.78
11.42
13.04
12.36
12.05
11.06
12.32
11.96
11.78
12.90
10.43
10.43
11.28
10.34
10.65
9.57
9.89
10.16
10.70
10.97
11.51
10.43
12.23
10.43
12.59
12.32
12.32
12.05
11.15
11.01
10.43
11.42
11.66
12.27
12.50
11.73
11.08
11.84
10.43
11.66
12.11
12.11
12.50
12.11
12.11
12.11
14.95
12.45
12.02
12.02
11.19
12.14
14.48
13.24
12.50
12.38
11.84
14.99
12.45
12.92
12.38
11.24
12.05
13.24
12.92
12.70
12.95
12.99
12.77
12.36
12.05
12.32
12.27
13.04
13.04
12.68
12.90
12.50
12.32
11.96
12.50
12.50
12.50