Motor vehicles engines and parts/CPI Canada, 1976.5-1991.12. IV=164
   1404.617    
   1423.298    
   909.3617    
   1296.319    
   1415.646    
   1220.875    
   1715.083    
   1765.250    
   1464.327    
   1705.449    
   1697.420    
   1561.060    
   1651.200    
   1636.765    
   1396.353    
   1196.000    
   1354.269    
   1650.827    
   1684.442    
   1232.359    
   1604.698    
   1472.170    
   1658.407    
   1869.056    
   1661.782    
   1812.164    
   1427.054    
   1164.500    
   1538.911    
   1475.088    
   1876.316    
   1508.018    
   1542.086    
   1397.448    
   1325.492    
   1216.763    
   1205.150    
   734.8333    
   879.9836    
   582.4099    
   1963.468    
   1223.903    
   708.0159    
   494.3333    
   613.7778    
   693.2500    
   731.1230    
   774.5538    
   367.5757    
   359.7879    
   187.0000    
   299.6176    
   604.5588    
   592.2754    
   806.4000    
   617.0286    
   505.0845    
   614.1389    
   506.0548    
   605.1781    
   728.7838    
   558.0667    
   446.6842    
   516.6184    
   821.3506    
   936.2949    
   1110.949    
   700.3671    
   461.4557    
   761.2250    
   982.8519    
   1078.732    
   1350.807    
   1453.024    
   956.6786    
   1250.679    
   458.3177    
   573.2235    
   656.4535    
   760.1395    
   781.6628    
   1354.070    
   1819.356    
   1302.782    
   1409.126    
   1527.750    
   681.4719    
   1364.281    
   1608.472    
   1708.122    
   1879.044    
   1616.733    
   1594.367    
   1790.901    
   1826.473    
   2136.132    
   2120.572    
   2100.924    
   1467.587    
   2072.565    
   2016.772    
   1901.968    
   1930.054    
   1766.086    
   1797.681    
   2007.011    
   1930.277    
   1907.547    
   1814.705    
   1529.094    
   1019.958    
   1653.823    
   1837.354    
   2112.052    
   1717.856    
   1413.907    
   1513.255    
   1658.500    
   1486.480    
   1635.303    
   1543.768    
   1652.182    
   1181.410    
   1281.180    
   1492.760    
   1496.208    
   1600.059    
   1274.743    
   1479.510    
   1920.941    
   1690.971    
   1658.281    
   1237.202    
   1345.558    
   843.0857    
   1480.305    
   1792.743    
   1877.267    
   1624.038    
   1372.009    
   1866.132    
   1875.009    
   2016.355    
   1746.234    
   1914.778    
   1864.472    
   945.1835    
   1556.284    
   1686.560    
   1861.673    
   2133.809    
   1726.809    
   2140.446    
   1887.378    
   2010.464    
   1890.116    
   1911.991    
   1681.939    
   904.5652    
   1683.078    
   1364.330    
   1466.330    
   1596.060    
   1111.345    
   1288.769    
   1300.333    
   1791.042    
   1592.195    
   2022.746    
   1760.076    
   941.1345    
   1591.790    
   1316.750    
   1364.132    
   1039.306    
   597.6611    
   494.5360    
   1085.672    
   764.4720    
   1014.968    
   1128.262    
   1132.857    
   741.2540    
   996.8730    
   1114.032    
   1113.151    
   979.3858    
   781.2460    
