276.79
315.42
314.87
321.25
314.54
317.92
303.39
288.62
292.44
320.92
323.38
270.77
301.77
282.99
295.06
276.47
292.80
358.78
345.82
345.42
314.10
228.74
215.76
224.67
225.93
250.87
236.24
209.12
237.31
251.67
205.36
167.21
150.42
154.09
183.67
246.66
227.58
214.60
208.41
181.21
185.67
230.86
266.34
310.29
267.18
303.03
278.46
293.36
283.62
274.26
218.12
265.62
226.70
258.00
196.98
213.38
209.17
184.50
192.61
155.83
176.32
172.13
161.63
163.00
157.63
154.50
174.28
135.17
141.36
157.83
145.65
112.06
106.85
170.91
156.26
140.78
148.35
132.61
115.72
116.07
98.76
100.33
89.12
88.67
100.58
76.84
81.10
69.60
64.55
80.36
79.79
74.79
64.86
62.27
