CycleS&P
1.198938 
1.29991 
1.348435 
1.455093 
1.552336 
1.725968 
1.694321 
1.681869 
1.648196 
1.697809 
1.736508 
1.620808 
1.605157 
1.430414 
1.261505 
1.203517 
1.233163 
1.227566 
1.313457 
1.497786 
1.621974 
1.600681 
1.671367 
1.720116 
1.775124 
1.688127 
1.73614 
1.784338 
1.56487 
1.395649 
1.320892 
1.107306 
1.194777 
1.318208 
1.420211 
1.517884 
1.54937 
1.656639 
1.739487 
1.755338 
1.632925 
1.550926 
1.436905 
1.500498 
1.512805 
1.528752 
1.471175 
1.434839 
1.4091 
1.468326 
1.489383 
1.467662 
1.33498 
1.250519 
1.233247 
1.186374 
1.204348 
1.163751 
0.36452 
0.34745 
1.045744 
1.120466 
1.157109 
1.29339 
1.181483 
1.176719 
1.193553 
1.263748 
1.122197 
1.041095 
0.936706 
0.759741 
0.73845 
0.712114 
0.698161 
0.704654 
0.677468 
0.725635 
0.720057 
0.699057 
0.621649 
0.57267 
0.523322 
0.477349 
0.463622 
0.464201 
0.452888 
0.499671 
0.539891 
0.61203 
0.649351 
0.668508 
0.681895 
0.63943 
0.590358 
0.598424 
0.632881 
0.610933 
0.656165 
0.684185 
0.740614 
0.734218 
0.776154 
0.830696 
0.83713 
0.787446 
0.869476 
0.878108 
0.905885 
0.970039 
1.067984 
1.136023 
1.177344 
1.294396 
1.330927 
1.500402 
1.658972 
1.69201 
1.964777 
1.523377 
1.499516 
1.551051 
1.372924 
1.10029 
1.134978 
1.005005 
0.931256 
0.689696 
0.600878 
0.410734 
0.527989 
0.546046 
0.513565 
0.692795 
0.868333 
0.790587 
0.868893 
0.807528 
0.714021 
0.703984 
0.677533 
0.727574 
0.837852 
0.937242 
1.05792 
1.063064 
1.148668 
1.233377 
1.276381 
1.144861 
1.102134 
0.787417 
0.745844 
0.687328 
0.82996 
0.888136 
0.852686 
0.765854 
0.823303 
0.866768 
0.832399 
0.733481 
0.690702 
0.717497 
0.665384 
0.621108 
0.651099 
0.583132 
0.521362 
0.473402 
0.494547 
0.525104 
0.579584 
0.632358 
0.632055 
0.596595 
0.609218 
0.619786 
0.644014 
0.645696 
0.681164 
0.720807 
0.734287 
0.814037 
0.836564 
0.851665 
0.755295 
0.646392 
0.643798 
0.587655 
0.598795 
0.570929 
0.527187 
0.576425 
0.560576 
0.531846 
0.512429 
0.495691 
0.516431 
0.54956 
0.578644 
0.614934 
0.609539 
0.655938 
0.698641 
0.688422 
0.702849 
0.698998 
0.715065 
0.709367 
0.733726 
0.729718 
0.751424 
0.703638 
0.68475 
0.6935 
0.734557 
0.798756 
0.859653 
0.93184 
1.005588 
1.059995 
1.188118 
1.211593 
1.23531 
1.268968 
1.287893 
1.227746 
1.163887 
1.204931 
1.180474 
1.027435 
1.037869 
1.078462 
1.163697 
1.266832 
1.336236 
1.375894 
1.396324 
1.365095 
1.319374 
1.304084 
1.285667 
1.26664 
1.410066 
1.490388 
1.499687 
1.566702 
1.546944 
1.368524 
1.263307 
1.29355 
1.41232 
1.490175 
1.507297 
1.545423 
1.62371 
1.669205 
1.710328 
1.736378 
1.758499 
1.761416 
1.736889 
1.818369 
1.795864 
1.708215 
1.560893 
1.513282 
1.632242 
1.699226 
1.731497 
1.714038 
1.637534 
1.726642 
1.735266 
1.801338 
1.698151 
1.68168 
1.535972 
1.507182 
1.392017 
1.219974 
1.190827 
1.280689 
1.415506 
1.462803 
1.399851 
1.349871 
1.458016 
1.47834 
1.475108 
1.522089 
1.505316 
1.379191 
1.323799 
1.263968 
1.146498 
1.053527 
0.853609 
0.760621 
0.840847 
0.925902 
0.887717 
0.880443 
0.965462 
0.968054 
0.976045 
0.942943 
0.916814 
0.874519 
0.849037 
0.797858 
0.741642 
0.778478 
0.806959 
0.754357 
0.747306 
0.737583 
0.751129 
0.722683 
0.729338 
0.691362 
0.759021 
0.792037 
0.759779 
0.745409 
0.685688 
0.648343 
0.594531 
0.582839 
0.570434 
0.672484 
0.71761 
0.781507 
0.785447 
0.777291 
0.740967 
0.709248 
0.720424 
0.730705 
0.774187 
0.796668 
0.801489 
0.827807 
0.916464 
0.9937 
0.987543 
0.989349 
1.119197 
1.159895 
1.246875 
0.984298 
0.980816 
0.985949 
0.986264 
1.002005 
1.042495 
1.105811 
1.18809 
1.181455 
1.130283 
1.154678 
1.088763 
1.011819 
1.111384 
1.174032 
1.178627 
1.166585 
1.227253 
1.20779 
1.214302 
1.219254 
1.265997 
1.261039 
1.274634 
1.306225 
1.292558 
1.225041 
1.239066 
1.208609 
1.239951 
1.331009 
1.411654 
1.473569 
1.55946 
1.585132 
1.78814 
1.81748 
