421.89
409.06
389.08
390.88
436.33
459.05
452.57
472.28
388.60
390.78
372.50
291.25
371.36
355.46
389.58
333.94
291.95
232.65
260.55
268.55
282.44
306.79
288.39
295.43
312.37
364.54
356.15
314.18
305.17
299.41
280.30
282.85
305.78
323.36
319.37
309.07
333.58
323.77
324.90
312.15
332.96
328.80
319.14
308.70
313.06
330.54
354.86
337.82
337.15
350.63
350.63
334.32
383.25
474.58
456.03
432.47
471.13
438.29
407.71
394.12
395.63
385.27
340.52
427.38
466.46
398.52
363.63
282.10
268.22
283.38
260.24
312.27
461.28
362.81
301.83
320.87
306.12
276.96
267.01
309.87
345.83
294.36
297.57
264.89
238.42
191.77
190.04
195.22
290.24
238.42
272.97
226.32
198.68
188.31
170.44
201.51
205.24
210.84
222.04
330.26
309.73
315.33
215.29
236.69
226.32
272.97
338.62
354.85
235.30
231.76
220.07
213.25
270.14
252.51
212.65
271.84
401.72
365.72
261.61
176.13
143.30
112.29
127.51
135.54
122.22
128.29
124.38
119.42
135.72
168.73
124.20
86.66
66.71
88.51
102.07
101.87
109.96
143.32
113.71
126.66
128.81
128.01
115.68
108.98
107.12
104.74
113.39
149.78
145.50
128.48
140.94
148.15
144.98
170.32
175.32
218.80
241.58
169.09
142.87
167.59
172.37
159.09
160.97
159.04
163.57
176.23
174.24
179.24
187.81
203.94
235.42
201.51
192.24
210.32
246.09
187.29
191.98
173.01
160.08
201.70
192.95
145.38
118.40
120.55
100.91
97.73
94.66
113.98
159.97
165.84
147.89
125.99
120.14
99.90
114.30
99.86
112.00
117.60
