385.34
438.82
317.22
505.15
513.57
515.48
519.31
524.42
430.38
527.86
467.25
547.68
428.10
519.38
404.74
377.95
439.90
434.65
472.25
434.87
468.36
486.00
476.66
422.87
321.15
360.79
435.66
493.59
472.93
469.13
608.37
562.38
525.81
415.59
398.06
436.89
434.64
432.37
436.46
454.18
353.71
486.32
397.47
340.25
427.57
472.29
466.95
463.79
332.87
396.88
400.09
513.36
559.07
602.50
436.19
309.19
443.44
429.61
669.12
441.38
440.42
471.11
372.26
308.55
330.52
439.67
442.34
434.54
490.87
343.64
343.52
338.43
424.45
358.84
341.53
330.08
497.54
333.63
362.37
398.84
471.53
289.33
351.94
510.98
461.96
347.99
436.01
499.40
516.88
421.33
291.39
374.25
398.23
365.47
399.48
356.31
355.06
389.09
285.71
392.00
456.03
421.94
403.81
396.69
502.69
358.37
521.93
463.62
426.42
485.72
401.01
531.99
430.61
343.58
315.35
307.93
443.44
424.78
409.02
396.94
337.55
403.86
393.54
330.80
269.71
297.89
416.37
532.98
427.62
260.76
299.12
339.37
409.16
416.12
388.47
374.89
430.87
494.00
477.09
458.11
404.04
327.33
308.86
354.60
345.44
490.86
558.26
372.58
380.16
367.25
321.93
303.80
411.05
501.10
376.05
593.39
378.92
544.44
436.73
325.05
350.66
366.97
316.25
332.28
354.60
567.46
464.75
418.27
370.65
500.30
435.10
414.71
470.80
475.48
589.40
769.36
437.62
337.55
383.22
328.85
330.94
370.53
536.53
484.39
410.36
429.90
420.29
487.75
542.87
478.49
393.81
332.17
437.82
433.74
473.94
492.12
429.77
486.14
523.94
400.85
365.03
309.43
340.65
400.06
407.61
427.46
512.95
457.17
438.17
339.29
326.90
405.07
518.25
512.58
606.84
551.57
460.45
410.94
478.40
516.75
460.18
434.73
425.87
416.21
400.46
408.78
450.60
352.62
519.44
294.28
344.59
438.06
350.12
437.82
428.98
446.66
409.37
463.74
560.29
572.95
477.94
394.91
370.99
446.05
448.95
341.22
235.96
334.07
457.87
614.63
414.79
403.80
501.73
386.21
448.13
374.19
423.79
454.79
390.30
358.65
335.02
321.85
329.94
342.15
584.59
451.13
423.44
442.77
370.56
383.49
428.35
432.89
508.39
554.24
415.83
383.48
287.35
280.27
424.89
376.05
421.94
382.62
508.37
290.79
206.38
308.37
505.04
511.66
596.84
330.39
293.53
560.72
482.61
563.69
295.73
295.19
338.19
407.33
477.14
428.89
614.89
628.98
786.59
472.22
319.54
331.44
317.86
300.61
373.81
401.00
569.96
349.32
417.30
495.64
465.46
431.26
415.03
466.93
506.33
478.20
486.57
450.41
713.47
754.51
375.60
343.75
551.51
447.13
396.40
474.09
525.82
591.87
654.39
668.46
732.83
531.97
471.77
525.22
415.67
483.73
533.49
534.96
479.64
573.62
599.54
768.71
566.73
570.12
574.29
617.31
638.50
507.23
493.42
642.42
697.01
535.03
432.21
446.66
631.22
703.81
561.97
652.98
709.05
539.00
458.89
523.21
573.84
766.18
571.81
677.80
580.64
565.14
611.92
569.39
547.63
525.80
523.33
607.71
526.63
515.49
514.28
493.10
495.36
629.82
657.57
669.76
632.46
636.75
610.52
474.27
376.10
330.56
480.97
491.44
582.88
670.05
616.88
645.68
854.13
559.46
603.91
511.72
480.74
397.82
441.76
558.62
484.92
527.55
520.59
550.67
797.42
697.64
504.57
470.89
711.13
757.07
563.30
600.92
546.61
532.03
571.56
683.56
415.58
542.94
458.98
454.34
498.52
470.67
633.98
791.30
905.45
523.65
707.17
720.68
835.48
741.77
671.46
540.95
459.91
512.47
693.51
526.15
389.69
462.10
516.48
798.05
1006.19
588.32
713.47
641.86
838.13
528.20
776.93
707.60
663.77
455.82
546.17
557.09
495.37
570.79
525.78
658.06
659.04
543.52
791.38
750.78
561.69
540.96
451.16
476.54
495.21
617.02
673.62
510.93
503.34
525.76
642.56
820.75
475.15
392.97
381.11
385.35
497.83
549.93
506.81
525.68
497.76
541.69
663.20
678.64
651.17
497.86
583.47
808.68
701.64
551.62
522.52
537.05
537.05
539.26
656.62
651.66
632.86
835.90
841.35
741.25
618.01
777.69
764.89
756.84
801.02
755.34
590.96
744.05
633.14
534.92
572.22
685.11
727.19
720.30
684.20
614.93
575.72
620.94
655.86
772.21
756.25
687.71
603.68
653.91
658.03
875.81
874.00
622.04
599.86
738.64
919.68
897.71
687.41
645.95
662.24
822.04
736.15
693.71
682.87
786.37
880.52
791.95
914.20
773.57
609.17
588.11
781.70
878.29
761.48
664.59
717.18
691.07
610.89
713.66
787.88
719.53
652.11
695.46
739.78
819.39
824.47
774.19
739.28
710.02
671.53
562.67
625.09
702.37
806.92
822.81
758.54
753.24
725.16
715.06
732.43
692.81
716.50
860.77
714.09
645.90
581.26
555.99
576.22
669.32
854.82
889.11
823.62
653.60
565.62
549.91
639.70
670.66
665.73
528.24
474.14
502.55
594.40
767.06
765.84
589.06
578.99
680.74
644.80
652.78
658.08
552.37
569.73
700.34
605.86
589.14
573.16
597.47
600.00
553.42
499.14
489.79
472.83
501.34
491.06
453.77
484.71
566.38
457.66
403.04
365.00
379.49
426.48
479.02
523.12
406.11
399.38
403.81
425.48
399.38
416.23
437.43
410.49
438.55
468.95
531.23
449.37
444.73
470.40
422.93
475.12
578.56
555.82
583.90
494.33
455.60
441.78
430.74
354.89
326.81
382.20
402.06
419.86
399.31
350.37
348.73
294.49
226.73
238.97
221.57
199.37
210.14
283.55
352.49
251.66
180.66
323.39
429.25
435.36
424.63
389.79
362.98
365.56
388.13
447.39
481.22
519.89
525.06
497.16
508.05
451.48
352.42
371.14
302.85
296.23
284.45
286.10
266.88
271.51
256.11
259.78
243.45
236.43
232.80
226.41
222.40
241.52
205.09
227.62
360.59
378.85
289.30
321.45
298.97
296.12
291.20
246.31
247.13
237.60
249.05
218.01
201.32
192.78
184.83
166.84
154.30
147.24
139.44
124.68
113.20
119.97
128.81
128.21
