   -.101355E+01
   -.168211E+01
    .104029E+01
    .985784E+00
   -.131961E+01
   -.803609E+00
   -.288701E+01
    .210878E+01
   -.268281E+00
    .858064E+00
    .492011E+00
   -.162168E+00
    .941766E+00
    .437785E+00
   -.125363E+00
   -.129451E+00
   -.876922E+00
   -.488898E+00
    .162297E+01
   -.200320E+01
    .500549E+00
    .250123E+00
    .996765E-01
    .163869E+00
    .336381E+00
    .902020E+00
   -.528072E+00
    .286300E+00
   -.630887E+00
    .116472E+01
   -.723992E+00
   -.639224E+00
   -.135492E+01
   -.749616E+00
   -.599741E+00
   -.778347E-01
    .129447E+01
   -.128831E+01
    .187492E+01
    .128856E+01
   -.105468E+01
    .227486E+01
    .100660E+01
   -.728828E+00
   -.212430E+01
   -.183754E+01
    .984889E+00
    .248686E+01
    .307813E+01
   -.324455E+01
    .531681E+01
    .150303E+01
   -.828745E-01
   -.842369E+00
    .373040E+00
   -.853078E-01
   -.131759E+01
   -.215189E+01
    .216304E+01
    .173853E+01
   -.222773E+00
    .102996E+01
    .202383E+01
    .245668E+00
    .130272E+01
    .174678E+01
   -.285966E+01
   -.181547E+01
    .108626E+01
   -.215432E+01
   -.162235E+01
    .145769E+01
   -.250290E+01
    .126890E+01
   -.525460E+00
   -.907593E+00
   -.188934E+00
   -.110608E+01
   -.943354E+00
   -.147292E-01
    .231616E+00
    .138043E+01
    .487798E+00
   -.268855E+01
   -.242464E+01
   -.134487E+01
    .628651E+00
   -.133968E+01
    .195642E+01
    .847626E+00
    .594306E+00
   -.217491E+01
    .754918E+00
    .490916E+00
    .582665E+00
   -.301341E+00
    .132124E+01
    .595694E+00
   -.153245E+00
   -.746443E+00
   -.111193E+01
   -.378027E+00
    .231969E+00
   -.120001E+01
   -.119269E+01
    .250447E+00
   -.205031E+01
    .163843E+01
   -.645118E+00
   -.169739E+01
   -.588867E-01
    .131931E+01
   -.112562E+01
    .168085E+01
    .163506E+00
   -.104547E+01
    .118535E+01
    .224080E+01
   -.225722E+01
    .192877E+01
    .819275E+00
    .697692E+00
    .635818E+00
    .122295E+01
   -.112987E+01
   -.205499E+00
   -.384440E+00
    .141070E+01
    .123587E+01
    .126744E+01
    .133784E+01
   -.267230E-01
    .645883E+00
    .178928E+00
   -.161791E+00
   -.307458E+00
   -.580723E+00
   -.110164E+01
   -.137933E+01
    .547576E+00
   -.815064E+00
   -.335339E-02
    .123844E+01
   -.177770E+01
    .109694E+01
    .219262E+01
    .455372E+00
   -.660330E+00
    .224298E+00
    .278706E+00
    .270109E+00
   -.100159E+01
    .456701E-01
   -.107646E+01
    .227249E+00
   -.596774E+00
    .157869E+01
   -.124838E+01
    .550844E+00
    .746526E+00
    .254587E+01
    .493826E+00
    .347773E+00
   -.182195E+01
   -.655292E-01
   -.524766E+00
    .378948E-01
    .425999E+00
   -.471676E+00
    .714013E+00
   -.134651E+00
   -.681963E-01
   -.105925E-01
    .753309E+00
    .347309E+00
    .106841E+01
    .138407E+01
    .163594E+01
    .151277E+01
   -.149033E+01
   -.915394E+00
   -.119669E+01
   -.151425E+01
   -.770610E+00
   -.101162E+01
    .206809E+01
    .271754E+01
    .186343E+00
    .182441E+00
   -.140647E+00
   -.350760E+00
   -.144298E+00
    .253532E+01
   -.677270E+00
   -.406767E+00
   -.975275E+00
   -.462556E+00
    .183376E-01
   -.110222E+01
    .725045E+00
   -.199413E+01
    .621805E+00
   -.121531E+01
   -.188516E+01
    .547281E+00
   -.372552E+00
   -.109254E+01
   -.348642E+00
   -.144037E+00
   -.135605E+01
    .110150E+01
   -.133703E+00
   -.853597E+00
   -.511746E+00
    .300171E+00
   -.133870E+00
    .938694E+00
   -.365470E+01
   -.952961E+00
    .153611E+01
    .126533E+01
    .125111E+01
   -.168943E+01
   -.249716E+00
   -.288923E+00
   -.571701E+00
    .728538E-01
   -.378456E+00
   -.738546E+00
   -.368807E+00
    .668229E-01
   -.527631E+00
    .479572E+00
    .308060E+00
    .176406E+01
   -.157954E+00
   -.579728E+00
   -.971710E+00
    .221514E+00
   -.193529E+00
    .119767E+01
   -.423051E+00
   -.722897E-01
    .617851E+00
   -.145247E+01
    .164797E+01
    .573313E+00
    .121956E+01
    .749903E+00
   -.954864E+00
   -.206595E+01
    .220673E+01
    .453842E+01
   -.222435E-01
    .187762E+00
   -.300198E+00
    .339434E+00
   -.743949E+00
    .242086E+00
    .190047E+01
    .542494E+00
    .126606E+01
   -.539219E+00
    .561875E+00
   -.136647E+01
   -.990829E+00
   -.786517E+00
   -.112391E+01
    .439561E+00
    .539162E+00
    .634644E+00
    .473687E-01
    .800371E-01
    .423945E+00
   -.196973E+00
   -.116878E+01
    .141511E+01
   -.141165E+01
    .103719E+01
   -.118231E+01
   -.130414E+01
   -.511521E+00
   -.238474E-01
   -.192921E+01
   -.376424E+01
    .168090E+01
   -.797440E+00
    .140210E+01
    .167806E+00
   -.608498E+00
    .791991E+00
    .194491E+01
    .883507E+00
    .688794E-01
    .199374E+01
   -.192580E+01
    .253003E+01
    .162416E+01
    .132339E+01
    .104970E+01
    .444477E+00
    .156566E+01
    .165384E+00
    .163599E+01
    .326360E+00
    .296795E-01
    .129962E+01
   -.226675E+01
    .142476E+01
   -.296869E+00
    .119212E+01
   -.250043E+01
   -.452212E+00
   -.112801E+01
    .946433E+00
    .103575E+01
   -.351186E+00
    .800863E+00
    .762285E+00
    .998375E+00
   -.424937E+00
   -.194627E+00
    .233002E+01
    .330633E+00
    .734486E+00
   -.180361E+01
   -.990198E+00
    .559537E+00
   -.223198E+01
    .329908E+01
   -.179738E+01
   -.701077E-01
    .357977E+00
    .789978E+00
    .616958E+00
   -.273859E+00
   -.418298E-02
   -.172293E+01
    .622732E-01
   -.146188E+01
   -.548509E+00
   -.110843E+01
   -.627633E-01
   -.811952E+00
    .146419E+01
    .226585E+01
    .763811E+00
   -.177062E+01
    .815492E+00
   -.182029E+00
   -.271128E+00
   -.131839E+01
    .135275E+01
   -.181742E+01
   -.308815E+00
   -.853160E+00
   -.199674E+01
    .507745E+01
    .385231E+00
    .434120E+00
   -.157149E+01
    .175491E+01
    .451963E+00
    .318048E+00
   -.521482E+00
    .510396E+00
    .624020E+00
    .804103E+00
   -.975186E+00
    .377458E+00
    .116719E+01
   -.189733E+01
    .553309E+00
    .103694E+00
   -.114769E+01
    .484491E+00
    .161335E+00
   -.439112E+00
   -.993415E-01
   -.122326E+01
    .302378E+01
    .304355E+01
    .115005E+00
    .354725E-01
   -.100631E+01
   -.881448E+00
   -.116209E+01
    .934699E+00
   -.160450E+01
    .258586E+01
    .611338E+00
   -.901373E+00
    .307146E+00
   -.121589E+01
    .612093E-01
   -.580808E+00
    .337406E+00
   -.235261E+01
   -.957130E+00
   -.451366E+00
   -.388717E+00
    .135321E+00
   -.482259E+00
    .563535E+00
   -.120295E+01
    .144237E+01
    .639261E+00
   -.716843E-01
   -.122907E+01
    .225393E+01
    .124637E+01
   -.222091E+00
   -.100751E+00
    .123882E+01
   -.215622E+01
    .876247E+00
   -.530427E-01
    .224169E+01
   -.250683E+00
   -.807096E+00
    .300674E+00
    .587865E+00
   -.569777E+00
   -.127087E+00
    .110400E+00
    .643313E+00
   -.857497E+00
    .246471E+00
   -.753901E+00
   -.520824E+00
   -.671954E+00
    .267896E+00
    .884508E+00
   -.309413E+00
    .620368E+00
   -.242609E+01
   -.356285E+01
    .486093E+01
   -.164449E+01
   -.190470E+00
   -.104001E+01
   -.410741E+00
   -.680833E+00
   -.153373E+01
    .255479E+00
    .583138E+00
    .302798E+00
   -.162341E+01
    .191151E+01
   -.152166E+01
   -.388606E+01
   -.564889E+01
   -.712048E+01
    .117547E+01
   -.185187E+01
    .156003E+01
   -.555900E+00
    .529596E+00
   -.101573E+01
    .627538E+00
    .186977E+01
   -.276689E+01
   -.252613E+01
   -.146061E+01
    .177564E+00
    .131656E+01
   -.575915E+00
    .145202E+01
   -.266682E+00
    .304237E+00
    .837268E+00
   -.845560E+00
    .876428E+00
   -.340793E-01
    .211244E+00
   -.129295E+01
   -.136958E-01
    .144945E+01
    .146233E+01
   -.121982E+00
    .141006E+01
   -.194658E+01
    .293827E+00
   -.105889E+01
    .112790E+01
   -.168090E+01
    .197365E+01
    .127172E+01
    .122751E+01
    .911764E+00
   -.374042E+00
    .165732E+00
   -.631530E+00
    .294220E+01
    .750345E+00
   -.370516E+00
   -.239512E+01
    .267804E+01
   -.604864E+00
   -.241291E+01
   -.979181E+00
    .865470E+00
    .220248E+00
   -.217549E+01
   -.442862E+01
    .210865E+01
    .317141E+00
   -.856156E+00
    .155807E+01
    .202851E+01
   -.157761E+01
    .720802E+00
    .969352E+00
   -.296421E-01
   -.728534E+00
   -.276022E+01
    .139603E+01
   -.167906E+01
    .833093E+00
   -.623889E+00
    .388728E+00
   -.727856E+00
   -.118767E+01
    .133203E+01
   -.383200E+00
   -.562155E-01
    .761378E+00
    .111559E+00
    .372916E+00
   -.293470E+00
   -.487272E+00
   -.959171E+00
   -.129411E+00
    .600478E+00
   -.574251E+00
   -.248565E+00
    .131481E+01
   -.471585E+00
    .523057E+00
    .130966E+01
   -.961109E-01
   -.108577E+01
    .102341E+01
   -.318254E+01
    .391221E+01
   -.701166E+00
    .359187E+00
   -.532470E+00
    .128867E+01
    .972147E+00
    .177387E+01
    .175425E+01
   -.295058E+00
    .121699E+01
    .446902E+00
   -.120162E+01
   -.261477E+00
   -.176382E+01
    .304414E+00
   -.187508E+01
    .314134E+01
   -.131981E+01
    .361814E+00
    .545726E+00
    .217859E+01
    .324916E+01
    .484300E+01
    .212834E+01
   -.173056E+01
   -.966904E-01
   -.188166E+01
   -.315559E+01
   -.130266E+01
    .163429E+01
   -.106902E+01
   -.141414E+01
    .200784E+01
   -.852353E+00
    .985091E+00
   -.724209E+00
   -.290278E+00
    .630703E+00
    .110324E+01
   -.429884E+00
   -.169282E+01
    .177031E+01
   -.351252E+01
   -.619086E+01
    .375553E+01
    .862520E+00
   -.194450E+01
   -.838761E+00
    .559749E+00
    .895351E+00
    .111255E+01
    .199386E+01
    .125773E+01
    .281536E+01
   -.283505E+01
   -.155344E+01
    .742245E-01
    .516374E+00
    .575006E+00
   -.320394E+00
   -.414359E+00
    .133187E+01
   -.451644E+00
    .532754E+00
   -.113335E+01
    .114242E+01
   -.124689E+01
   -.395690E+01
    .404971E+01
    .612643E+00
   -.132552E+01
    .659734E+00
   -.701414E+00
    .140235E+00
    .952573E+00
    .101574E+01
   -.216414E+00
   -.115530E+00
    .333769E+00
    .200794E+00
    .359742E+00
   -.126449E+01
    .661820E+00
    .358545E+00
   -.158779E+01
   -.418693E+00
    .204828E+00
    .405402E+00
   -.408919E+00
    .223308E+00
   -.149832E+00
    .462735E+00
    .401567E+00
    .722905E+00
   -.279562E+01
   -.159374E+01
    .194127E+01
   -.437355E-01
    .228941E+00
   -.779973E+00
   -.466008E-01
   -.106307E+01
   -.242745E+01
   -.636204E+00
   -.362164E+00
   -.130303E-01
    .812186E-01
   -.136896E+00
    .771771E+00
    .183594E+01
    .122216E+01
    .805695E+00
   -.139671E+01
    .167787E+01
    .145181E+01
    .524829E+00
    .814892E+00
   -.227874E+01
    .117061E+01
   -.531388E+00
    .662690E+00
   -.892017E+00
   -.833641E+00
    .582395E+00
   -.197242E+01
   -.308687E+01
   -.187365E+01
   -.166649E+01
    .760768E+00
   -.943844E+00
   -.109563E+01
    .137607E+01
    .131230E+01
    .133436E+01
    .109487E+01
    .105241E+01
   -.158577E+01
   -.741937E+00
   -.627794E+00
   -.340383E+00
    .367945E+00
   -.137825E+01
   -.669322E+00
   -.161907E+01
    .326524E+01
   -.738711E+00
    .387241E+00
   -.379716E+00
   -.331257E-01
   -.102971E+01
   -.853045E+00
   -.252414E+01
    .911400E+00
    .255343E+01
    .134065E+00
   -.120104E+01
    .318673E+01
   -.238834E+01
    .144584E+01
    .162266E+01
   -.200512E+01
   -.225879E+01
    .120713E+01
   -.860496E+00
    .152866E+00
    .886302E+00
    .233703E+01
    .143923E+01
   -.146302E+01
    .155576E+01
   -.325737E+00
   -.976514E+00
    .866765E+00
   -.136835E+01
    .277734E+00
    .793583E+00
    .107568E+01
   -.142610E+01
   -.495349E-01
    .113704E+01
   -.205124E+01
    .836473E+00
   -.804186E+00
    .214042E+00
    .455257E+00
    .862144E+00
   -.540252E+00
    .112192E+01
   -.155053E+01
    .166065E+01
   -.141436E+01
   -.897396E+00
   -.182754E+01
    .105914E+01
   -.144579E+00
   -.153263E+01
    .784999E+00
    .631227E+00
   -.711558E+00
   -.317008E+00
   -.993093E+00
    .300972E+00
   -.733670E+00
   -.133602E+00
   -.166926E+00
   -.104232E+01
   -.157257E+01
    .137978E+01
   -.123566E+01
    .241093E+01
    .679307E+00
    .391375E+00
    .136457E+01
    .156092E+01
    .821067E+00
    .118552E+01
   -.794165E+00
    .446200E+00
   -.149299E-02
    .400099E+00
    .111173E+01
   -.213241E+01
    .397847E+01
   -.603017E-02
   -.220140E+01
    .274695E+01
   -.909939E+00
   -.643260E+00
   -.238908E+01
    .220678E+01
   -.703736E+00
    .824608E+00
    .729900E-01
    .944964E+00
    .178024E+01
    .345878E+00
    .207236E+00
   -.134423E+01
    .426624E+00
    .825611E+00
    .101265E+01
    .136144E+00
   -.128815E+01
    .310254E+00
   -.648467E+00
   -.158362E+01
    .666539E+00
   -.238064E+00
    .319676E+00
    .533691E+00
   -.106481E+01
    .106517E+01
    .185494E+01
    .167049E+01
   -.138413E+01
    .417753E+00
    .618208E+00
    .649218E+00
   -.362160E-01
   -.657296E+00
    .489892E+00
    .235571E+01
    .168055E+01
    .217502E+01
    .907440E+00
    .161488E+01
    .160313E+01
    .128541E+01
   -.162709E+01
    .113326E+01
   -.108752E+01
    .118979E+01
    .110771E+01
   -.206884E+01
    .102273E+01
    .935369E+00
    .131134E-01
   -.139893E+01
   -.365049E+00
    .382829E+00
   -.208873E+00
   -.660365E+00
   -.777735E+00
   -.915025E+00
   -.133827E+01
    .155411E+01
    .325730E+00
   -.257418E+00
    .485903E+00
   -.142031E+01
    .141975E+01
    .230799E+01
   -.232879E+01
   -.292825E+01
   -.406412E+01
   -.154767E+01
   -.231691E+01
    .177471E+01
   -.340313E-01
    .586505E+00
    .538159E+00
    .637767E+00
    .364852E+00
   -.557468E+00
   -.120926E+01
    .968944E+00
   -.145529E+00
   -.917163E+00
    .126199E+01
    .171166E+01
    .558570E+00
   -.314850E+00
    .978664E+00
    .324043E+00
   -.576933E-01
    .239096E+00
   -.719845E+00
    .161289E+00
   -.555689E+00
    .483858E+00
   -.599451E+00
    .409633E+00
   -.410495E-01
    .775547E+00
    .438002E-01
    .487270E+00
   -.176212E+01
   -.957101E+00
   -.777814E-02
    .153160E+01
    .890646E+00
    .121747E+01
   -.139567E+01
    .119337E+01
    .122302E+01
    .354468E+00
    .216048E+01
   -.110011E+00
   -.412332E+00
    .121550E+01
    .108504E+01
   -.456160E+00
    .134194E+01
   -.313764E+00
    .144153E+00
   -.223130E+00
    .143922E+01
   -.261954E+01
   -.353979E+01
    .192340E+01
   -.386456E+00
    .171236E+01
    .262146E+01
   -.190398E+00
   -.208156E+00
   -.404361E+00
   -.255735E+01
    .368302E+00
    .157282E+01
    .142158E+01
   -.719473E+00
    .168613E+01
   -.122460E+01
    .342563E+00
    .190953E+00
    .261754E+00
   -.315637E+00
   -.114546E+01
    .405397E-01
   -.247909E+00
    .538315E+00
    .991627E+00
    .170741E+01
   -.381128E+00
    .336484E+01
    .234813E+00
   -.112097E+01
   -.701615E+00
   -.557603E-01
    .439024E+00
    .219432E+00
   -.436027E+00
    .153772E+01
    .233747E+00
    .244548E+01
   -.197738E+01
    .159221E+01
    .188610E+01
   -.306090E+01
    .400916E+00
   -.179270E+00
    .778021E+00
    .119380E+01
    .322269E+00
   -.841754E+00
   -.201030E+00
   -.740376E+00
   -.373996E+00
    .192656E+01
    .214720E+01
    .174092E+01
   -.263356E+01
   -.779062E+00
   -.317441E+00
    .136667E+01
   -.157611E+01
    .241022E+01
    .237175E+01
    .216215E+01
    .192325E+00
   -.182642E+01
   -.133890E+01
   -.676456E+00
    .156236E+01
    .380462E+00
    .894430E-01
   -.224363E-01
   -.180275E+00
    .953843E+00
   -.124598E+01
    .622927E+00
    .870172E+00
   -.644725E+00
   -.310258E+00
    .103382E+01
    .100697E+01
   -.126357E+01
    .104453E+01
   -.114647E+01
    .101972E+00
   -.122713E+01
    .784379E-01
   -.135826E+01
   -.217017E+01
   -.567233E+00
    .195039E+01
   -.299332E+01
    .535105E+01
    .423388E+01
   -.718369E+00
   -.488591E+00
    .504523E+00
   -.530991E+00
    .198784E+00
    .393453E+00
   -.453050E+00
    .196249E+01
   -.356562E+01
    .230134E+01
    .165581E+01
   -.109676E+01
    .934414E+00
   -.125115E+01
   -.613446E+00
   -.705860E+00
   -.973277E+00
