0.64600  
0.69000  
0.94900  
1.05700  
0.88500  
0.86400
0.77700
0.62800
0.69300
0.93100
0.93100
1.08500
0.93400
0.60900
0.15200
0.69600
0.39100
0.36800
0.67500
0.58800
0.67500
0.54500
0.58800
0.74200
0.74500
0.87600
0.70200
0.92500
0.83800
0.76500
0.58800
0.88200
1.17900
1.27600
1.12800
0.78800
0.77400
0.73400
0.82400
0.80300
0.81200
0.69600
0.82300
0.66300
0.72400
1.28300
1.23100
0.82100
1.14900
0.98000
0.90500
1.07000
0.96300
0.70400
0.79500
1.04500
1.02700
1.10500
0.88200
0.97900
0.82500
1.06300
1.03300
0.93700
1.03600
0.87000
0.86700
1.08200
0.93100
1.03600
0.89300
1.03300
1.06000
1.10300
1.29200
1.02400
0.87500
1.19100
1.24900
1.07900
1.19800
0.93100
1.21300
1.00600
0.90500
0.96000
0.92500
0.86800
1.17300
0.82400
1.03000
1.06700
1.13400
1.15800
1.04600
1.08200
1.23100
1.08200
0.96900
0.94900
1.00900
1.21900
0.97400
1.21300
1.34400
1.21000
0.98600
1.34400
1.17900
1.21900
1.22500
1.25600
1.06000
1.10000
1.42300
0.97200
0.84100
0.90700
0.96600
0.60600
0.95700
0.76500
0.47700
0.62800
0.80600
1.03600
0.68900
0.53500
0.76000
1.04500
0.40600
0.55900
0.72800
0.73900
0.86500
0.89000
1.04200
0.82900
0.80900
0.98100
0.85000
0.87100
1.12100
0.93400
0.96300
1.00000
0.81500
0.70700
0.90800
0.93400
0.97200
1.18600
0.92200
0.82000
1.13100
1.25200
0.93700
1.14000
0.99500
1.05100
0.90000
1.05200
0.94800
1.09400
1.36500
0.86700
1.19500
1.13400
0.93100
0.83000
0.73100
0.65200
0.64600
0.91400
1.12700
0.62900
0.85200
1.09100
1.20000
1.03400
1.15000
1.00200
1.08700
1.12900
1.14300
1.07300
1.02400
0.96100
1.01800
1.29900
1.13100
1.08800
1.06800
1.04300
0.85600
0.82400
1.12700
1.14100
0.91300
1.05200
1.12600
1.14400
1.03700
1.01200
1.09000
0.81600
0.83900
1.14100
1.14000
1.10000
1.17600
1.15800
1.30300
0.93900
0.95700
0.95700
1.00600
0.80000
0.73600
0.94600
1.00000
0.99300
1.08500
1.06000
0.85000
0.79100
0.53800
0.75900
0.90000
1.01400
0.98600
0.89600
0.92000
0.89600
0.96900
1.11200
1.00900
0.87300
0.84700
0.88400
0.94900
0.99800
1.12100
1.02400
1.31700
1.33400
1.43200
1.34200
0.85100
0.58900
0.78900
0.83300
0.64700
0.63100
0.74400
0.88100
0.95700
1.03000
0.97100
0.88600
0.88800
0.99700
1.10000
1.13700
1.07800
1.25700
1.38500
1.31900
1.23900
1.40300
1.24600
1.29100
1.35000
1.16800
1.22800
1.43100
1.14300
1.30600
1.50800
1.25700
1.42200
1.25600
1.18700
1.34100
1.29800
1.46200
1.24600
1.31600
1.35900
1.20100
1.01600
1.04800
1.03700
1.04600
1.24900
0.96100
1.00100
0.96600
0.72300
0.73400
0.87500
0.90400
1.00500
1.04300
1.22100
1.27900
1.13100
1.44400
1.04400
1.04200
1.15800
1.24700
1.05300
1.12400
1.14500
1.17800
0.77700
0.94400
0.83000
1.01800
0.95100
1.16400
1.21400
1.15400
1.29400
1.35900
1.41100
1.31500
1.27100
1.26600
1.26400
1.15900
1.03400
1.00400
0.93900
1.06300
1.03400
1.00200
0.96500
1.07600
1.02500
1.01500
1.02000
1.06600
1.13500
1.13200
1.19800
0.84900
0.85400
0.98100
0.95700
0.86500
0.81500
0.84600
0.98100
0.80400
0.94100
0.88500
0.92900
0.96700
1.12200
1.01100
0.92700
0.88400
0.95400
0.86900
1.06100
1.16200
0.88100
1.06300
0.86300
0.93800
0.92200
1.05500
0.95900
0.95000
0.97200
0.70800
0.80500
0.97500
0.99500
0.93600
0.88800
0.75600
0.88900
0.90900
0.99000
0.92600
1.00600
0.92200
0.93300
0.94300
1.09600
1.11400
0.99800
1.02900
1.13400
1.00900
1.11400
0.99100
0.94400
1.14000
0.89800
0.94200
1.08100
1.00900
1.36800
1.39100
0.96300
1.01400
1.00000
0.90500
1.11300
0.89300
0.88700
1.12100
1.05500
1.07300
0.98400
0.94200
0.80500
0.83000
0.90100
0.98000
0.99100
0.99800
0.96200
0.96400
0.98900
0.86700
0.94300
1.09400
1.18600
1.01200
1.07600
1.06100
1.01300
0.96000
1.12100
1.03500
1.12800
1.16000
1.04500
1.18600
1.07600
1.15900
0.93900
0.93500
0.94300
1.22200
1.11800
1.06600
1.14600
1.08500
1.06500
0.93300
0.98800
1.07700
1.04400
1.14000
1.09500
1.02700
1.12400
0.90200
1.01000
1.17100
0.96800
1.02600
1.00900
0.97900
1.06400
0.83500
1.09600
0.87200
1.00700
1.10900
1.05300
0.76400
0.87100
0.93000
1.06500
0.91100
0.97500
1.02600
0.73100
0.88300
1.08600
0.86500
0.92800
0.76500
0.73300
0.90500
0.85200
0.89000
0.72600
0.84300
0.87300
0.72700
0.76300
0.78600
0.81800
0.90500
1.00800
0.92100
0.97100
0.90000
0.96200
1.01400
1.06600
0.91800
0.92500
0.91800
0.91900
0.98100
0.84400
0.87100
0.84600
0.65900
0.92600
0.74400
0.80900
0.91000
0.91100
1.08200
1.05100
1.03300
0.80900
0.94800
0.88700
1.01400
0.95900
0.90900
1.00200
0.71900
0.66400
0.78500
0.74600
0.90500
0.75300
0.73300
0.68300
0.92900
1.02600
1.02500
0.93700
0.95300
0.79700
0.93700
0.84800
0.83000
0.97400
1.04600
1.09600
1.02000
1.05000
1.07800
0.94300
0.90700
1.01300
1.06700
0.90800
0.90200
0.91400
1.04100
1.06600
1.14200
1.00100
1.00800
0.83500
1.16700
1.02900
1.05900
0.97300
0.98400
0.98100
0.97700
0.93200
0.88900
0.78400
0.74100
1.09000
0.99600
1.22700
1.14100
1.02600
1.22000
0.88600
1.11800
0.88600
1.09000
1.27100
1.14100
1.30700
1.32600
1.19000
0.98700
1.17200
1.16400
0.90800
1.15800
1.09200
1.22600
0.95200
0.99300
1.16500
1.06000
1.17900
1.14600
1.29600
1.13800
1.01100
1.14200
1.18300
0.99200
0.92000
1.02200
0.97900
0.92800
0.89700
0.96500
1.04000
1.07700
0.89200
1.13100
0.98100
1.04800
1.24700
1.31900
1.07900
1.12300
1.00800
1.01100
1.05500
1.07800
1.14300
0.82800
0.83600
0.97700
1.06400
1.01200
1.13700
1.01100
1.27600
1.13800
1.25700
1.05500
1.12800
1.05400
1.12900
1.07200
0.84400
0.92900
1.08100
1.13100
1.06600
0.97900
0.94600
0.98500
0.88000
0.92000
1.00600
1.18300
1.20300
0.90700
1.06100
1.02900
0.95200
1.10100
0.84300
0.98700
1.04200
1.12600
0.74200
1.00100
1.05300
1.25500
1.12100
0.87600
1.16000
1.09800
1.03300
0.94600
1.15800
1.01900
0.94700
0.93000
1.11700
1.13800
1.21300
0.94500
0.90500
0.90500
1.08300
0.94800
0.91200
0.96100
0.72700
0.74600
0.96600
0.88000
0.65900
0.95600
0.95000
1.00500
0.87500
0.83800
0.81600
0.87000
0.81800
0.96800
0.80500
1.04700
1.10100
1.12500
1.12700
1.03600
1.02000
0.85600
0.88500
0.97700
0.97100
0.74300
0.77000
0.89600
0.95100
1.09300
1.07300
1.09700
1.21300
1.09100
1.21800
1.15000
1.06400
0.93900
0.87900
0.97600
1.00700
1.11600
1.26200
1.26600
1.16900
1.15400
1.46100
1.19900
1.34300
0.99600
1.00000
1.08000
0.93200
0.56100
0.68700
0.80400
0.79900
0.70000
0.73100
0.63700
0.68200
0.69100
0.64200
0.68200
0.80200
0.91600
0.63800
0.75200
0.86800
0.79800
0.73700
0.79600
0.72600
0.79300
1.00400
0.93200
1.15300
0.88600
1.09800
1.01700
1.11500
1.02200
0.98400
1.11300
0.83100
0.92400
1.11100
1.05200
0.92100
0.92400
0.65800
0.85100
0.88900
0.85400
0.90200
0.83600
0.84300
0.99300
0.87800
0.82700
1.03000
1.14300
0.89000
1.09000
0.81200
1.18800
1.03500
1.09100
0.92000
1.02400
1.21200
1.12000
1.15700
1.02200
0.96200
1.03500
1.10300
1.12600
1.07100
1.03300
0.79700
0.89400
0.97300
1.03400
0.90300
0.82300
0.99600
1.04400
0.86600
0.82000
1.01700
1.09500
1.04500
0.97900
0.99600
1.11000
1.30000
1.21400
1.46800
1.17200
1.01200
1.21100
1.25800
1.20000
1.01900
1.06900
1.30700
1.30200
1.07900
1.27500
1.28500
1.27900
0.98900
1.34700
1.19900
1.01300
0.91200
1.09200
1.24800
1.10600
1.12300
1.15400
1.28000
1.00800
1.43800
1.19100
0.75300
0.98000
0.86400
1.06200
1.00200
1.01700
0.99100
0.92900
0.79900
0.88800
1.09400
0.79100
0.74000
0.87400
0.77200
0.77100
0.85900
0.92400
0.48600
0.69400
0.70600
0.53700
0.53700
0.60700
0.64500
0.68600
0.64300
0.69100
0.86800
0.95800
0.94000
0.82500
0.78000
0.81100
0.78900
0.77000
0.82800
0.85900
0.89000
0.93100
0.94000
0.94200
0.89600
0.92500
0.78300
0.99500
0.88900
0.88500
1.02600
1.05800
1.05600
1.04800
1.11300
1.00800
1.02300
1.01400
1.07300
1.05800
1.02900
0.93000
1.23900
1.03700
1.08400
1.30600
1.12900
1.24700
0.99100
1.19900
1.34800
1.12300
1.46100
1.29500
1.40100
1.28300
1.12500
1.15500
1.06800
1.25800
1.18300
1.03700
1.27500
1.24500
1.58800
1.68600
1.42800
1.60200
