0.64600  
0.69000  
0.94900  
1.05700  
0.88500  
0.86400
0.77700
0.62800
0.69300
0.93100
0.93100
1.08500
0.93400
0.60900
0.15200
0.69600
0.39100
0.36800
0.67500
0.58800
0.67500
0.54500
0.58800
0.74200
0.74500
0.87600
0.70200
0.92500
0.83800
0.76500
0.58800
0.88200
1.17900
1.27600
1.12800
0.78800
0.77400
0.73400
0.82400
0.80300
0.81200
0.69600
0.82300
0.66300
0.72400
1.28300
1.23100
0.82100
1.14900
0.98000
0.90500
1.07000
0.96300
0.70400
0.79500
1.04500
1.02700
1.10600
0.88300
0.98000
0.82600
1.06300
1.03300
0.93800
1.03700
0.87000
0.86700
1.08300
0.93200
1.03600
0.89300
1.03300
1.06100
1.10300
1.29300
1.02500
0.87500
1.19100
1.24900
1.07900
1.19800
0.93200
1.21300
1.00600
0.90500
0.96000
0.92600
0.86900
1.17400
0.82400
1.03000
1.06800
1.13500
1.15900
1.04700
1.08300
1.23200
1.08200
0.96900
0.94900
1.00900
1.22000
0.97400
1.21300
1.34500
1.21000
0.98700
1.34400
1.18000
1.21900
1.22500
1.25600
1.06000
1.10000
1.42300
0.97200
0.84200
0.90700
0.96600
0.60600
0.95800
0.76500
0.47800
0.62800
0.80600
1.03700
0.68900
0.53500
0.76000
1.04600
0.40600
0.55900
0.72800
0.74000
0.86600
0.89000
1.04200
0.83000
0.80900
0.98100
0.85000
0.87200
1.12100
0.93500
0.96400
1.00100
0.81600
0.70800
0.90800
0.93400
0.97200
1.18700
0.92300
0.82000
1.13100
1.25200
0.93700
1.14000
0.99500
1.05200
0.90100
1.05300
0.94800
1.09400
1.36500
0.86700
1.19500
1.13400
0.93200
0.83100
0.73100
0.65200
0.64600
0.91400
1.12700
0.63000
0.85200
1.09200
1.20100
1.03500
1.15100
1.00300
1.08800
1.13000
1.14300
1.07400
1.02400
0.96200
1.01800
1.30000
1.13100
1.08900
1.06900
1.04400
0.85700
0.82500
1.12800
1.14200
0.91400
1.05300
1.12700
1.14500
1.03800
1.01200
1.09100
0.81700
0.84000
1.14200
1.14100
1.10100
1.17700
1.15900
1.30400
0.94000
0.95800
0.95800
1.00700
0.80100
0.73700
0.94700
1.00100
0.99400
1.08500
1.06100
0.85100
0.79100
0.53800
0.75900
0.90100
1.01400
0.98600
0.89600
0.92000
0.89700
0.96900
1.11300
1.00900
0.87300
0.84800
0.88500
0.95000
0.99900
1.12200
1.02400
1.31800
1.33500
1.43300
1.34300
0.85200
0.59000
0.79000
0.83400
0.64800
0.63200
0.74500
0.88200
0.95800
1.03000
0.96100
0.87800
0.89400
0.99000
1.10600
1.13600
1.09800
1.28300
1.40700
1.34700
1.24100
1.40400
1.28600
1.31300
1.39200
1.20500
1.26800
1.48600
1.20300
1.34800
1.57500
1.30100
1.48600
1.31100
1.22200
1.39100
1.33100
1.51400
1.28500
1.33900
1.40100
1.24200
1.07100
1.04800
1.05400
1.08200
1.28400
1.02800
1.08600
1.03700
0.76000
0.77000
0.88400
0.92100
1.02900
1.08500
1.26100
1.26600
1.15800
1.47900
1.06800
1.08900
1.20500
1.28800
1.09800
1.15200
1.15900
1.22800
0.77000
0.96800
0.86100
1.02500
0.95900
1.12600
1.18500
1.13400
1.26600
1.37200
1.42200
1.37900
1.28900
1.26200
1.26400
1.15700
1.08100
1.05600
1.00900
1.16400
1.07800
1.03500
1.00000
1.12500
1.07800
1.07200
1.06100
1.13300
1.18800
1.16600
1.18100
0.80500
0.83400
0.96800
0.93400
0.85000
0.80200
0.80400
0.93900
0.82200
0.91900
0.86100
0.94400
0.97800
1.09700
0.99900
0.92800
0.85900
0.94900
0.87600
1.07800
1.13200
0.84600
1.03300
0.82800
0.86800
0.86300
1.02800
0.93400
0.94900
0.94900
0.66600
0.73600
0.93900
0.99300
0.95200
0.85400
0.72700
0.87400
0.91300
0.97000
0.90200
1.00000
0.92400
0.91600
0.95200
1.05300
1.10200
0.96900
1.01100
1.09900
0.95100
1.06200
0.93200
0.88600
1.08600
0.86400
0.91100
1.04100
0.96100
1.31800
1.36400
0.93600
0.97800
0.94600
0.82700
1.05100
0.85300
0.83800
1.05900
1.01900
1.03200
0.97300
0.93500
0.80300
0.80700
0.87300
0.98300
0.99900
1.02100
0.96000
0.96500
0.99600
0.85100
0.91500
1.07300
1.13700
0.97800
1.03700
1.04400
0.97900
0.96400
1.09800
0.99900
1.05000
1.06800
0.96200
1.11100
0.99800
1.10800
0.91200
0.88200
0.86500
1.20500
1.08300
1.05600
1.12200
1.06600
1.06800
0.92700
0.96400
1.03700
0.94500
1.03200
1.01900
0.93200
1.03100
0.81200
0.92100
1.09500
0.88400
0.94800
0.94700
0.93200
1.04900
0.79500
1.00200
0.77600
0.93300
1.02100
0.96100
0.70100
0.80400
0.87400
1.05000
0.89900
0.93100
1.00200
0.71100
0.82900
1.06900
0.88100
0.91400
0.72700
0.70400
0.86600
0.81300
0.88000
0.73500
0.87000
0.91600
0.75100
0.80600
0.81200
0.90000
0.95700
1.01800
0.95100
1.01500
0.90200
0.95600
1.02100
1.10500
0.96600
0.99000
0.92900
0.90400
0.95100
0.85100
0.84400
0.86500
0.65100
0.96400
0.73700
0.81800
0.88900
0.87800
1.10200
1.05400
1.01600
0.81700
0.94400
0.88300
0.97300
0.93900
0.89500
0.94000
0.67200
0.63900
0.77100
0.72100
0.90800
0.72600
0.70800
0.69300
0.90500
0.96000
1.01100
0.87300
0.92400
0.80200
0.95900
0.84900
0.81200
0.96000
1.03500
1.09000
1.06500
1.06700
1.09300
0.94500
0.94300
1.05600
1.10800
0.94600
0.95300
0.91400
1.09000
1.10600
1.17600
1.05100
1.06400
0.86500
1.23200
1.02100
1.04000
0.93700
0.97700
0.95300
0.89300
0.85400
0.83000
0.80400
0.74200
1.10200
1.01100
1.21400
1.16700
1.04400
1.27000
0.84700
1.09900
0.85100
1.11600
1.18900
1.05700
1.28300
1.28800
1.15200
0.97800
1.11900
1.13300
0.83000
1.12100
1.05600
1.22400
0.89300
0.97200
1.13900
1.03900
1.19800
1.15900
1.30300
1.12600
1.02200
1.19200
1.24100
1.05000
0.98600
1.09600
1.03100
1.01000
0.96100
1.02300
1.12300
1.12700
0.93000
1.18100
0.97500
1.08000
1.27900
1.34400
1.12100
1.16900
1.03400
1.04200
1.07100
1.08900
1.17100
0.83000
0.85300
0.99800
1.07100
1.07400
1.20400
1.06300
1.25400
1.17600
1.34200
1.12000
1.21200
1.17600
1.22600
1.14400
0.88400
0.99500
1.14200
1.16400
1.07700
1.03700
0.98100
1.05700
0.89300
0.95100
1.06100
1.25000
1.20000
0.93300
1.12800
1.05900
1.00600
1.16300
0.82800
1.03500
1.10000
1.17900
0.74000
1.08600
1.12000
1.27400
1.12000
0.87200
1.15200
1.11400
1.01000
0.94500
1.16300
1.02700
0.99800
0.93600
1.12200
1.15200
1.19700
0.98400
0.94000
0.88700
1.03900
0.92700
0.91700
0.94800
0.68000
0.74500
0.94800
0.84900
0.62900
0.92400
0.95400
0.99700
0.88100
0.83900
0.77800
0.84800
0.82300
0.98300
0.79400
0.98900
1.07500
1.10200
1.16100
1.05400
1.08500
0.87300
0.93500
0.99000
0.98300
0.74800
0.75700
0.93600
0.99900
1.10100
1.07400
1.10100
1.18000
1.05400
1.20200
1.06100
0.96900
0.97900
0.86700
0.97500
0.95500
1.09800
1.21200
1.19000
1.11700
1.18900
1.44900
1.19500
1.32800
0.95800
1.01000
1.07000
0.91200
0.50600
0.62500
0.73600
0.73300
0.68100
0.67200
0.63100
0.61100
0.64700
0.61300
0.69100
0.80600
0.88600
0.59600
0.74500
0.85100
0.80800
0.76900
0.78000
0.69000
0.72200
0.93400
0.86100
1.08900
0.88800
1.05800
0.96800
1.05500
1.02800
1.00100
1.14400
0.76300
0.83600
1.08600
1.04800
0.96100
0.97900
0.59200
0.82300
0.91400
0.87200
0.94000
0.85700
0.84900
1.03200
0.90800
0.85100
1.00700
1.14600
0.90900
1.14300
0.88000
1.24300
1.05600
1.18100
1.00100
1.10500
1.35600
1.16800
1.27100
1.08700
1.04900
1.04800
1.10000
1.10100
1.03800
0.99300
0.76800
0.89100
0.92300
1.03400
0.89900
0.85200
0.96300
1.02500
0.86100
0.80800
1.02400
1.08100
1.03200
0.97200
0.94600
1.09500
1.26400
1.22400
1.48200
1.18300
1.02400
1.21600
1.19000
1.18200
0.99500
1.05100
1.27700
1.30600
1.07200
1.31300
1.30900
1.34400
0.97900
1.36400
1.19100
1.01100
0.82400
1.09300
1.24200
1.05500
1.11600
1.17500
1.23800
0.90000
1.45000
1.15800
0.65200
0.88400
0.80500
1.02100
0.94800
1.04600
0.97500
0.89900
0.74200
0.83400
1.02400
0.78200
0.71500
0.84900
0.79000
0.81300
0.86200
0.93700
0.41800
0.62800
0.65100
0.49100
0.51700
0.61300
0.64700
0.69700
0.64800
0.70000
0.80700
0.87700
0.88500
0.80100
0.71400
0.79300
0.78600
0.75600
0.84700
0.87200
0.96600
1.00000
0.98400
0.97000
0.94900
0.94600
0.86500
1.07300
0.93700
0.91800
1.08600
1.11800
1.08500
1.12100
1.15700
1.01400
1.03100
1.02500
1.11600
1.07800
1.04500
0.89100
1.20400
1.06000
1.09800
1.35600
1.15800
1.28600
1.05000
1.22500
1.35300
1.13200
1.42400
1.32000
1.43700
1.29200
1.16700
1.21400
1.18100
1.33400
1.26000
1.11200
1.37600
1.32800
1.67300
1.74900
1.33800
1.60300
