1.05600     
1.09200     
1.47900     
0.98600     
1.37400     
1.23300
1.44500
1.19800
1.09300
1.26900
1.37500
1.41100
1.51700
1.23500
1.20000
1.02400
0.77700
0.91800
1.09500
1.27100
1.30700
1.06000
1.16600
1.02500
1.48500
1.30800
1.13200
1.09600
1.34400
1.20300
1.07900
1.20300
1.23900
0.89700
1.11300
0.97000
0.80900
0.72000
0.77300
0.81000
0.97300
0.97200
1.20500
0.91900
0.88200
0.95500
1.10000
1.04600
1.06300
0.70400
0.83000
1.01000
0.77600
0.68500
0.75700
0.88600
0.57800
0.93800
1.01100
0.66800
0.97400
0.99400
0.99300
1.17200
0.86800
0.86700
0.94000
1.04900
0.92300
0.74300
0.77900
0.94100
0.95900
0.99600
1.17700
1.21300
0.96000
1.01600
1.08700
1.12500
0.52600
1.34200
1.68400
1.17800
0.61700
0.76200
1.43100
1.19800
1.07700
1.05500
1.21300
1.47900
1.12600
1.06900
1.05600
1.32300
1.14200
1.09300
0.78600
1.04300
1.00600
0.96900
1.17400
1.09000
1.04100
0.94200
1.07900
0.99300
1.20000
1.03000
1.16400
0.83400
1.06700
0.85900
0.98200
1.09200
0.71200
0.71000
0.67400
0.61200
0.85800
0.49200
0.66200
0.79800
1.06500
1.16800
1.13100
1.03000
0.88300
0.98100
0.95700
1.07900
1.54500
1.21500
0.82100
1.29900
1.83000
1.09100
1.50900
1.22800
1.11400
1.26200
0.99400
1.04600
1.02100
0.76300
0.99600
0.98800
0.91300
0.99800
1.10800
1.21900
1.22100
1.20800
1.15900
1.24200
1.24200
1.29100
1.50000
1.11900
1.39000
1.38900
1.12100
1.39200
1.28200
1.02200
1.41500
1.50500
1.14400
1.15600
0.94700
1.38100
1.31700
0.81300
0.99800
1.38100
1.04800
1.32100
1.46500
1.19600
1.09700
1.61600
1.20800
1.22100
1.33200
1.09700
1.30800
1.19600
1.19600
1.01100
0.98700
1.11100
0.98700
1.30700
1.08600
1.07500
0.81600
1.34600
0.87800
1.51900
1.23600
1.37200
1.15100
0.78100
0.99100
1.27500
0.94100
1.20200
0.99100
1.16500
0.99200
1.37500
1.48600
1.17800
0.80600
0.94300
1.16400
1.38700
1.19000
0.91700
0.70700
0.78100
0.97800
0.96700
1.20200
1.14000
1.12700
1.27800
1.21600
1.42600
1.40200
1.27700
1.30300
1.06700
1.24000
1.05500
1.01900
1.11600
1.24100
1.35400
1.00500
0.78200
1.11800
0.81900
0.80800
0.88300
0.88200
0.88300
0.96900
0.98200
1.00700
0.83300
0.82200
0.97000
0.80900
0.77200
0.89600
0.87000
0.78300
0.73400
0.78500
0.89700
0.67300
0.47300
0.81000
0.80900
0.76000
0.82200
0.84900
0.92300
0.77500
0.76200
0.51100
0.69800
0.67300
0.63700
0.67500
0.71200
0.76200
0.82300
0.86200
1.09900
0.75100
0.55000
0.74900
0.80000
0.81200
0.58700
0.48800
0.57500
0.62400
0.63700
0.48800
0.53800
0.51300
0.75100
0.80100
0.68700
0.72400
0.71200
0.33800
0.26300
0.41300
0.46200
0.45000
0.51200
0.45000
0.56300
0.61300
0.57500
0.61300
0.76200
0.72500
0.51300
0.81300
0.86300
0.70100
0.60100
0.56300
0.56300
0.70100
0.75100
0.71400
0.83900
0.65100
0.81400
0.73900
0.57600
0.55100
0.78900
0.77700
0.80200
0.72700
0.57700
0.94000
1.24100
0.86500
0.60200
0.91600
0.74000
0.65200
0.74000
0.54000
0.71600
0.82800
0.67800
0.72800
0.74100
0.73400
0.67100
0.57100
0.48200
0.50100
0.55400
0.56100
0.42800
0.87700
0.66900
0.68500
0.80900
0.85100
0.88600
1.00100
0.94200
0.88800
0.54700
0.65100
0.79700
0.91800
0.93000
0.75300
0.87600
0.68700
0.83400
0.56600
0.75700
0.79700
0.97500
1.22700
0.78700
0.79200
1.07000
0.88600
0.82600
0.84000
0.87500
0.85300
0.75200
0.98200
0.85200
0.94900
0.85000
0.86700
0.87200
0.75400
0.65500
0.76400
0.81000
0.83700
0.78700
0.86400
0.79200
0.59300
0.81200
0.85900
0.91300
0.51000
0.63800
0.62700
0.66800
0.73200
0.50700
0.57300
0.68200
0.77900
0.69400
0.66200
0.65600
0.84600
0.69100
0.83100
0.85200
0.95900
1.02500
1.11500
1.10600
1.02400
1.06600
1.07700
1.06100
1.11100
0.84300
1.02600
1.09300
1.14900
1.26700
1.32600
0.99000
0.98600
1.06400
0.84800
0.96400
0.78600
1.08400
1.14000
1.19900
1.15200
1.06200
1.00700
1.06500
0.99800
1.06100
1.11200
0.99000
1.13600
0.97500
0.96100
1.02600
0.85400
1.39000
1.17400
1.06400
1.13400
1.15600
1.27000
1.18100
1.16100
1.05000
0.85300
1.13500
0.91200
1.01200
1.10800
0.89000
0.80500
0.91700
0.93900
0.94700
0.93100
0.99000
1.08000
0.99000
1.24300
0.97900
0.82000
0.95300
1.20500
1.05400
1.09900
1.17800
1.15300
1.08700
1.05200
1.08100
1.15300
0.87200
1.19700
1.01300
1.04500
1.12800
1.05100
0.91300
0.92900
0.94900
0.96900
0.89100
0.70000
0.75200
0.73600
0.72000
0.86500
0.78200
0.86400
0.99000
0.98900
0.89500
0.86700
1.03600
1.02800
0.92600
1.04400
1.01100
0.95500
0.89200
1.11100
1.11000
0.93700
1.01900
1.03200
0.88500
0.78100
0.97800
0.99900
1.12100
0.98300
0.87500
0.97400
1.01000
1.13600
1.03400
1.20400
1.02700
0.84900
0.89300
1.25500
1.09400
0.76000
0.78900
1.04100
0.96900
0.73200
0.80900
0.82400
0.93700
0.80000
0.71000
0.85600
1.05200
0.69600
0.83300
0.93800
0.78400
0.95800
0.99600
1.08200
0.79600
1.07900
1.06300
1.07400
0.93600
1.13200
0.98300
1.09200
0.46500
1.19800
1.41900
1.41200
1.39400
1.19300
1.16600
1.24900
1.37700
1.01500
1.06600
0.86100
0.85000
0.88200
1.02500
0.86800
1.18500
1.04500
1.01900
0.86500
0.95200
1.12800
0.94700
0.85500
0.98400
1.03300
1.09100
0.84100
0.94800
1.00900
0.74100
1.35500
1.13700
1.07900
1.10600
0.88700
0.86600
0.66500
0.93900
0.90300
0.89300
0.91800
0.84700
0.83800
0.76400
0.86200
1.02600
1.05200
1.14100
1.07900
1.01800
1.11200
0.99600
0.99800
1.04100
1.20100
1.13500
1.23700
1.12400
1.13200
1.05700
1.17700
1.34900
1.28000
1.12300
1.03000
1.12700
1.05500
0.95000
1.13000
1.05500
1.04400
1.23600
1.23300
1.10400
1.06100
0.94700
0.87100
0.77000
0.62000
0.52100
0.63200
0.64700
0.51700
0.67500
0.62800
0.59000
0.92800
0.82100
0.76400
0.90600
0.94800
0.82300
0.86100
0.91200
0.89900
0.74600
0.78600
0.83800
0.82600
0.87900
1.05300
0.95700
1.03500
0.76500
0.88400
0.63900
0.74900
0.97700
0.60200
0.74900
0.79700
0.92600
0.76300
1.07800
0.88700
0.83000
0.97200
0.83500
1.06400
0.97600
1.20900
0.98800
0.91300
1.02200
0.97500
1.01200
1.08700
1.21700
0.99800
0.94100
1.00600
1.32400
1.14800
1.14300
1.19500
1.11200
1.08800
1.00600
0.98300
1.10900
0.89700
0.73500
1.04800
1.08100
0.97400
1.06200
0.99400
0.90100
0.99400
1.04500
0.97400
1.20400
1.27500
1.37900
1.21700
1.56100
1.26500
1.31800
1.25500
1.18800
1.46500
1.32800
1.09600
1.19900
1.29200
1.31800
1.10100
1.07800
1.37500
1.15000
1.15600
1.07000
1.09700
1.11900
1.26400
0.97100
1.46200
1.24300
1.14500
1.19800
1.00200
1.11200
1.17500
1.30300
1.19500
1.30700
1.22400
1.29000
1.26700
1.51800
1.15800
1.22100
1.34500
1.18100
1.13300
0.99800
0.80100
0.94700
1.09200
1.24000
1.16300
1.13900
1.41800
1.38500
1.28800
1.32600
1.48900
1.19900
1.36500
0.93700
0.80900
0.87000
1.05000
1.01100
0.82500
0.97500
1.04400
1.07500
1.25400
1.04700
1.11200
1.19900
1.18000
1.21900
0.96800
0.73100
0.89000
0.65600
0.60600
0.86100
0.92900
1.03300
1.05000
0.85800
0.96700
0.83100
0.89000
0.89300
0.90200
0.98900
1.07900
1.06700
1.08400
1.00300
1.13400
1.19800
1.15100
1.01200
1.02200
1.16400
1.23100
1.15200
1.15300
1.08600
1.32000
1.37200
1.28600
1.09300
1.29700
1.24500
1.22800
1.06100
0.81700
0.93900
0.93000
0.87900
1.10100
1.04000
0.98000
1.17900
1.30200
1.03700
1.30800
1.38600
1.18700
1.26500
1.10800
0.79400
1.11200
1.10500
1.21200
1.11100
1.21600
1.06700
1.03200
1.19500
1.09100
1.05100
1.13400
1.16100
1.14300
0.94500
1.01900
0.96100
1.04600
1.09100
1.05500
1.07000
1.12600
1.26800
1.17200
1.14600
1.39400
1.11600
1.34300
1.19100
1.16600
1.11200
1.05600
1.10300
1.06700
1.16000
1.14400
0.93600
0.96000
0.84300
0.76900
0.87400
0.97000
0.89200
0.81200
0.97600
1.09300
0.95200
0.70400
0.82500
0.82300
0.93800
0.82000
0.88000
0.94400
0.90800
0.94800
0.76300
0.98800
0.82200
0.89700
1.02000
1.05000
1.07100
0.98200
1.06800
0.89300
0.97300
0.96600
0.92500
0.90800
1.00600
1.04400
0.89600
1.00300
1.10400
1.04200
1.15700
0.94200
0.92200
0.90700
0.80700
0.76800
1.01400
0.97700
1.05100
1.13900
1.09500
1.09700
1.07700
0.92100
1.05000
1.08700
0.90900
0.76900
0.99700
1.08600
0.83500
0.93800
1.10900
1.01700
0.91600
0.93800
1.07900
1.24100
0.97200
1.03000
1.00000
0.87400
1.09800
0.89800
0.93600
1.06100
1.04300
1.11300
0.91000
1.06700
0.95500
0.92500
1.05700
0.72600
0.71400
0.74000
0.54700
0.81000
0.83400
0.96700
0.84600
0.88600
1.00800
0.85300
1.06900
1.35100
1.16500
1.64600
1.57500
1.25100
1.44700
1.12100
1.16500
0.93400
1.25000
1.15900
1.09000
0.99600
1.04200
1.17200
1.42400
1.09500
1.00100
1.17300
1.03500
1.18100
0.92800
0.93200
0.99100
0.97400
0.83000
0.91800
0.84300
0.85700
0.83000
0.91900
1.00300
0.88200
1.11700
0.98800
0.91200
0.79300
0.73500
0.80000
0.80300
0.92400
0.70400
0.92800
0.89600
0.95400
0.86900
1.11600
0.83800
0.73700
0.86100
0.92300
1.16400
1.16400
1.04600
1.01300
1.06200
1.22000
1.24400
1.36200
1.35300
1.39100
1.27400
1.41200
1.31500
1.28200
1.09000
1.06200
1.15000
1.14100
1.06100
0.86000
0.92000
0.86000
1.01600
0.93700
0.82200
0.73100
0.95500
1.04200
0.80500
0.82200
0.93300
0.99300
0.91700
1.20500
0.98100
1.00200
0.93500
0.72400
0.73400
0.93300
0.79300
0.90200
0.88800
0.72500
0.95400
0.95500
0.93100
1.14200
1.17400
1.05600
0.91800
0.94400
0.86400
0.97100
0.91100
0.85600
0.86100
0.80600
0.65800
0.69600
0.71600
0.61600
0.50300
0.33300
0.45700
0.48100
0.35800
0.42000
0.62300
0.61800
0.76100
0.65600
0.62800
0.85000
1.06200
1.22200
1.10700
1.12700
1.16500
1.08400
1.15100
0.92700
0.85200
1.04500
0.87900
0.96100
0.80100
0.90300
0.79000
0.74700
0.80300
0.72000
0.91000
0.84900
0.92300
0.88500
0.83000
0.85100
0.80500
0.63600
0.37800
0.82200
0.82200
0.95000
1.03500
1.08100
0.88000
0.84400
1.09100
1.21500
1.16200
1.18200
1.19600
1.31600
1.43800
1.18400
1.14300
1.12600
0.94100
0.92200
0.95200
0.74100
0.84100
1.03600
0.88900
0.91900
0.96300
1.02900
1.25000
1.12900
1.01300
1.21900
1.07700
1.13700
1.18300
1.15700
1.36700
1.19400
1.12500
1.00200
1.20700
1.11000
0.79600
0.83800
0.83100
0.78900
0.76800
1.05700
1.13600
1.11200
0.97900
1.08200
0.86600
0.97500
0.89600
0.83800
1.01100
0.94700
1.03100
0.94200
1.31000
1.21200
1.07200
1.15000
1.05300
0.94700
0.86300
0.80900
0.83200
0.83600
0.92600
0.76100
0.83000
1.13100
1.01000
1.35100
1.52400
1.07900
1.10200
1.24800
1.14100
0.99200
0.92800
0.81200
1.03500
0.71100
0.90700
0.68100
0.70600
0.56900
0.73000
0.89800
1.02300
1.07300
0.84600
0.92500
0.95800
1.03500
1.17100
1.22700
1.16500
0.96200
1.12700
0.98700
0.99000
1.12400
1.18800
1.49500
1.25100
1.29100
1.21100
1.08100
1.19400
1.17900
1.00700
1.13600
1.09500
1.28900
1.23500
1.12300
1.13700
1.18100
0.92500
1.04600
1.00600
1.08800
1.24600
1.15400
1.03800
0.86000
0.62800
0.76600
0.91000
0.87300
0.76500
0.77600
0.78800
0.64500
0.83100
0.83500
0.87800
0.95400
1.10300
1.01200
1.01000
0.94200
1.17700
1.02000
0.90500
0.82400
1.07000
0.84900
1.07900
1.08800
1.08100
0.91800
1.08800
0.91100
0.73000
0.51300
0.59200
0.74100
0.85700
0.63500
0.70400
0.79600
0.88800
1.15100
1.00200
0.74700
0.79500
0.83300
0.78400
0.85100
0.79400
0.99400
0.80700
0.99000
1.07100
0.99500
0.99600
1.04600
0.93700
1.10900
1.03800
1.14500
1.28400
0.86200
0.91200
0.93400
1.08100
0.89800
1.17700
1.11800
1.10200
1.00600
0.98100
1.02400
0.72600
0.98900
1.15700
1.15300
0.94400
0.85100
0.75300
1.00100
1.03000
0.97900
1.07000
1.03600
0.90600
0.96700
1.09500
1.07400
1.04200
0.99800
1.11000
1.19600
0.88400
1.01200
1.08900
1.01900
1.16400
1.02800
0.94900
1.06600
1.33200
1.08300
1.05100
1.01400
1.23700
0.97800
0.87700
0.78900
0.92900
0.79900
0.70500
0.74200
0.87600
0.88000
0.75500
1.04600
0.82200
0.71500
0.88900
0.74400
0.79000
0.70400
0.74000
0.69600
0.83700
0.85900
1.10200
1.02300
1.01000
0.97800
1.12100
1.09500
1.01700
1.00600
1.09500
1.04500
0.97700
1.16400
1.05300
1.02000
1.04800
1.08800
0.92400
0.97100
0.96800
0.96500
1.09200
1.33300
1.19300
1.22400
1.43600
1.51100
1.56300
1.37400
1.17600
1.26500
1.19400
1.08100
1.03700
1.01900
0.82700
0.89400
0.96100
0.93800
0.98400
0.73200
0.93400
0.81200
1.12900
1.12800
1.24300
1.17400
1.13400
1.37600
1.45500
1.63800
1.43600
