6132.8
5811.8
4733.9
4779.6
4042.7
3761.7
3135.3
4714.1
4621.4
4040.0
3932.0
4982.4
4538.7
4641.8
3955.0
4444.2
4265.1
4383.1
3658.2
4492.7
4145.7
4402.9
4056.7
4583.0
4520.7
4851.2
4496.7
4896.2
5121.1
5087.2
4610.5
5525.2
6107.3
5099.5
4450.7
4610.1
4160.2
3827.0
3780.0
4280.9
4743.3
4727.6
4616.6
5487.1
5361.9
6022.3
5263.3
6133.3
6321.4
5985.1
4541.4
6156.4
5348.1
5468.3
4835.0
5578.3
6276.8
6461.7
6214.0
7614.3
7724.7
7398.8
7326.9
8258.5
6690.6
6566.1
6528.0
6413.1
5400.7
5256.3
4875.2
5216.7
5442.4
5250.5
5150.5
5470.3
5610.3
6164.4
6054.6
6235.5
6890.4
6329.9
6206.7
7413.4
7263
6679.7
6018.7
7013.9

