 513  
 530  
 519  
 549
 545
 531
 586
 581
 577
 575
 584
 581
 577
 641
 640
 687
 637
 747
 744
 793
 743
 803
 872
 792
 885
 883
 856
 870
 882
 825
 982
 999
1016
 905
1053
1020
 978
 963
1150
1160
1064
1142
1251
1287
1193
1275
1335
1253
1346
1365
1338
1522
1514
1502
1514
1577
1409
1494
1599
1645
1519
1468
1615
1524
1414
1507
1671
1901
1799
1848
1975
2037
1924
1571
1809
1946
2006
1835
1881
1751
1927
1960
1909
1623
1711
1716
1667
1659
1862
1910
1770
1795
1866
1916
1984
2045
1885
1362
1889
1823
1923
1768
1670
1469
1771
1664
1391
1130
1137
1235
1336
1337
1329
1285
1369
1346
1286
1330
1478
1513
1474
1460
1451
1504
1445
1383
1584
1246
1333
1382
1491
1526
1441
1416
1587
1632
1458
1492
1592
1583
1251
1173
1644
1579
1611
1560
1652
1565
1523
1685
1734
1804
1745
1926
1935
