 540   
 559   
 552   
 577
 608   
 606
 669
 630
 601
 655
 727
 729
 695
 729
 765
 770
 767
 788
 841
 827
 755
 835
 870
 813
 874
 869
 959
 912
 927
 969
1031
1043
1021
1077
1143
1140
1172
1114
1281
1294
1167
1230
1333
1373
1310
1327
1424
1384
1364
1394
1436
1485
1469
1483
1525
1570
1372
1427
1507
1470
1400
1390
1515
1402
1217
1377
1565
1564
1545
1476
1738
1660
1624
1470
1571
1814
1460
1370
1455
1363
1431
1314
1434
1464
1391
1739
1666
1594
1655
1603
1725
1663
1631
1609
1708
1712
1656
1257
1612
1459
1584
1531
1519
1261
1323
1346
1076
 831
 759
 917
1012
 981
 993
 903
1031
 970
 964
1027
1167
1158
1057
1064
1088
1027
 828
 727
 706
 616
 649
 690
 646
 731
 605
 596
 674
 630
 524
 612
 685
 613
 609
 615
 653
 589
 611
 642
 678
