179
183
178
176
204
179
193
175
184
188
202
187
197
194
217
198
210
198
230
225
214
212
214
204
196
190
215
203
232
220
244
242
241
244
245
240
247
225
223
241
248
240
249
263
253
259
253
258
254
248
265
252
276
260
273
298
270
272
267
288
227
250
278
272
288
275
282
301
287
269
271
273
293
277
304
274
311
284
330
325
304
273
320
319
314
293
320
316
331
322
340
363
328
339
349
355
345
333
343
345
369
363
374
381
388
370
374
396
402
371
399
368
387
359
427
422
432
417
447
430
409
370
388
374
426
430
452
423
458
472
448
453
434
427
449
399
471
457
476
474
474
481
439
464
463
423
478
455
487
452
479
489
468
502
472
511
495
449
525
498
502
483
539
539
447
521
523
526
495
431
446
449
497
481
536
499
472
488
496
486
495
414
491
478
431
481
533
492
490
509
482
411
426
433
358
434
503
440
513
529
523
521
555
488
504
494
547
523
526
427
591
560
587
553
565
542
580
507
537
477
504
489
445
539
587
601
619
594
520
493
447
443
483
444
441
518
496
397
489
477
493
433
505
372
455
487
494
478
462
501
458
505
483
391
517
569
597
573
535
549
582
587
483
524
583
522
550
475
547
581
618
542
565
576
516
571
572
486
573
529
543
537
530
576
602
585
524
603
579
508
569
432
375
450
582
536
494
486
471
502
566
493
525
517
532
482
537
562
420
461
391
409
473
382
468
440
472
434
448
370
258
240
297
294
231
243
285
277
317
323
351
338
323
332
332
317
343
307
343
283
287
333
347
332
352
320
308
342
332
290
342
312
353
362
405
381
381
394
376
388
388
316
353
355
349
360
329
375
384
350
339
338
314
247
267
235
248
244
237
233
236
222
192
202
192
207
250
239
237
214
209
220
217
251
241
239
187
201
217
221
187
188
221
222
231
236
194
200
190
136
198
211
188
213
230
228
227
209
187
217
199
182
228
197
221
197
214
222
217
208
178
203
210
182
219
202
209
231
235
232
211
222
207
160
179
161
174
171
150
143
133
138
139
137
137
126
 92
129
135
143
141
