189  
204
208  
197
187
214  
227
223
199
229
249
234
208
253
267
255
242
268
290
277
241
253
265
236
229
265
275
258
231
263
308
313
293
328
349
340
309
349
366
340
302
350
362
337
326
358
359
357
341
380
404
409
383
417
454
428
386
428
434
417
385
433
453
436
399
461
476
477
452
461
534
516
478
526
518
417
340
437
459
449
424
501
540
533
457
513
522
478
421
487
470
482
458
526
573
563
513
551
589
564
519
581
581
578
500
560
512
412
303
409
420
413
400
469
482
484
447
507
533
503
443
503
505
443
415
485
495
458
427
519
555
539
511
572
570
526
472
524
497
460
373
436
424
430
387
413
451
420
394
462
476
443
421
472
494
