 53 
 68 
 68 
 66
 72
 66
 70
 72
 66
 74
 71
 52
 51
 66
 70
 68
 78
 68
 77
 75
 75
 82
 79
 62
 56
 69
 74
 72
 82
 75
 86
 78
 85
 84
 78
 72
 53
 75
 80
 83
 85
 85
 88
 86
 93
 91
 85
 79
 57
 86
 99
 82
 95
 91
 91
101
 98
 96
102
 79
 64
 85
 92
 76
 93
 84
 86
 93
 86
 87
 84
 65
 55
 81
 93
 80
 97
 88
 95
 94
 86
 95
 95
 68
 60
 84
 87
 84
 93
 86
103
104
101
115
110
 88
 80
107
106
111
111
106
118
111
120
120
116
104
 78
106
125
113
117
119
120
123
123
119
123
 98
 73
107
122
108
122
120
117
124
121
117
123
 97
 99
110
117
113
129
116
115
124
120
123
128
106
 91
122
128
121
137
122
138
134
132
145
142
122
106
136
141
138
144
135
156
147
151
156
141
131
105
141
140
142
144
142
142
141
151
142
146
129
100
132
153
135
147
151
151
155
147
149
157
130
 97
147
155
139
167
155
147
162
167
166
168
143
132
151
169
145
154
162
178
185
171
183
178
155
140
165
173
169
189
168
189
167
162
155
143
119
 78
129
133
142
152
143
153
149
157
162
148
139
 95
156
173
161
167
173
176
183
181
183
193
157
108
168
181
163
175
175
171
183
168
161
173
144
101
156
164
151
171
165
149
162
159
167
172
143
117
158
183
164
190
172
188
201
184
200
202
161
137
185
191
176
189
186
205
188
196
202
187
175
133
179
207
189
195
197
194
189
198
201
193
184
127
171
202
183
189
188
178
170
164
149
156
107
 47
111
145
138
138
133
137
142
141
141
147
125
 91
149
160
145
168
156
163
165
154
180
169
135
118
158
171
168
177
162
189
174
170
184
173
146
117
160
166
169
172
162
173
160
172
164
145
134
 99
144
172
153
161
171
164
158
173
159
152
147
 89
151
187
151
192
176
175
199
181
178
197
164
155
176
180
181
208
183
185
205
180
196
183
147
128
158
186
165
191
168
171
169
157
175
156
129
 89
138
146
151
156
129
146
141
137
155
147
128
 92
136
159
131
134
148
146
144
161
140
141
139
 94
136
164
141
159
162
154
166
156
147
161
135
 98
150
173
144
167
161
156
175
163
159
167
148
119
150
161
136
166
155
140
141
