5077.7  
4981.6  
4436.4  
4848.7
4836.1
4613.6
4121.6
4674.0
4659.2
4678.5
4315.4
4792.8
5055.5
4997.3
4552.0
4937.1
5775.7
5707.9
4945.0
5394.5
5710.1
5682.6
4941.0
5064.5
4951.7
4523.6
3686.0
3953.9
4693.5
4816.1
4336.2
5091.8
5317.1
5673.6
5123.8
5631.9
6239.9
6271.7
5235.6
5897.0
6043.8
5865.2
5320.5
5927.1
6399.6
6843.0
6203.3
6588.5
7332.7
7650.3
7028.2
7978.9
8260.5
8107.2
6910.2
7094.2
7140.0
7165.9
5974.9
6251.7
6002.2
6024.8
5375.3
5892.2
6126.9
6390.8
5783.2
6061.7
6454.1
6731.1
5797.2
6725.3
