1.22000  
1.47500  
1.50600  
1.22900  
1.32900
1.30900
1.59500
1.64300
0.59100
0.43800
1.24500
1.10800
1.03900
0.81900
0.76700
0.88300
0.59800
0.11600
0.69500
0.66100
0.62600
0.60900
0.85400
0.95100
0.93200
0.80000
1.18900
0.69900
0.76300
0.81000
1.13200
0.71000
0.87000
1.14100
1.10700
1.23300
1.13500
0.68600
0.27100
0.55600
0.88800
0.66500
0.99600
0.31600
0.20500
0.66100
0.80100
0.72100
0.37600
0.46900
0.60900
0.91900
1.07300
1.36700
1.33400
1.33200
1.36100
0.88100
1.15800
1.09500
1.23200
1.33900
1.23000
1.06000
1.29000
1.24300
1.25700
1.16500
1.99100
1.47000
1.56200
1.71400
1.46900
1.30100
1.08700
1.54700
1.10300
1.08800
0.93500
1.01300
1.19700
1.16700
1.01500
1.01600
1.17000
1.14100
1.46600
0.95800
1.05200
1.37900
1.27200
1.16600
1.15200
1.57500
1.46800
1.06400
1.44300
0.95900
1.32300
1.81500
1.20200
1.06200
1.66800
1.41800
1.24600
1.42500
1.54100
1.36800
1.04900
1.55400
1.26600
1.02600
1.17600
1.19600
1.16600
0.87300
1.10700
0.92800
0.19900
0.48300
0.90400
0.83900
1.06100
1.30100
1.22100
1.19100
1.29700
0.87300
1.01300
1.25800
0.82900
1.30000
1.04300
1.04600
0.92700
1.28100
0.73900
0.75900
1.22200
1.03000
0.58700
0.85700
0.93100
0.87900
0.82700
0.25100
0.72300
1.19700
0.70800
0.60000
0.74800
1.00600
0.76900
0.36600
0.77200
0.82900
0.64500
0.23800
0.62800
0.44300
0.76000
0.64900
0.66900
0.83700
0.70700
0.40900
0.69000
0.95200
0.65300
0.89700
0.72900
0.37200
0.41000
0.20400
0.89800
0.27900
0.29800
0.46600
0.18500
0.18500
0.46600
0.55900
0.24100
0.20300
0.27800
0.40900
0.52100
0.48300
0.76200
0.59400
0.61200
0.79800
1.05800
0.83400
1.37200
1.50200
1.42600
1.37000
1.20900
0.99400
0.93900
0.99600
0.86400
0.96000
0.92300
1.10900
1.49500
1.24500
0.93300
1.17800
1.02700
1.05700
1.34900
1.59100
1.11400
1.11000
1.17600
1.01900
0.90100
1.10200
1.21100
1.09800
1.09100
0.85300
0.96100
0.79500
1.05100
0.90800
1.25000
1.23100
1.12700
1.08600
1.21500
1.23600
1.43000
1.07500
1.20800
0.96300
1.15100
1.12400
1.06700
1.24700
1.06100
1.29500
1.03800
1.25100
1.01200
1.13600
1.13000
1.15600
1.00800
1.01200
1.18800
1.18400
1.29500
0.86000
0.86200
0.90100
0.99500
0.91900
0.87500
0.81900
0.71800
0.83000
0.89200
0.94400
0.93000
0.75500
0.75100
0.89800
0.59100
0.83100
0.89500
0.50700
0.74200
0.78700
0.63400
0.85100
0.85400
0.72900
1.29900
1.05200
1.40300
1.43500
1.11500
0.79300
0.75000
1.03400
1.19700
1.37400
1.17700
0.82200
0.92800
0.96600
0.86400
1.02000
1.02600
0.85700
0.92900
0.92300
1.26100
1.13400
0.88200
1.03700
0.94200
1.01400
0.87400
0.97600
0.88800
0.90800
0.92600
0.84100
0.80700
0.87400
0.68700
0.83600
0.77600
0.91400
0.73400
0.66200
1.08900
0.97700
1.17800
1.13700
0.83400
1.00900
1.21400
1.22800
0.55400
1.12100
1.54900
1.12200
1.35700
1.12100
1.04200
0.94900
0.93100
1.16500
0.99500
0.86300
1.19400
1.09600
0.88800
1.03900
1.42000
1.22100
1.00500
0.95400
1.02900
1.20600
1.11900
1.42900
1.45500
1.44100
1.21000
1.08400
1.13800
1.05400
1.08200
1.11800
0.50500
0.94200
0.92900
1.10200
1.20600
1.22000
0.83600
0.77700
0.67300
1.08000
1.08400
0.92200
0.97900
1.09200
0.98800
0.81000
0.99200
1.19700
0.83600
0.79900
1.01200
0.98500
1.06400
0.98300
1.28400
1.39100
1.13900
1.06900
1.27700
1.09500
1.22800
1.10200
0.90700
0.74200
1.14600
1.09100
0.95000
0.76800
0.85800
1.07700
0.96900
0.77300
0.88800
0.91400
0.92000
0.94900
1.01100
1.05800
0.82600
1.25100
0.79500
1.05100
1.13400
1.37700
0.86600
0.93100
1.50200
1.19300
1.07500
1.20200
1.14200
1.07400
1.09400
1.15800
1.31800
1.19800
1.05600
1.10100
1.22900
0.78900
0.71000
0.86200
0.91500
0.99800
0.93800
0.87700
0.91100
1.35000
1.02200
0.74400
0.66400
1.19000
0.72100
1.04400
0.80600
1.00500
0.83000
0.84100
0.92500
1.28300
0.99300
0.96100
0.91300
0.87000
1.12400
0.73200
1.22300
1.00800
0.96300
1.12100
0.90100
1.05800
0.97400
0.90800
1.31600
1.36500
1.20400
0.86700
1.16300
0.99100
1.00600
1.18700
1.04000
0.85400
1.17900
1.24200
1.15500
1.43800
1.15500
0.95600
1.03800
0.98500
0.65900
0.93500
0.99000
1.30300
0.82300
0.98800
1.01500
0.90000
0.87100
0.68300
0.65700
0.94400
0.81200
0.77100
1.13700
0.75200
0.79300
0.75600
0.86700
0.91300
1.22300
0.90700
1.18800
1.27300
1.14700
1.19100
1.41600
1.31300
1.27700
1.30200
1.16800
0.79400
0.94200
0.61100
1.07600
0.54200
0.62900
0.80000
1.18700
1.14900
0.88100
0.83100
0.88000
0.88600
1.15200
0.87100
0.91300
0.76300
1.03400
1.13100
1.18700
1.03600
1.11000
1.03800
1.05700
1.24400
1.22100
1.25000
1.22400
1.23800
1.13100
1.27400
0.89500
1.01000
0.94800
1.03800
1.02100
1.02800
0.77500
0.74600
1.12800
0.99300
1.04100
0.92800
1.00200
1.26500
1.14000
1.24700
1.12600
0.94200
1.13600
0.87900
1.28400
1.48100
1.13900
0.96600
1.01200
1.12500
0.77800
1.00500
0.87900
0.84600
0.69800
0.68200
0.77100
0.97100
0.88500
0.83200
0.97500
0.82500
0.79600
0.84800
0.63200
0.98600
1.03000
0.99800
0.92900
0.68600
1.09800
0.94100
0.89000
0.82300
1.34800
0.98700
1.17500
0.99400
0.90400
0.88700
1.31500
1.33700
1.16400
1.25800
1.07700
1.64500
1.11300
1.25200
0.98300
1.15600
1.01800
1.08800
1.07500
0.93800
0.88800
0.85800
0.87600
0.95500
1.04100
0.88000
1.17300
1.08600
0.92700
1.11800
1.03600
0.96000
1.18500
1.08800
1.16800
0.91900
0.99200
0.97900
0.99900
1.00000
1.06000
0.92700
1.09500
0.89400
1.01900
0.90700
0.88400
0.91900
0.79900
0.84200
0.89600
0.80400
0.89100
0.90500
0.74700
0.86900
0.93400
0.88500
1.14100
0.76800
0.93500
0.76600
0.68700
0.82900
0.85800
1.12100
1.02900
0.93200
0.97300
1.03500
0.91500
1.07700
0.83900
0.85800
0.77300
1.06300
1.05600
1.20200
1.06400
1.22600
1.37600
1.14200
1.22400
1.36000
1.21900
1.21700
1.20100
1.14700
1.08300
0.95000
0.80400
1.21700
1.27800
0.93700
0.93900
0.96700
1.11700
0.99600
1.46000
0.93600
0.86600
1.01700
0.93900
0.93300
1.16500
0.89900
0.87500
0.74600
0.88100
0.89600
0.75000
1.32800
0.92800
1.09000
1.19400
1.01300
0.99800
0.83800
1.27100
1.17600
0.91500
0.96700
0.71800
1.05700
0.80200
0.84100
0.96500
0.92500
0.96600
1.02900
1.16600
1.04900
1.12400
1.05600
0.84600
0.79900
0.92000
0.67300
0.68800
0.77100
0.80400
0.83400
0.88000
0.81200
1.01700
0.99900
0.94600
1.14400
1.06400
0.98000
1.41300
1.58000
1.14200
1.13000
1.38500
1.27400
1.45500
1.33400
0.96000
1.38200
1.28300
1.37500
1.23500
1.32700
1.14600
0.96400
1.16400
1.51100
1.09300
0.98100
1.28200
1.14900
1.31500
1.10200
1.05400
1.01000
0.95200
1.23100
0.85100
1.07500
1.24500
1.05700
1.11600
0.98200
0.88900
0.86400
0.81800
0.94500
0.83000
0.75500
0.69500
1.02500
0.92000
0.66300
0.64500
0.78300
0.62500
0.89100
0.79600
0.62400
0.76600
0.88600
1.05500
0.93300
1.08600
0.90200
1.05000
1.00500
0.95400
0.94800
0.75800
0.89500
0.88700
0.86800
0.91400
0.74900
0.96900
0.96300
1.06900
0.85300
1.11600
0.84200
0.92900
1.01500
1.20800
0.81800
0.67500
0.80900
0.93400
0.90400
0.84500
0.99000
0.94900
1.08000
0.80700
1.28400
1.01900
0.92300
1.15000
1.00000
1.03700
1.20100
1.07900
1.27000
1.63500
1.28400
1.44100
1.19300
