1.02000  
0.68100  
0.76600  
1.06400  
0.63800
1.06400
1.06400
0.93600
0.76600
0.00000
0.55300
1.02100
0.76600
0.93600
0.25500
1.02100
1.14900
0.21200
0.34000
0.89400
1.19200
1.36200
1.40500
0.42500
1.31900
0.34000
1.14900
0.46800
1.36200
0.59600
0.97900
1.23400
1.19200
1.36200
1.27700
1.06400
0.85100
0.89400
1.06400
0.55300
0.42500
0.29800
1.31900
1.27700
1.10700
0.68100
0.97900
0.46800
0.76600
1.14900
0.63800
1.02100
1.14900
1.10700
1.10700
0.89400
1.10700
1.19200
1.40500
1.36200
0.97900
1.14900
1.02100
1.31900
1.02100
0.42500
0.59600
0.00000
0.29800
0.93600
1.10700
0.80800
0.89400
0.97900
0.93600
0.93600
1.19200
0.80800
0.46800
0.89400
0.89400
1.02100
1.23400
0.63800
0.68100
1.19200
0.85100
0.68100
1.14900
0.85100
1.27700
1.44700
1.66000
1.27700
1.27700
1.10700
1.66000
1.49000
1.14900
1.02100
0.76600
1.14900
1.02100
0.72300
0.38300
1.02100
0.59600
0.38300
1.02100
0.97900
1.02100
0.97900
1.06400
0.72300
1.10700
1.40500
1.19200
1.70300
1.19200
0.59600
0.55300
1.06400
0.97900
0.55300
0.08500
1.02100
1.19200
0.97900
1.14900
1.02100
0.76600
0.89400
0.46800
1.14900
1.23400
1.06400
1.31900
1.44700
0.63800
1.23400
1.27700
1.44700
0.97900
1.14900
0.51000
0.89400
1.02100
1.02100
1.14900
1.27700
1.14900
1.02100
0.89400
0.93600
1.14900
0.72300
1.02100
0.04200
0.97900
1.10700
1.10700
0.17000
1.27700
1.14900
1.31900
1.44700
1.61700
0.21200
1.23400
0.38300
1.40500
0.93600
0.80800
1.19200
1.06400
0.76600
1.27700
1.49000
1.23400
0.38300
0.51000
0.29800
1.36200
0.76600
0.25500
0.93600
0.76600
1.06400
1.02100
1.44700
0.97900
1.23400
1.27700
1.44700
0.68100
0.04200
0.93600
0.85100
0.85100
1.10700
1.14900
0.59600
1.10700
1.10700
1.31900
0.42500
0.85100
1.49000
1.06400
1.14900
0.85100
1.14900
0.59600
0.76600
0.46800
1.14900
1.27700
1.31900
1.31900
0.85100
1.36200
0.97900
0.80800
1.36200
1.36200
0.85100
0.63800
0.68100
1.02100
1.02100
1.14900
1.19200
0.93600
0.59600
1.19200
0.72300
1.14900
1.10700
1.14900
1.27700
1.27700
1.40500
1.57500
0.68100
0.80800
1.23400
1.27700
1.44700
0.21200
0.93600
1.40500
1.10700
1.36200
0.55300
1.06400
0.51000
0.93600
0.97900
0.97900
0.72300
0.85100
1.57500
1.02100
1.40500
1.27700
1.66000
0.89400
0.34000
0.72300
1.02100
0.42500
0.76600
0.89400
0.63800
0.89400
0.89400
1.02100
0.80800
0.80800
1.23400
1.02100
1.23400
1.31900
0.89400
1.06400
1.14900
1.44700
1.53200
1.27700
0.76600
1.31900
1.06400
1.27700
0.29800
1.40500
1.19200
1.36200
1.40500
0.46800
1.27700
1.44700
1.02100
1.14900
0.12700
1.49000
1.57500
1.61700
1.23400
1.31900
1.36200
1.23400
1.36200
1.61700
1.27700
1.27700
1.23400
1.19200
1.19200
1.27700
1.23400
0.93600
0.63800
1.23400
0.85100
0.93600
1.57500
0.76600
0.29800
1.27700
1.31900
1.10700
1.23400
0.63800
0.04200
0.55300
0.85100
1.06400
1.19200
1.31900
0.89400
0.85100
0.93600
0.55300
1.10700
1.14900
1.06400
0.63800
0.51000
0.42500
0.72300
0.34000
0.08500
1.23400
0.72300
0.93600
1.02100
1.31900
0.80800
0.97900
1.06400
0.97900
0.63800
0.55300
1.19200
0.85100
1.44700
1.27700
1.14900
0.51000
1.40500
0.59600
0.97900
0.72300
1.14900
1.36200
0.63800
0.76600
0.72300
0.89400
1.10700
0.59600
1.06400
1.19200
1.27700
1.02100
1.19200
0.59600
0.85100
0.93600
0.76600
1.19200
0.76600
0.93600
1.10700
0.85100
1.44700
0.51000
1.10700
0.93600
0.68100
1.23400
1.10700
1.40500
1.36200
1.49000
1.40500
0.59600
1.10700
0.42500
1.27700
1.40500
1.44700
1.36200
1.49000
1.61700
0.80800
1.44700
0.25500
0.12700
1.40500
1.49000
0.85100
1.14900
1.31900
0.80800
0.89400
1.10700
0.04200
1.14900
1.31900
1.19200
1.31900
1.23400
0.93600
0.59600
1.19200
0.29800
1.02100
1.10700
0.89400
0.85100
1.23400
1.02100
1.02100
1.06400
1.14900
0.63800
1.10700
1.31900
1.57500
1.14900
0.97900
0.72300
1.06400
0.17000
0.55300
0.59600
1.27700
0.04200
1.23400
1.31900
1.19200
1.14900
1.06400
0.12700
1.19200
1.49000
1.36200
1.14900
0.38300
0.89400
1.02100
1.23400
0.04200
0.97900
1.36200
0.34000
0.55300
0.85100
1.31900
0.93600
0.85100
0.72300
1.06400
0.85100
0.04200
0.68100
1.02100
0.34000
0.63800
0.80800
0.93600
0.59600
0.80800
0.85100
0.38300
0.51000
0.72300
0.55300
0.42500
0.68100
0.89400
1.06400
0.85100
0.72300
0.89400
0.93600
0.21200
1.02100
0.59600
1.10700
1.19200
0.93600
1.49000
1.70300
0.85100
1.19200
1.23400
1.14900
0.93600
1.02100
1.19200
1.06400
0.59600
1.02100
1.40500
1.27700
1.36200
0.93600
0.97900
1.78800
1.61700
1.49000
1.61700
1.44700
1.40500
0.85100
1.61700
0.72300
1.19200
1.49000
1.74500
1.70300
1.61700
1.27700
1.61700
1.83000
1.61700
1.61700
1.57500
1.36200
0.63800
1.66000
1.49000
1.14900
1.40500
1.87300
1.78800
1.40500
1.53200
1.36200
0.72300
0.42500
1.02100
0.97900
0.72300
1.23400
1.44700
1.53200
1.10700
1.53200
1.02100
1.31900
1.53200
1.44700
1.14900
1.19200
0.38300
1.23400
0.42500
1.10700
1.10700
0.89400
1.40500
1.19200
1.57500
1.49000
0.80800
1.23400
1.14900
0.34000
1.27700
1.53200
1.31900
1.61700
1.19200
1.02100
1.02100
1.02100
0.89400
0.89400
0.76600
1.19200
1.06400
1.10700
1.23400
1.36200
0.80800
1.23400
1.02100
0.63800
1.02100
1.23400
0.97900
0.85100
0.97900
1.19200
1.36200
1.31900
1.36200
1.57500
1.31900
1.44700
1.83000
1.61700
1.19200
0.51000
0.97900
1.44700
1.02100
1.27700
0.68100
0.93600
0.93600
0.51000
1.27700
1.27700
0.97900
0.68100
0.97900
0.93600
1.02100
0.25500
1.19200
1.02100
0.93600
0.63800
1.10700
0.55300
0.93600
0.08500
1.10700
0.85100
1.10700
1.10700
0.89400
0.55300
0.38300
1.06400
1.06400
0.89400
0.97900
0.97900
1.44700
1.27700
0.97900
1.10700
1.44700
0.59600
1.44700
1.53200
1.19200
1.19200
0.89400
0.76600
0.46800
0.85100
1.36200
1.19200
0.85100
1.14900
1.31900
0.59600
1.02100
1.57500
1.27700
1.44700
1.91500
1.31900
1.78800
1.49000
1.44700
0.17000
1.23400
1.70300
0.97900
0.55300
0.08500
0.59600
1.02100
0.12700
1.10700
1.40500
1.10700
0.72300
0.59600
0.68100
1.02100
0.76600
1.31900
1.44700
1.61700
1.14900
1.02100
1.57500
0.38300
1.66000
1.57500
1.49000
1.57500
1.70300
0.85100
0.68100
0.21200
1.23400
0.93600
1.36200
1.19200
0.63800
0.85100
1.19200
0.93600
0.93600
0.55300
0.93600
1.31900
1.10700
1.14900
0.85100
1.53200
1.27700
0.51000
0.17000
1.10700
0.55300
0.42500
0.72300
0.38300
0.51000
1.06400
1.10700
0.93600
0.89400
1.36200
1.36200
1.23400
1.53200
1.23400
0.72300
1.10700
1.06400
1.19200
1.19200
0.97900
1.14900
1.23400
0.63800
1.40500
1.27700
0.97900
1.44700
0.21200
1.23400
1.02100
1.19200
0.89400
0.59600
0.85100
0.59600
0.51000
0.29800
1.10700
0.93600
1.10700
0.80800
0.63800
0.93600
1.27700
0.97900
1.14900
0.08500
1.19200
0.34000
0.89400
1.40500
1.02100
1.02100
0.97900
1.19200
1.19200
0.34000
1.14900
1.10700
1.19200
1.27700
1.23400
1.06400
1.23400
1.53200
1.49000
1.57500
1.23400
0.89400
1.31900
1.27700
1.70300
1.74500
1.91500
1.31900
1.36200
1.36200
1.53200
1.06400
1.19200
0.55300
1.70300
0.42500
1.06400
1.19200
1.06400
0.85100
0.55300
0.25500
1.14900
1.40500
1.40500
1.27700
0.72300
0.63800
1.40500
1.36200
1.02100
0.89400
1.70300
1.53200
1.19200
1.19200
0.72300
1.44700
1.78800
1.10700
1.36200
0.68100
1.02100
0.72300
0.17000
0.76600
0.93600
0.59600
0.55300
1.06400
1.40500
1.06400
1.14900
1.02100
0.55300
1.23400
1.31900
0.04200
0.72300
0.08500
0.93600
0.72300
0.89400
1.06400
0.29800
0.80800
0.76600
0.97900
1.06400
1.36200
0.76600
1.49000
1.27700
0.68100
0.80800
0.08500
0.97900
0.76600
0.72300
0.17000
0.85100
0.89400
0.97900
0.93600
0.97900
1.02100
0.93600
0.80800
0.80800
1.27700
0.93600
1.02100
0.38300
0.59600
1.02100
1.06400
0.38300
0.25500
0.85100
0.85100
0.76600
0.89400
0.72300
0.80800
0.85100
0.59600
0.68100
1.06400
1.10700
1.23400
1.53200
0.63800
0.85100
1.14900
1.19200
1.44700
1.49000
1.36200
0.46800
1.02100
0.89400
1.06400
0.38300
0.76600
0.17000
1.19200
0.63800
0.55300
0.46800
0.72300
1.23400
0.93600
1.14900
1.14900
0.97900
1.36200
1.27700
1.02100
1.31900
1.31900
1.23400
0.42500
0.38300
0.80800
1.10700
0.76600
0.85100
1.23400
0.51000
1.40500
1.10700
1.27700
0.46800
0.85100
0.89400
1.10700
1.36200
0.85100
1.31900
1.31900
1.36200
0.76600
1.44700
0.97900
1.10700
1.14900
0.17000
1.14900
1.31900
0.72300
0.59600
0.04200
0.51000
0.72300
0.93600
0.89400
0.85100
0.93600
0.55300
0.63800
0.93600
1.06400
0.85100
0.85100
0.59600
1.10700
1.27700
1.02100
1.31900
1.06400
0.93600
1.27700
1.40500
1.57500
1.10700
0.85100
0.55300
0.89400
1.27700
1.06400
0.97900
0.85100
0.21200
0.97900
0.76600
0.80800
1.06400
1.31900
0.93600
0.55300
1.06400
0.55300
0.76600
0.34000
1.02100
0.97900
1.14900
1.10700
0.29800
0.85100
0.97900
0.80800
1.10700
0.68100
0.63800
0.34000
0.76600
1.02100
1.23400
1.14900
1.14900
0.42500
0.89400
0.72300
0.21200
1.02100
0.72300
0.93600
0.89400
0.72300
0.72300
1.06400
1.23400
1.19200
1.06400
0.25500
0.17000
0.72300
0.68100
1.02100
0.72300
1.10700
0.55300
1.31900
0.59600
0.93600
1.02100
1.53200
1.53200
1.23400
1.27700
1.49000
0.85100
1.02100
0.85100
0.85100
0.76600
0.89400
0.76600
0.68100
0.55300
1.14900
0.93600
0.93600
1.23400
1.19200
1.23400
1.10700
1.14900
0.93600
1.27700
1.27700
1.06400
0.76600
1.19200
0.51000
1.02100
1.36200
0.17000
1.14900
1.49000
1.14900
1.19200
0.55300
1.44700
1.23400
1.36200
1.53200
1.44700
0.76600
1.49000
1.19200
1.31900
1.53200
1.53200
1.10700
1.27700
1.31900
1.78800
1.53200
1.83000
1.57500
0.55300
0.85100
1.23400
1.57500
0.89400
1.23400
0.17000
1.27700
1.10700
1.10700
0.80800
0.25500
0.76600
0.59600
1.06400
1.19200
1.14900
0.89400
0.85100
0.89400
0.89400
0.85100
0.72300
1.10700
1.14900
0.59600
0.85100
0.12700
1.02100
0.68100
0.97900
0.59600
