0.93300 
0.43300 
0.66300 
1.08200 
0.87700
0.71900
0.59800
0.87400
0.55100
0.88200
0.94200
0.96000
0.73100
0.73800
0.97700
0.88000
0.41400
0.88900
0.93700
0.59800
0.82700
0.67500
0.62900
0.95000
1.09500
0.74200
0.73300
0.99300
0.57300
0.52100
0.86200
1.04300
0.70000
0.94700
1.31500
1.30400
1.00900
1.40700
1.56800
1.02500
0.98300
0.92000
1.10600
0.73000
0.67400
0.77500
0.78700
0.85100
1.00500
1.25400
1.03700
0.83900
1.41000
1.29300
1.22100
0.89500
1.06000
1.10600
1.24400
1.23100
1.48100
1.33100
1.58700
1.31200
1.20400
1.28500
0.97500
1.04800
1.04900
1.42400
1.05900
0.52000
0.96500
1.30000
1.02100
1.29100
0.95600
0.93900
1.20300
1.29800
0.97000
0.98500
1.17600
1.25400
0.98100
1.31700
1.41000
0.83200
1.48000
1.30900
1.10500
1.22800
1.13200
1.63200
1.30400
1.28100
0.95300
1.20500
1.29100
0.96000
0.76800
0.95400
0.86800
1.01200
0.92400
0.77100
0.57900
0.84600
0.97500
0.64900
1.04200
1.05100
0.89600
0.76900
0.83000
0.70800
0.83100
0.93300
0.81800
0.65000
0.84700
0.70400
0.89700
0.59600
0.42700
0.89900
0.63300
0.52300
0.72800
1.06500
1.28800
0.87500
1.08900
0.88900
0.89100
0.75200
1.12800
1.03700
1.81900
1.68200
1.44900
1.36200
1.22600
0.91900
0.82000
0.92700
1.04600
1.23800
0.99300
0.90500
0.68700
1.15100
1.13600
0.79900
1.52100
1.16800
0.94800
1.02200
0.64500
0.97600
1.01700
1.37500
1.41200
1.45100
1.36300
1.38300
1.28100
0.91600
1.38600
1.01000
1.32800
1.06700
0.96900
1.26700
1.47100
1.22600
1.65000
1.52200
1.08300
0.82800
1.47900
1.13900
1.20200
1.37500
0.97700
1.38000
1.15800
0.99600
0.68200
1.29400
0.86000
1.02400
1.25100
1.41800
1.02400
1.17500
1.59600
1.34600
1.01200
0.98500
0.64000
1.03500
0.89800
0.86800
1.16100
1.18500
0.78600
1.13400
1.10200
0.76000
1.09900
1.49800
0.89200
1.12800
1.28800
0.89500
1.08000
0.89600
0.79600
0.61700
0.86200
1.07700
0.85600
0.63300
0.79700
0.91500
0.95500
0.61300
0.93700
1.37100
1.20600
0.84100
1.34000
1.35800
1.45100
1.42000
1.35100
0.94700
0.88200
0.98400
1.21700
1.28400
0.86100
0.94900
0.80100
1.20700
0.75500
1.10300
1.05200
0.91600
1.03200
1.10800
1.02700
1.06100
1.05800
1.20800
1.12300
0.93200
0.68900
1.30800
0.62600
0.81800
0.64300
0.73500
1.07500
0.59100
0.67100
0.69200
0.69200
0.68800
0.74400
0.76400
0.86000
0.91400
0.94700
1.01400
0.96800
1.06100
0.77100
0.91400
0.62100
0.69600
0.63900
1.07100
0.98900
0.77200
1.15200
0.85500
0.68500
0.71400
1.01500
0.73700
0.82400
0.95700
1.06000
0.80500
0.98300
1.03000
1.06600
1.16000
1.09400
1.05400
0.71300
1.50000
1.43800
1.20000
1.08500
1.21600
0.64900
0.85500
1.16500
0.57100
0.78000
0.70700
1.06000
0.90400
0.69000
1.13600
1.08700
0.99800
0.92400
1.01800
1.28400
0.96800
1.09800
1.37100
1.12700
0.81100
1.02400
1.40700
1.31600
0.96800
1.24700
0.91300
0.81800
0.83400
1.04400
0.76400
0.34600
0.86000
0.96600
1.02800
1.19600
1.05700
0.79800
0.95400
0.99400
1.16200
0.64700
0.92600
0.82100
1.06300
0.87700
1.30200
1.03400
1.02900
1.15600
1.14600
1.28000
0.86900
1.13200
1.07700
1.03300
0.80600
0.98300
1.03300
1.37300
1.44200
1.39300
1.04200
0.95200
1.12200
0.79300
0.70200
0.93100
0.81600
1.04900
0.86500
0.51800
1.09500
0.74300
0.72500
0.86100
0.95500
1.16500
0.99000
0.64900
0.82400
1.22900
0.77600
1.04800
1.09200
0.92800
1.30400
0.85400
1.40700
1.28500
1.27400
0.82700
0.72900
0.92200
1.24800
0.84400
0.95200
0.75100
0.78200
0.85400
0.71900
1.01300
0.96000
0.69200
0.52600
0.80200
1.00400
0.96900
0.82200
0.98100
0.97900
1.04400
0.86300
0.88100
0.80500
1.00700
0.67400
0.98600
0.93100
0.93800
1.07300
1.02600
0.68800
0.68600
0.90200
0.80800
0.99000
0.97000
1.11700
1.26200
1.01700
1.00600
1.15600
1.35000
0.76800
1.26200
1.10300
1.24700
1.14100
0.84000
0.77000
0.73700
0.78200
1.12700
1.03800
0.80200
0.90700
1.00000
0.83100
1.10600
1.26800
1.16100
1.19500
1.27800
1.18600
1.41800
0.97500
1.13000
0.86800
1.20700
1.12600
0.96500
0.80600
0.79200
0.78600
0.88100
0.63600
1.00800
1.08700
1.05800
1.05000
0.75200
0.64900
0.93200
0.72800
1.06400
1.13400
0.74600
0.72800
1.03700
1.16200
1.01900
1.11700
1.22100
1.11500
1.03200
1.30100
1.10500
1.07700
0.89500
1.25500
0.88600
1.04400
1.11700
1.03000
0.87900
0.92700
0.91500
0.79000
0.82700
1.30600
1.32700
1.15700
1.02900
0.93400
1.42200
0.99700
0.77700
0.84000
0.94000
0.88200
0.82500
1.07700
0.85800
0.77000
1.12900
0.96700
0.98100
1.13300
1.36800
1.02000
1.07100
1.37100
1.25000
0.88900
1.36200
1.09100
0.78100
0.94900
0.99900
1.02400
1.25700
0.73400
0.97300
0.98900
0.89500
0.97600
0.76800
0.78400
0.97400
0.91900
0.91300
0.69600
1.08200
0.91100
0.78100
0.29400
1.31900
0.91700
1.27200
0.71400
0.78000
0.85500
0.90100
1.04800
1.36600
0.75400
0.95900
0.65600
0.71400
0.95900
0.76500
1.06100
0.90900
0.71600
1.00000
0.59700
1.14400
1.13100
1.07000
1.44300
1.30200
1.15300
0.97100
1.28900
1.20400
1.25200
1.22000
0.86700
0.93900
1.14000
1.14100
1.33200
1.16900
1.01700
1.22000
0.96900
0.85400
0.75600
0.87500
0.63200
1.05200
0.82500
0.95800
1.01300
0.88300
0.83300
0.64400
0.76500
0.98200
1.03900
0.99700
1.21000
0.86800
0.88700
1.06900
1.25100
0.98200
1.03900
1.29600
1.17300
1.04100
1.05600
1.10100
1.28200
1.40800
1.26400
1.43800
1.12300
0.97100
0.83300
0.62000
0.79100
0.70500
0.76300
0.82600
0.99300
1.05400
1.11400
0.82100
1.24700
1.13400
1.00500
0.95500
0.85100
0.75800
0.90300
0.92300
1.02200
0.91300
1.23300
0.99900
0.85300
1.03800
0.96500
1.01900
0.97000
0.77700
1.06700
1.25300
0.88800
0.82100
0.87100
0.92000
0.59700
0.79600
0.54000
0.81400
0.96700
1.03900
0.80500
0.74300
1.20100
1.43800
1.37900
1.12800
1.48700
1.19700
1.36400
1.00400
0.98600
1.16800
0.98800
0.62200
0.68000
0.99500
0.77900
0.93900
0.94900
0.92300
0.95100
0.71900
0.84700
1.07200
0.89100
0.79000
1.06800
0.97900
0.90000
0.91000
1.03900
1.25000
1.46700
1.40600
1.32600
0.65600
0.71000
0.90400
1.05900
0.88200
1.10600
0.50300
0.95700
0.81300
0.93000
0.91100
0.84200
1.19500
0.92000
1.26500
1.12300
1.62100
1.29900
1.43100
1.05300
1.15300
1.00600
1.07800
1.05100
0.59200
1.13000
0.91100
0.89100
0.88700
1.04600
0.75500
1.19400
0.79000
0.86800
1.08400
1.06200
0.45400
0.78200
0.86600
0.99400
0.93900
0.80700
1.00100
0.92900
0.98600
1.03600
1.03700
0.97500
0.68100
0.75300
0.99000
1.04900
0.94100
0.58800
0.68100
0.55600
1.00600
0.80600
0.99200
0.72100
0.70500
1.24000
0.89600
0.97900
0.58200
0.86300
0.39000
0.68400
0.97600
0.76200
1.03700
0.64600
0.82700
0.82500
0.73800
0.98900
0.77300
0.79700
1.03000
0.78500
0.92600
0.86100
1.30100
0.77700
0.71300
0.90300
0.88600
0.95400
1.16600
0.89700
0.97400
1.04700
0.87400
1.06500
1.05800
0.74900
1.29600
0.96800
0.87600
0.91900
0.91900
0.81200
0.83200
1.01700
0.96900
0.64000
0.62600
0.79000
0.77500
0.94500
0.98600
1.04300
0.68700
0.79500
0.86200
0.65400
0.85200
0.89900
0.66800
1.11800
0.92300
0.96800
0.91300
1.16200
1.14100
0.86500
0.88400
0.53800
0.72100
0.91300
0.94300
0.76100
0.87200
1.06100
0.68000
0.50100
0.75700
0.81700
1.13800
1.52800
1.14600
1.00500
1.00000
1.10500
0.84600
1.04300
0.90400
0.93800
0.79900
0.82300
0.98000
0.90700
0.93100
1.19000
0.88800
1.15300
1.26500
1.19200
1.19100
1.48500
1.14200
1.07300
1.43200
1.18500
1.49500
1.28800
1.54600
1.44200
1.47200
1.36700
1.12500
1.14800
1.59000
1.17000
1.12500
1.13500
1.13900
1.23400
1.22700
0.95700
1.45400
1.06300
1.42300
1.22200
1.32500
1.72700
1.22900
1.02900
1.03900
0.92900
1.24400
0.97200
1.08800
1.08600
0.64800
0.89300
0.78500
1.16100
1.14500
1.23100
1.03700
0.82000
1.08300
1.21300
0.94400
0.49300
1.01100
1.15200
1.21600
1.11800
1.07300
1.28100
1.02800
0.96500
0.81800
0.82300
0.96300
0.90100
0.90500
1.11400
0.76500
0.78500
0.91300
0.91300
0.81700
0.72400
0.58800
0.68400
0.86900
1.03600
0.66200
0.87700
0.79800
1.14800
1.35400
1.29400
1.31200
1.22000
1.38800
1.13600
1.92200
1.24400
0.79700
0.72000
1.15700
1.00400
1.03400
1.06400
1.32000
1.45900
1.38300
1.54200
1.26300
1.44000
1.71000
1.69600
1.52800
1.79800
1.50900
