331   
331   
305   
349
384
331
288
279
288
270
270
288
305
296
279
323
349
340
314
375
375
375
331
366
375
357
323
349
375
366
331
392
384
375
349
384
410
357
366
401
460
412
393
454
435
447
419
447
482
495
444
508
555
577
581
685
762
692
565
558
504
388
390
485
516
502
513
556
540
551
495
509
522
499
449
511
493
518
502
549
546
566
545
601
591
596
554
591
571
521
487
477
441
433
459
514
546
602
636
684
639
646
613
674
679
629
549
563
587
600
558
618
656
760
705
815
914
872
808
785
673
605
577
605
631
639
558


