16586   
18284   
17066
17753
17513
18868
17053
17526
17409
18945
17753
18673
18628
20294
18783
19542
19859
21732
19846
20747
20806
22757
20728
21707
21609
23346
21266
22387
22412
24472
22525
23555
23610
25736
23975
24764
24805
27098
25068
26262
26459
28870
26419
27610
27792
30218
27383
28523
29155
31164
28556
29710
30104
32851
30444
31799
32117
34772
31945
33184
33440
35533
32999
34707
34972
36828
33918
35478
35811
38405
34448
36063
36206
38542
35109
37430
37764
39850
36725
38147
38656
40817
37909
39207
40043
42730
39112
41103
42011
44478
40596
42613
42562
45409
41482
42360
43455
46343
42576
43852
44456
47853
44316
45876
46933
50369
44992
47111
47690
50203
45723
47150
48967
52124
48032
49119
50462
54025
50327
51845
53620
56506
52117
53438
54622
56926
51786
53549
54675
58053
54585
56322
57604
60816
55390
57258
58234
62366
57106
59082
61643
65289
59710
62129
