1100      
1226      
1194
1422
1446
1485
1159
1304
1340
1352
1234
1434
1371
1525
1450
1536
1564
1690
1403
1914
1839
2043
1599
2165
1976
2173
1827
1984
2047
2255
1855
2094
1972
2204
1855
2283
2236
2511
2012
2503
2282
2470
2184
2475
2368
2721
2420
2793
2654
2805
2145
2692
2456
2707
2327
2836
2487
3010
2427
2864
2574
2635
2152
2778
2645
2665
2440
3137
2550
3175
2612
2942
2614
2850
2452
3272
3133
3480
2979
3482
2994
3200
2754
3457
3337
3500
3127
4206
3811
4432
3464
4414
3551
3889
2898
3671
3420
3620
3213
4149
3947
4222
3729
4856
4342
4427
3536
4333
4064
4728
3722
4727
4194
4940
4271
5486
4505
6033
5386
6465
5525
5836
4729
5817
5186
5460
4257
