618     
673     
635
706
739
750
673
750
679
690
657
739
865
832
711
783
870
936
788
892
865
947
799
1001
1084
1149
919
1105
1023
1034
908
1067
1155
1281
974
1133
1177
1461
1073
1406
1271
1482
1063
1504
1417
1658
1425
1699
1647
1600
1249
1290
1362
1499
1153
1411
1373
1627
1282
1364
1293
1358
1091
1178
1136
1218
939
1055
1166
1089
1024
1059
1195
1181
1164
1277
1327
1411
1266
1341
1389
1363
1221
1349
1657
1649
1566
1688
1728
1878
1725
1783
1802
1726
1429
1295
1454
1439
1282
1369
1477
1561
1504
1632
1926
1955
1782
1906
2003
1971
1819
2160
2424
2350
2347
2815
2730
2653
2527
2930
3093
2972
2573
2578
2601
2586
2039


