3012        
3188        
3097
3507
3666
3644
3111
3315
3241
3231
3095
3462
3571
3697
3480
3706
3914
4111
3694
4423
4393
4684
4067
4933
4797
4993
4349
4800
4821
5036
4418
4982
4993
5362
4660
5364
5455
5999
5116
6081
5881
6222
5475
6308
6154
6668
6056
6845
6810
6919
5744
6666
6573
6964
6216
7219
7040
7690
6362
6848
6350
6203
5342
6174
6204
6468
6115
7170
6780
7331
6455
6911
6670
6768
6203
7328
7143
7708
7005
7812
7379
7701
6951
8066
8524
8704
7895
9309
9037
9876
8327
9251
8281
8332
6679
7500
7623
8024
7397
8709
8674
9249
8319
9671
9744
9708
8288
9209
9072
9720
8251
9771
9684
10653
9800
11745
11177
12776
11626
13270
12486
12469
10550
11665
11117
11437
9246




