 963    
 958
 963    
1030    
1097
1078    
 991    
 982
 934
 919
 934
1001
1030
1044
1040
1064
1131
1145
1189
1242
1314
1319
1338
1401
1362
1314
1280
1362
1376
1381
1324
1429
1482
1502
1482
1564
1632
1670
1665
1771
1868
1858
1835
1875
1934
1842
1792
1906
2027
2019
1906
2176
2200
2181
2155
2287
2418
2361
2088
2062
1979
1822
1709
1733
1911
2087
2227
2427
2526
2518
2326
2403
2342
2241
2141
2271
2193
2302
2261
2443
2451
2574
2433
2661
2938
2960
2649
2823
2927
3045
2651
2577
2487
2284
1893
2020
2201
2362
2265
2506
2611
2820
2473
2509
2797
2697
2421
2407
2418
2421
2152
2265
2408
2602
2475
2628
3028
3222
2914
3133
3205
3077
2697
2696
2759
2814
2397
2498
2479
2704
2414
2542
2782
