1896   
2123   
1951   
3030
1869
2212
2054
2899
2453
2542
2302
3112
2308
2460
2226
3428
2357
2810
2439
3696
2762
3119
2879
3916
3009
3456
3078
4040
3175
3470
3001
4191
3296
3576
3129
4372
3353
3765
3232
4429
3342
4113
3289
4766
3608
4162
3509
4450
3967
4432
3690
4734
3900
4361
3580
4557
3726
4290
3821
4887
4066
5198
4261
5891
4630
5327
3866
5428
4058
4774
3881
5456
4199
4803
3976
5289
4090
4719
3851
5388
4069
4748
3908
5160
4045
4763
3952
5040
4613
4880
4216
5517
4573
4884
4073
5880
4235
5352
4154
6223
4325
5052
4401
6364
5099
5753
4786
6360
4928
5711
4761
6524
4652
5531
4122
4812
3855
5006
4056
5980
4834
5422
4933
6469
4806
5154
4340
6029
4585
5275
4209
6079
4587
4281
4118
5774
3783
4420
3354
5951
4262
4761
4352
6456
