 40801  
 49081  
 52431  
 59650  
 75428
 78705
 68870
 70641
 80074
 76464
 69976
 92917
 92559
 73981
 71107
 96942
 86270
 69610
 57768
 80077
 71454
 70382
 69881
 84530
 79322
 80181
 82137
 88439
 91575
 82909
 73282
 94089
108112
 95653
 85273
105093
102275
 99308
 79687
 93263
114918
103374
 65124
104045
101183
 95492
 85035
 90692
107486
 98179
 82551
106804
110898
 89950
 65184
 95357
 98280
 92146
 77874
100039
104777
102341
 71316
 88838
 85457
 70784
 70522
 88629
 88452
 98886
 79601
108135
113835
101617
 68698
 79182
 86003
 84165
 68550
 90385
100368
 99081
 81288
103491
111695
 82504
 62237
 78249
 92341
 84412
 75102
 90461
106451
 98379
 72615
 98367
116949
 95832
 68060
 83923
 87653
 78054
 57566
 78784
 88916
 84662
 63442
 77773
 88102
 87972
 61790
 95276
104418
 95420
 82141
104064
 96287
 78426
 59111
 76837
 76615
 65860
 57703
 68656
 77955
 65856
 60947
 69885
 80550
 73694
 67538
 76326
 84727
