13505
14419
12877
16058
19290
13733
13352
17925
21154
18059
23488
18103
22260
27330
25838
28509
28822
21374
21159
25025
22686
22487
26735
21419
26574
26728
26772
26816
28513
21135
14144
27832
28000
31817
30827
30273
32720
28301
31538
21361
29189
23431
12536
24562
34009
30543
33533
32866
28827
29022
28421
23009
26692
19909
 8785
21342
27641
24821
28107
27149
24151
25282
22021
22353
26386
21643
13877
27252
28752
26315
31460
26755
26474
28043
24805
30010
30928
19243
13441
33235
35461
30314
32206
25919
31192
30453
29930
32430
29304
21175
14998
27222
31062
29498
33186
31405
36537
34714
36861
38137
28926
28590
16199
35081
33993
36715
34743
33635
36441
31749
34085
34176
35892
29240
13926
31083
34678
31040
32569
29654
35592
39652
39674
37991
38817
26566
11239
20202
33683
30653
37288
36104
33151
36336
31696
35065
33313
27114
16503
31871
36661
29520
34157
27015
31567
40177
35742
37479
31978
28722
12965
33563
36023
33655
37889
35260
38718
35226
36954
36332
30602
23016
10704
27891
26589
29007
34787
31563
33175
31008
34097
35598
28769
27779
10284
31740
35850
29464
35950
34625
32752
32645
39380
35709
38089
28543
 8100
29545
33671
26963
33047
28828
27306
29387
28764
13744
33166
23874
10892
28540
31090
27450
32522
28657
31845
25093
31514
34693
36431
27762
10545
32313
36743
26972
43134
38029
37981
40268
35586
38296
37737
25584
 9305
30470
28923
22534
30937
25711
31002
25877
29124
30547
28683
24935
10951
28835
28764
25863
32391
32131
34359
33641
32368
28172
36915
33994
10980
30891
39417
29767
35858
37866
38794
38836
34065
30978
28700
22826
 3824
29054
29359
23272
27599
27378
29487
31917
30937
28290
32333
23789
11410
28432
35260
24786
36765
28910
34863
37495
34093
35150
35702
27527
10619
29035
32961
27045
36310
35012
41778
39642
35529
39332
32667
23833
11861
27545
28654
23425
31149
29349
32447
27964
27242
27754
27760
22540
 6509
25787
25270
24136
29324
25324
31107
28441
29368
29753
29766
25143
 6924
25208
31310 
21004
28488 
28281
25982 
31366 
30754 
30073
34085 
23814
 7948
27228
26614
27316
33016
34944
32648
36304
35466
35087
36145
24188
12666
32639
36836
30062
40064
33938
37135
35167
23985
30063
28225
20138
11963
25019
22129
21881
30241
24715
26661
27651
22303
25989
23870
16001
11055
21181
25467
18725
24435
25496
27129
24473
26353
26089
20099
19668
10191
23159
27597
21016
25000
23869
25995
27637
26918
24592
27982
21120
11978
26012
29548
21375
28792
26159
25221
29115
30391
29057
30873
20991
10387
24203
26690
16308
29585
28157
27217
31101
