 465   
 532
 561   
 570
 529   
 604
 603
 582
 554
 620
 646
 637
 573
 673
 690
 681
 621
 698
 753
 728
 688
 737
 782
 692
 637
 757
 783
 757
 674
 734
 835
 838
 797
 904
 949
 975
 902
 974
 969
 967
 849
 961
 966
 922
 836
 998
1025
 971
 892
 973
1047
1017
 948
1032
1190
1136
1049
1134
1229
1188
1058
1209
1199
1253
1070
1282
1303
1281
1148
1305
1342
1452
1184
1352
1316
1353
1121
1297
1318
1281
1109
1299
1341
1290
1101
1284
1321
1317
1122
1261
1312
1298
1202
1302
1377
1359
1232
1386
1440
1439
1282
1573
1533
1651
1347
1575
1475
1357
1086
1158
1279
1313
1166
1373
1456
1496
1251
1456
1631
1554
1347
1516
1546
1564
1333
1458
1499
1613
1416
1625
1770
1791
1622
1719
1972
1893
1575
1644
1658
1668
1343
1441
1444
1497
1267
1501
1538
1569
1450
1569
1648
1777
1468
1732
1962
