137 
154 
174 
171
183
178
182
200
179
206
194
170
153
174
202
200
206
198
210
204
189
205
204
173
170
181
203
199
212
209
212
218
216
228
213
196
162
193
218
221
236
216
227
233
230
231
229
221
174
215
232
225
235
238
247
249
257
256
251
221
196
232
260
235
255
247
286
253
243
249
233
210
179
210
248
241
258
258
273
258
252
266
272
219
161
236
277
249
266
219
268
297
270
301
281
256
215
272
310
303
304
297
298
326
325
345
330
300
244
293
365
321
338
315
328
327
314
338
318
311
258
281
310
315
337
309
320
325
321
323
320
279
227
296
313
316
360
322
341
346
338
360
329
282
241
317
334
301
353
319
346
350
351
372
355
290
257
325
366
321
371
340
391
407
392
403
399
334
304
361
384
377
372
385
425
407
397
422
424
342
309
341
408
376
424
409
423
374
402
443
437
373
292
349
429
418
435
429
433
442
428
443
461
377
313
375
460
400
469
436
478
419
445
516
494
442
300
416
468
434
468
450
399
450
467
485
446
422
305
401
415
413
460
424
439
429
450
443
449
389
255
416
438
431
454
414
470
439
432
443
436
411
282
409
410
434
421
429
461
430
430
432
472
413
278
421
423
421
432
408
397
438
477
436
455
407
295
429
478
389
456
457
468
453
456
461
476
422
309
474
449
448
481
457
495
502
443
479
512
448
312
447
523
538
576
459
485
570
478
623
529
499
351
467
529
523
555
497
539
473
463
479
458
420
268
389
429
348
389
421
410
419
450
433
446
434
244
451
471
408
503
462
482
503
471
488
553
455
330
444
477
447
529
480
514
594
523
570
527
457
336
503
508
516
513
487
537
488
521
546
529
489
347
482
504
490
499
469
505
485
509
556
525
532
362
509
545
500
538
587
556
604
610
584
613
594
415
586
621
529
595
595
641
678
653
659
686
548
431
520
624
449
608
587
549
565
544
584
576
508
350
470
523
471
534
436
495
486
463
535
532
430
370
450
487
484
504
513
526
539
473
519
552
498
404
510
536
508
605
546
558
572
518
594
644
539
407
497
564
515
625
592
659
661
642
614
615
604
455
552
619
538
583
582
568
586
