1.34300  
1.04400  
1.17400  
1.06800  
0.91300
0.68800
0.64800
0.83800
1.02200
0.96400
1.00400
0.99500
1.12400
1.22800
1.64100
1.55400
1.11000
1.02700
0.85300
1.17300
0.20500
0.20500
1.41600
1.56700
1.57700
1.59100
1.26700
1.26700
1.28900
1.17100
1.22500
1.06800
1.11700
1.28000
1.27800
1.13800
0.94300
0.96700
0.96800
0.84200
0.97000
1.10800
1.04500
1.13300
0.79600
0.68600
0.64400
0.71900
0.85000
0.90200
0.80500
0.88700
0.98000
1.06900
0.94100
1.22200
0.94700
0.99000
0.96200
1.03300
1.10500
0.83400
0.90500
0.79200
0.70900
0.90500
1.06800
0.93500
1.22500
1.01700
0.95600
1.09000
0.94400
1.14500
1.25600
1.11100
0.80500
0.82800
1.14000
0.95400
1.05400
1.00700
0.86900
0.85900
0.89000
0.85600
1.07100
1.15700
0.85200
0.86800
1.04600
1.14000
1.10000
0.99200
0.96700
0.94500
0.94500
0.93400
0.95600
0.96400
0.88800
0.74400
0.69100
0.89100
0.88900
0.95900
0.72800
0.71600
0.69700
0.72600
0.81300
0.88600
0.99800
0.98900
0.96800
0.94400
0.96300
0.95400
1.05400
1.08400
0.95900
0.90800
1.01000
0.88900
0.89100
0.93600
0.82600
0.80600
0.83500
0.75900
0.86700
0.87200
0.94100
1.03100
0.87300
0.98800
1.04900
0.93400
0.94800
0.86900
0.83200
0.77100
0.71200
0.86800
0.77400
0.81300
0.85900
0.91800
0.91200
0.89200
0.80800
0.88900
0.88300
1.07100
1.07900
1.03000
1.02000
0.97300
0.92200
0.86600
0.83500
1.04900
0.86400
1.11200
1.40100
1.19900
1.10700
1.05900
1.07600
0.83600
0.80400
1.00700
1.04900
0.95300
0.90500
0.85600
0.95000
0.89000
0.89100
1.05400
1.09900
1.21400
1.03500
0.99900
0.91900
0.82100
0.95600
1.01100
0.97100
1.12400
0.87000
1.08600
0.96300
0.90000
1.06300
0.84100
0.98700
0.88600
0.99400
0.93600
1.03600
0.93700
0.90000
0.94200
0.92100
0.93200
1.00000
0.95100
0.85300
0.92800
0.84100
0.91600
0.78600
1.02600
1.22300
1.10900
1.16400
1.14500
1.31600
1.14500
1.18400
0.89700
1.06300
1.13500
0.85700
0.84300
0.92500
1.03600
1.10400
0.97600
1.11500
1.11600
1.21900
1.18200
1.24100
1.12200
1.08800
1.02000
0.86500
0.88800
0.84800
0.71600
0.75300
0.84800
0.89700
0.98400
0.96000
0.91900
0.87900
0.79200
0.97400
0.82400
0.82200
0.89900
1.09200
0.94500
0.87000
0.84900
0.77200
1.10600
0.98000
0.95500
1.12100
0.95800
0.87000
0.90300
0.73900
1.04800
0.75400
0.61800
0.70200
0.73700
0.80200
0.99100
0.98500
1.16000
1.11600
1.00600
0.97300
1.23800
1.36700
1.17800
1.49500
1.32500
1.22700
1.13800
1.01100
0.97400
1.16700
1.19000
1.14600
0.89300
1.02900
0.95900
0.98400
0.92500
0.84600
0.80200
0.83600
1.00800
1.03600
1.14400
0.94800
1.04500
1.04700
1.13200
1.11800
1.01300
1.14000
1.12200
0.90900
0.90000
0.84200
0.79800
1.00200
1.01500
1.22200
1.09900
1.17400
1.12100
1.04100
1.13200
1.03700
1.05900
0.90000
0.99300
0.93200
0.92900
0.87400
0.99600
0.94000
1.03800
1.00200
0.95400
0.93800
1.09300
0.87200
0.95700
1.09700
1.24200
1.28200
1.13100
1.16100
1.20700
1.11400
1.25300
1.14200
0.90600
0.81000
1.01200
1.08400
0.80600
1.00700
1.16500
1.36900
0.96600
1.02500
1.11800
1.06700
1.10600
0.95700
1.20600
1.07400
0.95300
0.92200
0.79100
0.80200
0.98200
1.10900
1.03100
1.04800
1.08600
1.16400
1.20700
1.12500
1.21600
1.08600
1.06700
0.95500
0.94900
0.91800
0.95000
0.82600
0.88700
0.88400
0.78400
0.89800
0.85400
0.82600
1.10900
1.01800
1.10800
1.12500
1.07100
1.14400
1.01600
1.21400
1.24000
1.22300
1.22000
0.84600
0.92100
0.95600
0.90900
1.08700
1.13800
1.12100
1.01700
1.24400
0.95200
1.22000
1.25200
1.37100
1.19600
1.10400
1.13000
1.17000
1.03100
1.08000
0.89600
0.95900
1.15200
1.08100
0.91000
0.80000
0.86000
0.90600
1.08700
1.00100
1.07800
1.04200
0.99000
1.15200
1.07300
1.09600
1.11700
1.04400
1.00600
0.89300
0.91900
0.84100
0.91400
0.95900
1.07500
1.00100
1.00000
1.12600
1.07300
0.95800
0.91900
0.95400
0.98000
1.08600
0.93100
0.89600
0.81700
1.06000
1.09700
1.26800
1.22400
1.21100
0.98400
0.93900
1.04300
0.97400
0.94500
0.90900
0.96100
0.79800
1.03800
0.92100
1.07500
1.06200
1.08700
0.95900
1.25800
1.03000
0.86100
0.98300
1.10900
0.97600
1.15800
1.14300
1.26800
1.14200
0.96000
1.09800
1.06900
1.02000
0.93900
0.91300
0.88400
0.75400
0.93500
0.97100
0.93800
1.08000
0.97900
1.06400
1.09200
0.95600
0.90600
0.91600
0.80000
0.85000
0.95100
0.85200
0.99600
0.82600
0.86500
0.90300
0.90900
0.85600
0.87600
0.95500
0.99600
0.88900
1.01400
1.00300
1.04200
0.91900
0.98200
1.01500
0.89600
0.73500
0.81300
0.81800
0.85700
0.82400
0.90700
0.94900
0.99100
0.99500
0.94000
0.91900
0.86200
0.97500
0.89900
0.95900
1.09100
1.12200
0.96500
1.17200
1.07700
1.11900
1.16500
1.06700
0.89100
0.96100
0.89000
0.91700
0.92800
1.08200
1.29000
1.23400
1.30200
1.13700
1.11800
1.22900
1.06700
1.02100
0.86900
0.97000
1.00200
1.11300
1.07500
1.09400
1.14000
0.93000
0.87400
0.87300
0.83100
0.97900
0.95900
1.09800
0.96700
0.74600
0.88000
0.88200
0.81800
0.92800
0.93300
1.03700
1.20300
1.07700
1.08900
1.19800
1.21900
1.18200
1.25800
1.17900
1.10300
1.12900
1.33800
1.21100
1.05000
0.90400
0.84900
1.01300
0.83900
0.84900
0.82200
0.95600
0.96100
0.97600
0.90600
0.96700
1.15900
1.05400
0.90600
1.01100
0.98200
1.10900
1.08800
1.05000
1.15900
0.97000
0.86700
0.70200
0.61300
0.66000
0.75200
0.79800
0.80400
0.81500
0.76400
0.96200
0.97600
1.04900
0.91600
0.97300
0.93800
0.82500
0.81800
0.84800
0.78900
0.75000
0.71900
0.84400
0.80100
0.82500
0.73000
0.87200
0.83500
0.98800
0.93700
0.71300
0.81600
0.83300
0.88600
1.04100
0.97000
0.94700
0.91000
0.64600
0.64300
0.95900
0.91300
0.99100
1.06800
1.07500
1.41500
1.32200
1.40900
1.20000
1.24200
0.96000
0.79800
1.05800
0.97800
0.82400
0.86400
0.89300
0.98300
1.18300
1.11400
0.95600
1.01200
0.90600
1.26000
1.15200
0.97300
0.88500
0.91300
1.00800
1.02600
1.12300
1.01900
0.84300
1.07500
1.03700
1.23300
1.36800
1.59400
1.41900
1.20200
1.34100
1.43600
1.39000
1.28700
1.14800
0.93500
0.92300
0.99400
1.12200
1.05700
1.16400
1.30500
1.18500
1.43300
1.42500
1.28900
1.21200
1.13400
1.24000
1.11400
1.09900
1.06500
0.82000
0.93700
0.79700
0.83400
1.05600
0.97700
0.89200
0.97000
0.95100
0.86700
0.76300
0.95100
0.73600
0.81000
0.82800
0.86900
