0.72900   
0.85600   
0.81700   
0.73500   
0.52900
0.63300
0.70400
0.72300
0.61400
0.63200
0.67900
0.55400
0.66900
0.86500
0.85600
0.77700
0.75700
1.04800
1.04100
1.30000
0.93900
1.23700
1.22000
1.20300
1.00200
1.08500
1.23900
1.32700
1.36800
1.44700
1.13200
1.07200
1.16200
1.29200
1.46400
1.60100
1.76800
1.52100
1.29400
1.26800
1.48000
1.58300
1.60300
1.69500
2.27500
2.00500
1.62200
1.59600
1.41400
1.40000
1.32100
1.38500
1.40100
1.54800
1.33400
1.75200
1.73800
1.44900
1.51800
0.60600
1.81800
2.07200
1.51500
1.56800
1.27000
1.09700
1.48700
1.19700
1.63600
1.84900
1.86900
1.58900
1.54500
1.72500
2.42400
2.05300
2.26400
2.47900
2.84800
2.72500
2.62100
2.40400
2.06900
2.38400
2.68100
2.38500
1.82500
0.15100
0.10400
0.15300
0.39600
0.42400
1.11600
1.05100
1.73600
2.38100
2.22400
2.14000
2.00300
1.96700
1.22000
1.15100
1.24100
0.71100
0.58100
0.66800
0.53500
0.48300
0.54300
0.20700
0.12300
0.06700
0.09600
0.09700
0.12700
0.18700
0.15800
0.18900
0.37100
0.31300
0.80300
0.86900
1.02800
1.03400
1.44500
1.57800
1.33400
0.96000
0.61400
0.71300
0.68400
0.71900
0.62500
0.82300
0.69500
0.66500
0.47000
0.47200
0.34100
0.50900
0.21000
0.24500
0.17800
0.11100
0.07800
0.18000
0.11200
0.07800
0.21700
0.35600
0.49600
1.02000
1.58300
1.41300
1.55900
0.92800
0.82600
0.68600
0.68900
0.69200
0.69500
0.55300
0.48200
0.73800
0.55800
0.70600
0.81900
1.00600
0.60200
0.45500
1.05200
0.64400
0.83200
0.87200
0.98700
0.49900
0.50000
0.80400
0.38900
0.50300
0.99900
0.42900
0.69800
0.46900
0.82500
0.42500
0.34300
0.49700
0.58700
0.52800
0.50100
0.35800
0.50400
0.63300
0.53500
0.66400
0.46600
0.66800
0.62600
0.72900
0.58600
0.55900
0.52000
0.44600
0.44700
0.84200
0.61000
0.78800
0.77500
0.82200
0.86800
0.98900
1.21500
1.00900
0.92200
0.91000
0.53600
0.58500
0.72000
0.94800
1.56800
1.44200
1.36900
1.08200
1.20700
1.08700
1.13600
1.01500
1.39100
1.42500
1.04600
1.23800
1.04900
1.11300
0.94500
0.92200
0.91300
0.90800
0.74500
0.58300
0.57900
0.61500
0.74500
0.62200
0.78900
0.89300
0.98200
1.04400
1.11200
0.83800
1.05500
1.09900
1.09100
1.06500
1.09800
1.12800
1.36100
1.20900
0.97100
0.99300
0.95500
0.82800
0.68400
0.78300
0.82900
0.81500
0.88100
1.20300
1.11900
0.90000
1.03700
0.91100
0.75600
0.89500
0.86100
0.77200
1.00100
0.85200
0.92600
0.90300
0.92800
0.92400
0.87600
0.87600
0.57100
0.73400
0.94000
1.29800
0.93100
1.16700
1.12900
1.11100
1.09600
1.25100
1.41300
1.34000
1.28800
1.28100
1.43000
1.65000
1.27400
1.46900
1.49800
1.49700
1.23800
1.26000
1.29400
1.21000
1.35000
1.11600
1.00100
1.08100
1.05300
0.98300
1.03600
1.00300
1.03900
0.81500
0.89900
0.88800
0.76900
0.92400
0.79900
0.80900
0.52400
0.86600
0.69000
0.75100
0.74100
0.73500
0.87700
0.90100
0.57700
0.64000
0.71100
0.93600
0.68700
0.97000
0.93300
1.05200
1.01800
1.06300
1.01500
0.91800
0.79100
0.84600
1.03600
0.96100
0.43400
0.72000
0.77100
0.74500
0.83400
0.90500
0.98500
0.93400
0.93400
1.02900
1.12300
1.29500
1.05000
0.97200
1.08300
1.08800
1.26100
1.13500
1.04600
1.29900
1.46000
1.25700
1.28300
1.48700
1.24700
1.25400
1.22300
1.20600
1.02800
1.18400
1.21800
1.23500
1.09500
1.52300
1.21200
1.32700
0.91500
1.01600
0.95000
0.98000
0.90500
0.87500
1.01300
1.01700
1.14400
1.06100
1.07800
1.16500
1.18500
0.79800
0.80100
0.94800
0.95400
0.89700
0.95600
1.00800
1.18200
1.20600
0.96700
0.93200
1.17500
0.92100
0.91800
1.01200
0.92000
0.80800
1.09600
0.83700
0.98600
0.92300
1.07300
1.10600
1.32700
1.04600
1.08900
1.26200
1.06400
0.98100
0.99000
0.98400
1.17100
0.89100
0.81100
0.98400
0.71300
0.56400
0.80100
0.74700
0.79000
0.75200
0.64200
0.85600
0.78500
0.81200
0.91200
1.11000
1.15800
1.12400
1.17300
1.18600
1.36300
1.42900
1.43000
1.25100
1.26300
1.09500
1.00100
0.96300
0.94500
0.99500
0.91000
0.84000
0.86000
0.72700
0.82000
0.85100
0.94600
0.61500
0.61300
0.85900
0.90900
0.70800
0.77000
0.77700
0.69500
0.68800
0.63200
0.67600
0.54400
0.62800
0.88400
0.82000
1.02800
1.06600
1.26200
1.09700
1.04900
1.00800
1.05300
0.99400
0.88200
0.86300
0.79300
0.82000
1.34000
1.32100
1.32300
1.02900
1.18100
1.04900
1.13400
0.86400
0.95200
1.01400
0.94400
1.00300
0.98900
0.93800
0.82700
0.94500
1.17800
1.21700
1.20400
1.10500
1.42300
1.23400
1.31200
1.27600
1.16900
1.03800
0.91100
0.99500
0.88000
1.12800
0.88400
0.91000
1.07300
0.86400
0.98100
0.90300
0.98200
0.96600
0.87800
0.82800
1.04500
0.72200
0.83200
0.97400
0.96100
0.78800
0.91700
1.09700
1.15900
0.91300
0.91200
1.14300
0.99500
1.12500
1.11100
1.27500
1.16000
1.17600
0.90100
0.96600
0.91000
1.02200
0.84600
0.79500
0.93400
0.88900
0.69500
0.84000
0.92600
1.28600
1.25300
1.20800
1.01200
1.10700
0.99200
1.04400
1.09600
0.96100
0.98800
0.82400
0.83600
0.75400
0.76800
0.90800
0.74700
0.84900
1.07900
1.20500
1.26800
1.31300
1.37100
1.31600
1.26200
1.16200
1.06800
1.02900
1.06900
0.98900
1.06400
1.08000
0.78800
0.86600
0.82400
1.03800
1.04100
1.04200
1.06900
0.91700
1.15100
0.68400
