1.02300  
1.25900  
1.49700  
1.32300  
1.34800
1.18500
1.20000
1.26100
0.83300
2.13800
1.71000
1.36500
0.97200
1.47800
1.67300
0.91400
0.86600
0.86000
0.87500
0.78400
0.86500
1.11600
1.12800
0.72900
0.95400
0.90800
0.57400
0.47600
0.46100
0.62600
0.46400
1.20900
1.41100
0.98500
0.67000
1.46200
1.50100
0.43600
0.47500
0.91100
1.07300
1.58000
1.09300
0.66400
0.81400
0.81100
1.23000
1.10400
1.00000
0.81600
0.71900
0.74700
0.77400
0.81400
0.57300
1.32200
1.20700
0.96300
1.37900
1.53400
0.78300
0.86500
1.00700
0.98400
1.23300
1.02800
1.47000
1.06900
0.65200
1.12100
1.78700
1.50000
1.00300
1.18600
1.24300
0.96300
0.85200
0.67500
0.88200
1.32900
1.14000
0.95200
0.82600
0.77800
0.81400
1.02400
0.89600
0.78300
1.29200
1.38000
0.65500
1.09400
1.06700
0.80400
0.70400
0.79700
0.74200
0.78000
1.33500
0.85600
0.97800
0.97200
0.73300
0.82000
0.78900
0.77400
0.89000
1.02700
0.87000
0.83800
1.12400
1.45100
1.19500
1.12400
1.02700
0.80000
0.82900
0.75000
1.26100
0.87900
1.05500
1.09400
0.80700
0.80900
0.83500
0.68400
0.80900
1.05500
1.21500
0.70800
0.75400
0.71100
0.78900
0.79700
1.00600
0.88100
0.97800
1.02100
1.12500
1.24000
0.57100
0.54800
0.76200
1.02000
1.60700
2.06800
1.73600
1.30100
0.93200
0.90800
1.07900
1.00600
1.25600
1.15800
0.94400
1.13700
0.97000
0.72900
0.80000
0.70700
0.68100
0.82400
0.84600
0.91700
0.85100
0.85600
0.82900
0.87200
0.56200
0.66400
0.75600
0.73900
0.88100
0.94000
1.14100
1.17400
1.11900
1.16400
0.85800
0.72900
0.77800
0.74800
0.89000
0.92100
0.78600
1.11800
1.17100
0.95100
0.84100
0.94300
1.18500
1.14600
1.38000
0.99800
0.88200
0.90500
1.11700
0.95800
1.14300
1.30000
1.35900
1.09600
1.26200
1.60600
1.27700
1.35300
1.36800
1.15500
0.92200
0.81500
0.78900
0.79700
1.06400
0.94300
0.92200
0.85300
0.98000
1.03600
0.96400
0.85800
1.15500
1.05100
0.72500
0.45500
0.62800
0.80000
0.96600
0.94800
0.94000
0.90800
0.86200
1.10900
0.77800
0.88700
0.94900
1.01700
1.17600
1.22200
1.04800
1.20000
0.95200
1.14000
1.26500
1.26600
1.17200
1.16800
1.13700
0.97300
1.05900
1.23000
0.44800
0.75100
1.32600
1.20300
1.13000
1.16100
1.48500
1.45300
1.46300
1.52200
0.93700
0.69300
0.87100
0.81800
1.09800
1.22500
1.69100
1.55200
1.28000
1.29900
1.35300
1.11900
1.17800
1.31900
0.91500
0.89700
0.99700
1.16700
0.76000
0.87500
0.96100
1.12200
1.49400
1.55600
1.29600
1.17900
0.99600
1.03300
1.17100
1.25500
1.30200
1.16900
0.90800
1.06200
1.14400
1.37900
1.24900
1.28700
1.00100
1.07000
1.20100
1.05100
1.21100
1.22800
0.90800
0.92000
1.00200
0.78900
0.99700
0.82200
0.98600
0.93400
0.82400
1.15600
1.25000
1.12000
1.13600
0.82700
0.75600
0.96200
1.01400
0.79900
0.92500
0.80800
0.74300
0.59500
0.63800
0.28800
0.35500
0.76400
0.75400
0.94000
0.71700
0.70900
0.72600
0.77100
0.73500
0.59900
0.84800
0.88500
0.79000
0.75200
0.58800
0.70800
0.81400
0.56400
0.68700
0.55000
0.62200
0.66600
0.57300
0.61600
0.65100
0.72700
0.79500
0.77100
0.73400
0.91800
1.11400
1.32500
1.00200
1.02800
1.25200
1.11500
1.12700
1.08600
0.87300
0.84600
0.83400
0.84000
1.04000
1.06500
0.79200
0.87500
0.95700
1.03700
0.79500
0.62900
0.64100
0.73800
0.88600
1.06000
1.47400
1.05000
1.06600
1.07900
1.11500
0.79200
0.81600
0.88800
0.89000
1.01800
1.19100
0.85300
1.28700
1.53700
0.98900
1.07000
1.03100
0.98900
1.33500
1.38400
1.33800
1.25300
1.25300
1.17000
1.20100
1.17000
0.67600
0.73500
0.80200
0.96100
1.19900
1.35300
1.25800
1.41600
0.88400
0.78200
0.88500
0.85500
0.91400
0.96300
1.27800
1.02100
1.23000
1.21500
1.00200
0.96900
1.02000
0.82300
1.17500
1.28000
1.05100
0.92800
0.95700
1.03800
0.94900
1.37500
1.29300
1.00000
0.82300
0.75700
0.76100
0.73300
0.64400
0.68800
0.73500
0.74500
0.64000
0.67900
0.89400
0.62900
0.72200
0.84800
0.97100
1.04000
0.91800
0.77000
1.13500
1.57400
1.57200
1.40300
1.71700
1.63300
1.23300
1.24600
1.07800
1.04600
0.87500
1.17600
1.26500
1.23700
1.06200
1.24300
1.04200
0.85900
0.96200
1.13800
1.31400
0.90800
0.92300
0.77500
0.85100
0.79600
0.78200
0.79300
0.85400
0.88600
1.15600
1.36400
1.21100
0.87400
0.80600
0.66900
0.71200
0.83100
0.97300
0.87100
0.73300
0.75200
0.82000
0.82900
0.63500
0.85600
1.28000
1.06500
0.82200
0.97000
1.13700
0.96100
1.10000
1.54100
1.19000
0.77900
0.67800
0.80900
0.65500
1.10300
0.96700
0.77100
0.84100
1.18700
1.43900
1.22500
1.20000
0.99900
1.58700
1.37600
1.14100
1.11200
1.05500
0.96200
0.86300
0.64000
0.65700
0.96200
0.87400
0.85700
1.03600
1.13700
0.95000
1.15500
1.09700
1.08800
1.09400
1.14800
0.73100
0.54000
0.72700
0.80000
0.75400
0.71500
0.85700
0.85500
0.62200
0.79600
0.86000
0.86800
1.24300
1.47800
1.38700
1.21000
0.79200
1.17100
1.20000
0.72700
0.88000
0.89400
0.93400
0.73400
0.93500
0.98000
0.88100
0.85500
0.68400
0.67900
0.94500
1.03000
0.91900
1.09300
1.19500
1.49500
1.30400
1.31600
0.94200
0.78300
0.77500
0.89400
1.04600
1.32500
1.06100
0.84900
0.83300
0.91900
0.87100
0.81200
0.71000
1.03200
0.87400
0.79800
0.83400
0.74700
0.66300
0.85500
0.88000
0.94600
0.95100
1.08300
1.22300
0.94500
1.01600
1.27700
1.09800
1.07700
1.12100
0.89700
1.60400
1.41500
1.51700
1.56100
1.14700
0.98900
1.10900
1.14300
1.31900
1.01000
0.79400
0.75500
0.49800
0.81200
0.93600
0.93100
1.15500
1.10100
1.11300
0.93600
1.02900
0.91700
1.02300
1.21700
1.01700
0.85600
0.75300
0.86200
0.78700
0.78000
0.96100
0.95000
0.81500
0.90700
0.72400
0.55800
0.76900
0.93800
0.90700
0.99600
0.96300
0.83400
0.76700
1.15400
0.94200
1.07700
1.10000
1.05400
1.57500
1.44200
1.10500
1.04100
1.09700
1.04200
1.13600
0.91200
0.99000
1.12500
1.06200
1.04600
0.85800
0.93800
1.03600
1.20100
1.30600
1.03300
0.97400
0.79700
1.28700
0.89400
0.76300
0.82900
0.70900
0.86800
0.80500
1.01000
1.04700
1.03500
1.22800
1.21500
1.45500
1.17300
1.09000
1.49300
1.17000
1.24400
1.28500
1.36500
1.20900
1.48900
1.65800
1.53400
0.92700
0.86000
0.90900
0.86400
1.28700
1.16400
1.09400
1.17100
1.04500
1.32400
1.41400
1.28300
1.44000
1.23300
0.83500
0.94500
1.18600
1.20100
1.10400
1.44300
0.96800
0.92500
1.09800
1.28100
0.75900
0.83600
0.70200
0.77000
0.87400
1.06500
1.01300
1.36800
1.20900
1.01600
1.06000
1.45800
1.37600
1.42800
1.09900
1.00900
0.65200
0.75900
1.13800
1.03000
1.06600
1.23600
1.16100
0.75800
0.93600
0.84500
0.80700
0.59300
0.66000
0.68600
0.69700
0.82800
0.93300
0.76300
0.75900
0.90300
0.90900
0.81700
1.06300
1.11900
1.15900
1.49200
1.37500
0.89400
0.93000
0.76100
0.72900
0.80700
0.82600
0.89700
0.64800
0.75300
0.94300
0.89000
0.76200
0.82900
0.93200
0.89300
0.93000
0.72900
0.87000
0.57200
0.53500
0.82400
0.62500
0.81700
0.91200
0.90100
1.11200
0.79800
0.88800
0.85800
0.61300
0.62800
0.74800
0.85200
0.90000
1.06400
1.08300
1.42900
1.14700
1.15000
1.18900
0.80800
0.52600
0.70200
0.66100
1.14200
1.15100
0.89800
1.08900
1.12500
1.15400
1.28600
1.01400
0.95300
1.09000
0.50600
0.73400
0.84000
1.08400
1.04500
1.21400
1.26400
0.94100
0.53700
0.61600
1.16700
0.93400
0.98800
1.29400
1.17800
1.20500
