1.12600  
1.49600  
1.09200  
1.15100  
1.41100
1.17900
1.40700
1.11000
0.84400
0.56900
1.07700
0.80100
1.20300
0.75100
1.11200
0.83200
1.02900
0.79300
0.41000
0.41100
0.70000
0.98000
0.92300
1.58800
1.19000
1.27700
1.00100
1.06400
0.69700
1.00700
1.07900
0.90800
1.06200
1.26100
0.60800
0.99000
0.71400
0.07800
0.51800
1.13100
1.02100
0.76400
0.84800
0.76900
0.39000
1.04200
0.94900
0.80300
0.88400
0.98200
0.98300
0.91500
0.94800
1.09600
1.11700
1.14600
1.20500
1.80800
0.99600
1.34100
1.41300
1.19500
1.10300
1.23200
1.32900
1.47700
1.33900
1.19500
1.07500
1.14300
1.01800
0.95300
1.18500
0.92000
0.94000
1.15600
1.21100
1.13600
1.32500
1.14500
1.01200
0.89700
1.04900
0.97100
1.13700
1.11400
1.14200
0.93400
1.08600
0.82200
0.96300
0.94800
0.87000
0.78400
0.81800
0.49500
0.69800
0.43800
0.64200
0.73000
0.84600
0.95000
0.98800
0.97800
0.95200
0.89300
0.92000
0.73300
0.52700
0.66700
0.64500
0.83100
0.67600
0.66700
0.81900
0.82900
0.67100
0.50000
0.41300
0.95600
1.01900
1.09600
0.66400
1.02000
0.93100
1.02000
0.94500
1.05800
0.77300
1.03300
0.68300
0.83500
0.91200
0.82200
1.08500
0.84100
1.12600
0.94300
0.97700
0.78300
0.88500
0.73600
0.70200
1.00600
1.02800
0.55400
0.63900
0.90500
1.01100
1.24700
1.31900
1.39000
1.13300
1.43300
1.13600
1.42900
1.04900
1.35800
1.32400
1.22700
1.22500
1.30200
1.31200
1.24900
1.29800
1.39400
1.28600
1.35800
1.26300
1.34200
1.45300
1.38800
1.23800
1.31200
1.21400
1.08200
1.30000
1.24600
0.97400
1.02800
0.88600
0.76900
1.17700
1.27100
1.24000
1.30700
1.07500
1.14700
0.97200
1.23900
0.93600
1.16800
1.31100
1.27200
1.25900
1.01000
1.31700
0.96100
1.09700
1.02200
0.90200
0.70200
0.61600
0.83300
1.06000
0.90900
0.73800
1.00500
0.97600
1.12600
1.15200
1.03500
1.13800
1.17600
1.12100
1.14300
1.04600
1.06100
1.23200
1.31800
1.09300
1.17800
1.00600
0.84000
0.79200
1.04100
0.89100
0.67400
0.78300
0.94600
1.12000
1.01300
1.01700
0.89000
0.92200
0.93100
1.31100
0.93900
0.75900
1.34400
0.65300
1.01100
1.39100
1.36000
1.16600
0.98000
1.34200
1.27900
0.83500
0.89200
1.18000
0.99500
1.25100
1.14300
1.16800
1.14100
0.87400
1.12000
0.73700
1.04900
0.78200
1.03500
1.09500
1.08000
0.98400
0.90300
0.89700
0.81600
0.79300
1.15900
1.03100
1.22500
0.89500
0.43500
0.75200
0.83400
1.03600
0.97000
0.91400
1.00700
1.02300
0.69900
0.97900
0.85100
0.86300
0.91100
0.70200
0.68900
0.63600
0.97100
0.70900
0.65500
0.55100
0.77700
0.75600
1.15100
1.05300
0.98500
0.93000
1.12200
1.00000
1.06500
0.84300
0.83000
0.84100
0.97700
0.94900
0.77900
0.76700
0.85400
1.03500
0.96900
0.94100
0.93800
1.04600
0.93600
1.02900
0.72800
0.71600
0.92100
1.10000
0.74300
0.99900
1.10000
1.11700
0.99100
1.23500
1.16000
1.04800
0.76800
1.13000
0.86000
0.32600
0.69200
0.92400
1.05200
0.89100
1.03500
1.13200
1.09000
1.26200
1.20300
1.06900
1.27500
1.43400
1.39800
1.26000
1.09900
0.92000
1.28200
1.16600
1.23700
1.03900
0.83700
1.08300
0.94400
0.82500
0.96500
1.11600
1.17600
1.11200
0.88700
1.21400
0.97600
1.00200
0.90900
1.05600
1.10700
0.89800
1.15900
1.06000
1.31600
1.37000
1.22700
0.98000
1.03800
0.87000
1.20400
1.13000
1.10100
1.29200
1.22800
1.45500
1.39600
1.32100
1.20900
1.40400
1.19200
1.24500
1.28800
1.06800
1.03100
1.18400
1.10000
1.21700
1.18300
1.29300
1.29500
1.16800
1.26500
0.88700
1.13500
0.91700
1.31600
1.00200
1.23300
1.10800
1.17200
1.15000
1.02300
1.14800
1.11700
1.05800
1.16900
1.17600
0.91800
1.24600
0.99100
0.91900
1.13000
1.28200
0.83000
0.95800
0.92000
0.92500
0.75900
0.78300
0.51200
0.93400
1.00900
0.74700
0.74900
0.80300
0.93100
1.10900
1.07800
1.06700
0.89400
0.80500
0.70100
1.03300
0.91500
1.10800
0.85600
1.11300
1.06200
0.81900
1.28500
0.87000
0.98400
0.93800
1.08700
0.93000
0.89400
0.83000
0.98100
0.99200
0.83100
0.72200
0.93800
0.80300
1.10400
1.04200
0.84000
0.81800
0.86300
0.97300
0.98100
0.95000
1.00900
0.79900
0.69900
0.91400
0.99800
0.92900
0.81400
0.81700
0.99100
0.80900
0.78200
0.89900
0.92000
0.82600
0.78400
0.70100
0.52800
0.45900
0.51400
0.48900
0.66000
0.69300
0.82500
0.74100
0.80900
0.78600
0.87100
0.90900
0.84400
0.94000
1.00300
0.76900
0.91000
0.50700
1.01300
0.72000
0.84400
0.97900
1.08600
1.01600
0.69300
1.10800
1.16500
0.99200
1.11000
1.09200
0.87600
1.19400
1.16000
1.00500
1.04600
1.30200
0.88000
1.40300
1.22000
1.00700
0.93500
1.02700
1.00800
1.20900
1.11700
1.06200
1.14600
1.15800
0.97700
1.30300
1.12400
0.98800
1.20000
0.98500
1.00800
0.67600
1.00200
0.90800
1.12700
1.03200
1.00900
1.13400
0.95000
0.84600
0.85600
0.58900
0.56800
0.41400
0.66600
0.79400
0.96000
0.94900
1.03600
0.90200
1.09500
0.94500
1.05800
0.64300
0.63700
0.45800
0.64800
0.61100
1.00700
0.96800
0.96300
0.87300
1.02200
1.16100
1.17000
1.16200
1.24100
1.11400
1.09000
1.06800
1.09500
1.02400
1.10500
1.17600
1.20900
0.79900
0.88100
0.76900
0.77000
0.92100
0.96500
0.92400
1.05800
1.01200
1.10700
1.18600
0.98900
1.08800
1.22300
1.06400
1.32900
1.27600
1.37800
1.29300
0.86300
1.31400
0.94900
1.07700
0.64600
0.94700
0.88800
1.12200
0.98700
1.05100
0.86000
0.94700
1.16500
0.97500
1.27500
1.31100
1.14700
1.35800
1.16300
1.30900
1.26000
1.12200
1.31900
1.02500
1.21300
1.16000
0.93600
1.18100
1.04200
0.84900
0.70800
0.82300
1.36600
1.27400
1.52500
0.88500
1.42300
1.24600
1.36200
1.17000
1.22300
1.16200
1.04700
1.00900
0.86800
1.05300
1.10700
1.04800
1.02200
0.78700
0.59300
0.82800
0.87600
0.90300
0.80400
0.77700
0.95900
0.51200
0.27400
1.00800
0.93700
1.20500
1.06700
1.29100
1.35000
0.85200
1.30900
0.71700
1.05600
1.35800
1.14500
0.94100
0.99400
1.15300
0.84000
1.00000
0.80700
0.75600
1.09400
1.03600
1.05600
1.09700
1.05600
1.09700
0.93300
1.25900
0.95800
1.29800
1.38300
1.19700
1.18100
1.03100
1.10900
1.02200
0.88000
0.55700
1.22400
1.30100
1.09700
1.09300
1.11800
1.06100
1.02000
0.70400
1.24100
0.94900
1.01100
1.05700
0.83500
0.98700
1.07900
0.78600
1.00200
0.79100
0.90400
0.68600
0.88100
0.79000
0.86900
0.86700
1.12500
1.03200
1.21000
1.15300
1.36200
1.18700
1.13100
1.02200
1.16000
0.73200
1.27400
1.08900
1.14500
1.40800
1.19600
1.14200
1.15700
1.23600
1.18800
1.24000
1.17700
1.12900
0.97800
1.04300
1.07000
0.98200
0.99100
1.05400
0.97100
1.05600
0.95400
0.95600
0.42800
0.48800
0.89700
0.91800
1.18700
0.93100
1.21400
0.90000
0.77600
0.77500
0.77600
0.53300
0.64300
0.55400
0.56400
0.78600
0.67800
0.75100
0.88900
0.68100
0.95500
0.90200
0.92700
1.07100
1.09900
1.18100
1.13300
1.08100
1.26600
1.21100
1.16500
1.05900
0.98400
1.06600
0.77400
0.83400
1.03400
0.98400
1.00500
0.90300
1.07200
1.15600
0.87700
0.54600
0.55600
0.48500
0.94100
0.99900
0.59900
1.17900
1.03700
1.08400
1.34900
1.01900
1.21300
1.13300
1.15600
1.22700
0.86200
1.24100
1.04600
0.60200
1.17500
1.19700
1.13700
1.26600
1.03800
1.22000
