 7992  
 6114  
 5965  
 8460
 8323  
 6333
 5675
10090
 9035
 6976
 6459
10896
 9978
 7466
 7199
10977
 9412
 6341
 7784
11911
10079
 7721
 8197
12038
11963
 8033
 8618
13625
11734
 8895
 8727
13974
12583
 9525
 9662
15490
13839
10047
 9788
14978
13045
 9489
 8741
13149
14106
 9998
10034
15081
13266
 9997
 9027
14324
13149
11209
10332
15354
13800
11786
10550
16114
13255
11403
10269
14009
15847
12967
11328
15814
18626
13219
13818
18062
15722
12111
11702
15589
14852
13612
12380
15501
16322
12157
11124
14621
14035
11159
10944
15824
14378
11816
12233
17344
16812
12181
13275
18458
17375
14609
13323
18327
16053
15070
13806
18245
17461
14999
16022
20564
16372
15854
15115
18207
19488
16644
18631
21093
22212
19762
19403
21227
23176
20823
20647
21336
23458
22003
21647
26416
25226
24723
19945
24040
25034
24885
21168
23541
26019
24657
20599
24534
28717
26138
22968
26577
28660
30430
27356
25454
30194
