1.04600      
1.03800      
0.92500      
0.75500      
1.15600
1.16300
0.93300
1.12700
1.05300
1.19100
0.96300
0.96100
0.72900
0.89800
0.92500
0.80200
0.77600
0.86500
0.87000
0.90600
0.81800
0.76000
0.70900
0.64200
0.79700
0.58500
0.78200
0.58700
0.77000
0.51200
0.70200
0.79500
1.08800
1.07400
1.06000
1.00000
1.09100
1.20900
1.07700
0.48100
0.97400
1.21900
1.21300
1.05000
1.05000
0.92000
1.32000
1.03300
1.30900
0.97900
1.15000
0.90800
1.11300
0.96200
1.28300
1.09400
1.08000
0.95600
1.10400
0.98400
1.02800
1.15900
1.22300
0.93300
1.16700
1.11400
0.92300
1.03000
1.12600
0.87000
0.82400
1.27700
1.18200
1.36500
1.26900
1.23000
1.44600
1.60200
1.32800
1.29400
1.20800
1.20300
1.51000
1.19100
1.06900
0.92700
0.82800
0.98000
1.18700
1.30700
1.00300
1.12800
1.19800
1.14800
1.19000
1.02400
1.27200
1.28300
1.22500
1.26900
1.14000
0.96300
0.71300
0.81700
1.40100
1.14600
0.82600
0.81200
0.86600
0.99700
1.09100
1.15700
1.07700
0.95100
1.06100
0.89900
0.81700
0.92200
0.57900
0.86300
0.69700
0.81400
0.83500
0.93800
1.20100
1.26100
0.71000
0.60000
0.57600
0.60600
0.57900
0.76500
0.82300
0.85600
1.04100
0.88800
0.67400
0.73000
0.81000
0.73000
0.80400
0.77200
0.74100
0.95500
0.69400
0.82900
0.83000
0.89000
0.88400
0.92300
0.86500
1.02600
1.04300
0.53700
0.69300
0.90400
0.90200
0.77900
0.75900
0.70700
0.80400
0.76300
0.51700
0.70400
0.58400
0.37200
0.60700
0.81000
0.73300
0.61800
0.65000
0.60300
0.70200
0.90000
0.88300
0.72700
0.81200
0.67300
0.72400
0.95800
0.95400
0.84500
0.63800
0.98700
0.98700
1.09800
1.28700
1.17900
1.19300
1.24600
1.08400
1.14100
1.24500
1.17400
1.05400
0.92400
1.11800
1.14900
1.10800
1.30500
1.31400
1.27900
1.10600
1.14500
0.97700
1.42700
1.13000
1.15200
1.24700
1.34400
1.22000
1.19800
1.25300
0.91900
1.05700
1.23100
1.28600
1.35400
1.27700
1.55300
1.12300
1.32700
0.52500
0.96600
0.95200
0.77800
0.76500
1.32800
0.75300
1.24300
0.94300
1.25700
1.12200
1.26500
1.36700
1.24700
1.80800
2.02000
1.38300
1.16000
1.01700
0.97600
0.77100
0.66200
0.94600
1.14800
0.94800
1.02600
1.24800
0.94900
0.90900
1.12000
0.94700
1.14100
1.17200
0.94900
1.13200
1.13400
0.86400
0.83400
1.02800
1.27700
0.87200
1.15300
0.94300
1.00100
1.07600
1.00500
0.73800
1.15600
1.00000
1.12500
0.86700
1.02500
0.94900
1.18500
1.09300
1.12500
1.03800
1.04100
1.08100
1.06600
0.67200
0.76900
0.80000
0.98900
0.95200
0.83400
0.83900
0.86500
0.92600
1.18100
1.05800
1.23500
0.94400
0.99200
1.12300
1.48800
0.95000
0.84200
1.23600
1.00400
0.83900
0.94900
0.89400
0.68800
0.75600
0.99400
0.94900
0.88400
0.86100
0.81000
0.97500
0.86700
0.99300
0.76000
0.90600
1.00000
1.12000
0.84900
0.94100
0.89700
0.89100
1.00400
1.06400
1.19600
0.80000
0.77100
0.80400
0.91000
0.99400
0.78300
0.90900
1.00500
0.91500
1.10100
0.92500
1.02000
0.77000
0.53400
0.45100
0.22400
0.50600
0.55000
0.44900
0.65600
0.61400
0.93100
0.85700
0.64300
0.86200
0.76400
0.70300
1.01400
0.91900
0.82100
0.76600
0.82300
0.88200
0.78400
0.83600
0.82200
1.16100
0.98300
0.90400
1.02300
1.02900
0.83200
0.84400
0.86300
0.62600
1.17100
1.12300
0.96600
0.83800
0.85400
0.90400
0.67300
0.89900
0.86600
1.12000
1.03200
1.00500
0.92200
1.18200
1.00300
0.93300
0.67700
0.44800
0.87700
0.81300
0.74200
0.79900
0.65000
0.63900
0.60900
0.89300
0.53000
0.76900
0.78300
0.76700
1.26400
1.01900
0.86800
1.26800
0.94400
1.19000
1.21700
1.13100
0.81900
1.10300
1.12300
1.25200
1.12600
1.19700
1.25900
1.05500
0.94700
1.09100
1.07700
0.76900
0.83400
1.05600
0.92600
0.78300
0.75200
0.77800
0.95800
1.11200
1.14800
1.19500
1.10200
1.18700
1.15300
1.14600
1.34000
1.12100
1.29800
1.19300
1.26900
1.23200
1.36600
0.90400
0.98900
1.19100
0.96100
1.15200
1.28100
1.48500
1.54700
1.01800
0.89900
1.22800
1.11900
1.07500
0.85200
0.84500
1.32500
0.98300
1.00200
1.17000
1.09400
0.96200
0.95000
1.09900
0.89700
0.99200
1.11200
0.77900
0.88800
1.32900
0.78600
1.09700
0.78900
0.68400
0.92400
0.92600
1.08100
0.99800
1.04600
0.96900
0.45600
0.79200
0.95600
0.69700
0.63700
0.76900
1.08800
1.02400
0.83000
1.13500
0.90900
1.16100
0.97700
0.91900
1.21900
1.01000
1.31000
1.11000
1.23500
1.20100
1.09600
1.12500
1.06200
1.28500
1.30200
1.08300
1.19000
1.08500
1.16400
0.94200
1.12300
1.18300
0.81600
0.93500
0.83100
0.88900
1.18900
1.00600
1.11100
1.06600
1.03600
1.18900
0.96700
1.05600
1.31500
1.03400
1.11000
0.79400
0.87700
0.81600
0.89300
0.96900
1.01700
0.97500
0.99600
1.15600
1.29500
1.47000
1.20200
0.91100
0.98900
0.96200
0.73400
0.92000
0.98900
0.66500
1.21700
1.02100
1.04900
1.09800
1.12100
1.24200
1.35100
1.05900
1.40300
1.42000
1.18400
1.02900
1.28200
1.29800
1.45700
1.34800
1.38900
1.51300
0.47500
0.80100
0.72200
0.74700
0.93400
0.91100
0.92600
0.88400
1.07300
1.08000
1.00200
1.03900
1.16100
1.24800
1.17300
1.25200
1.13600
1.16700
1.23600
0.89600
1.20100
1.13700
1.32700
1.11100
1.00600
0.91400
0.97200
1.09900
1.04500
1.08100
0.88800
0.08400
0.74700
0.86600
0.80800
0.97600
0.91400
1.04700
1.23100
1.05400
0.98700
1.00200
0.82800
0.82800
0.76300
1.04200
1.16300
1.19100
0.96500
0.81200
0.89400
1.00500
0.96100
0.91600
0.86400
0.95600
1.09500
0.93700
0.86100
0.91400
0.85900
0.73000
0.97600
0.74600
0.92700
1.00900
0.81800
0.90500
0.88300
0.84300
1.38900
1.09400
1.01500
1.11900
0.90200
1.08500
1.30800
1.39400
1.15300
1.23200
1.41800
1.30000
1.42700
1.19600
1.10400
0.76500
0.89500
0.88200
1.10100
1.14500
0.99800
0.98900
0.80300
0.92300
1.03200
0.82200
0.86500
0.97400
1.14000
0.94000
0.95000
0.96800
0.82400
0.91900
0.98900
1.06800
1.12000
0.88600
0.90300
0.91900
1.02000
1.22400
0.94500
0.95900
1.02100
1.01800
0.99100
1.09000
1.07200
0.91200
0.92000
1.19400
0.85300
0.50600
0.55400
0.58900
0.74700
0.58900
0.75000
0.76000
0.87500
0.89500
0.95400
0.96500
0.85700
0.90500
0.99300
1.08700
0.87300
0.77300
0.98200
1.13400
0.89700
0.91800
0.81500
0.93000
0.92200
0.80100
1.20800
1.14700
0.96900
1.03700
1.02100
0.92900
0.80800
1.00500
1.09700
1.09500
1.17600
1.22600
1.19700
0.91100
1.09100
1.25800
1.04600
1.27900
1.10600
0.63600
0.13900
0.51800
0.70500
0.86500
0.79100
0.81900
0.78100
0.88000
0.94800
1.03800
0.82100
1.06400
1.14200
1.15400
1.01500
1.10600
0.98500
0.95400
0.81700
0.86600
0.87700
0.92800
0.94100
1.05100
1.43400
1.37200
1.20000
1.27200
1.38400
1.24100
1.07300
0.98300
1.21000
0.88500
1.09600
1.04300
0.73900
0.96200
1.02400
0.78600
0.97700
0.99500
1.01700
1.24700
1.13500
0.95600
0.96500
1.14100
0.93300
0.76900
1.02100
0.77000
1.14800
0.99800
0.96500
1.08500
1.30300
0.94300
1.08900
1.11900
1.03900
1.15300
0.96000
1.04400
1.06800
1.05900
1.06100
1.25500
1.24300
1.21800
1.10900
1.03600
1.04000
1.20300
1.37900
0.99000
1.03700
0.94600
0.67400
0.93800
0.91000
1.03600
0.92500
0.80500
0.84700
0.76400
0.85600
0.77200
0.74100
0.81900
0.93600
0.98800
0.94900
0.96100
1.01800
1.30000
1.01300
0.72600
0.77300
0.87000
0.81900
0.88800
0.66200
0.82700
0.93700
0.82500
0.77900
1.03000
1.29600
1.41400
1.30600
1.24800
1.26000
1.44900
1.26100
1.18500
1.28900
0.81900
1.16100
1.22400
1.20900
1.15600
1.45500
1.53300
1.11600
1.10300
1.13000
0.91200
0.78800
0.72500
0.70300
0.74400
0.70500
0.73500
0.89000
0.75500
1.00200
1.07600
1.06600
1.08500
0.89000
0.74800
1.15800
1.28800
1.47900
1.59700
1.46600
1.49200
1.15600
1.22500
0.99900
1.30800
1.17800
0.97300
1.18200
0.75300
0.89900
0.88200
1.03700
0.92500
0.88500
0.92600
0.81900
0.81800
0.93000
0.95300
1.09400
1.12300
1.07300
1.04200
1.22300
1.19500
1.18900
1.42600
1.36700
1.21800
1.18300
1.29600
1.35600
1.15300
1.01000
1.00500
1.19500
1.14900
1.11900
1.21100
1.00300
0.79600
0.90200
1.07900
1.08500
1.04900
0.89200
1.16500
1.08600
0.98700
1.12400
1.07600
1.18600
1.11200
0.93800
1.06600
1.15200
0.93000
0.84400
0.98800
0.86500
0.92800
0.75100
0.98300
0.91500
0.93500
0.93100
0.79800
0.89300
0.91100
0.95900
1.00400
1.01600
0.98200
1.06500
1.00200
0.90200
1.03100
0.81400
0.91900
1.04400
1.01300
1.01900
1.03500
0.93100
0.94200
0.95900
0.89000
0.72000
0.70300
0.60500
0.60100
0.29500
0.63900
0.66900
0.86000
0.76600
0.76400
0.97900
0.79100
0.85600
0.87200
0.97800
1.23300
1.20600
1.00900
1.13800
1.29700
1.16600
1.03900
1.01100
0.85400
0.73300
0.80000
0.71400
0.81000
0.98300
1.02500
0.81600
0.91700
1.07800
1.15100
1.09900
1.12400
1.01000
1.16700
1.27100
1.11400
1.12200
1.06600
1.00600
1.16100
1.16700
1.30400
0.81200
1.12000
1.03900
1.10300
0.88900
0.94900
1.04800
1.03600
1.09800
1.06900
1.12100
0.87200
0.99100
1.01000
0.91700
0.97100
1.09800
1.03800
1.01900
1.03000
0.95800
0.92100
1.19300
1.21900
1.11800
1.17300
1.17600
1.17100
1.14600
0.97600
1.03100
1.00500
0.96600
0.77400
1.01400
0.96300
1.00600
1.04300
0.92400
0.86200
0.98600
0.79900
0.95000
0.84400
0.97200
1.08700
0.72600
0.71600
0.83200
0.86200
1.03400
1.07700
0.96400
1.06000
1.17500
1.18600
1.36800
1.34400
1.00900
1.18200
1.00500
0.87700
1.00500
0.82600
0.93300
0.76000
0.86300
1.03800
0.97600
0.95100
1.11100
0.96400
1.04800
1.05500
1.02400
1.01600
0.91100
0.84700
0.74300
1.07200
0.78000
0.87300
0.94900
0.96400
0.70400
0.88800
0.82300
0.78500
0.84600
0.87100
0.97300
1.13200
1.04000
1.00700
0.93700
0.74000
1.00800
0.81600
1.08000
1.21300
1.17400
1.07500
0.88600
0.85900
0.93100
1.01700
0.89000
0.68700
0.82600
0.94400
0.95900
0.99800
0.89600
0.99300
0.81000
0.85700
0.45100
0.54700
0.69800
0.74100
0.81800
0.77900
0.74900
1.01700
0.83400
0.93100
0.77600
0.80700
0.74800
0.86300
0.85500
0.75700
0.90600
0.96600
0.82400
0.92700
0.86100
0.78400
0.84700
0.62600
0.94500
0.94100
0.86100
0.93600
1.09200
1.14700
1.02600
0.59800
0.97100
0.78400
0.88500
1.08400
1.17000
0.93900
0.98400
0.99400
0.98700
0.94400
0.92700
0.98000
0.97900
0.94400
0.82500
0.90300
0.78400
0.81900
0.77100
0.74600
0.61000
0.78500
0.78000
0.77100
0.92800
0.93600
1.00200
1.11200
1.01600
1.25700
1.22300
1.29400
1.18600
1.39800
1.24600
1.40700
1.05100
1.19300
1.09600
1.16400
1.34900
1.10800
1.06000
0.96100
0.86600
1.26700
0.94000
1.03100
1.02600
1.01800
0.86700
0.90900
1.14900
1.22800
1.15700
1.28200
1.06500
1.15400
1.15000
1.12500
1.32000
1.39600
0.69000
0.89800
0.96900
0.84400
0.80200
1.04900
0.88000
1.04600
1.07600
0.95500
0.87800
1.11700
1.35300
1.09900
1.37000
1.20200
1.02600
1.56900
1.31300
1.15900
0.97700
0.97400
0.73300
1.14000
0.93700
0.96700
1.04700
0.99900
0.84200
0.91100
0.95300
0.96200
1.06600
1.09600
0.72900
1.00100
1.08300
1.08900
1.07200
1.19900
1.40400
1.19300
1.13100
0.96100
1.38300
1.22900
1.25200
1.19100
1.35400
1.40300
1.25300
1.24900
1.30500
1.11500
1.31000
1.16800
1.14000
0.96700
1.15100
1.14200
0.90200
0.90000
0.84100
0.98900
0.96700
1.09100
1.09100
0.98400
1.16100
1.23600
1.10000
1.24300
1.17500
1.44100
1.11000
1.05900
0.98000
1.14500
1.22400
1.22600
1.21900
1.13200
0.95800
1.00700
0.79200
1.01800
0.89000
0.67600
0.55900
0.87600
0.63100
0.49600
0.52900
0.61800
0.44400
0.56000
0.53700
0.44000
0.56800
0.44500
0.58800
0.61900
0.83200
0.55700
0.78700
0.76800
0.90800
0.81200
0.76900
0.83800
0.82300
1.01100
1.07100
1.00600
0.99900
0.94200
1.05500
0.74600
0.93800
1.12800
0.68300
1.03400
1.01100
1.10400
0.92600
1.09000
1.11300
0.90900
1.29500
1.24600
1.10500
1.09500
0.61400
1.06400
0.88600
0.81900
1.06300
1.06700
1.07800
0.73600
1.04300
1.08400
0.80300
0.98700
1.02500
0.84600
1.01200
0.97700
1.13100
1.13300
1.33900
0.89700
1.10100
1.17300
1.05100
1.14200
1.05000
1.25400
0.93500
1.31600
1.09400
1.14200
1.05800
1.01100
1.20100
1.16400
1.04700
1.04300
1.03500
1.12400
0.97500
1.10000
0.93400
1.05500
0.97800
0.78800
0.86500
0.69700
0.88300
0.81800
1.01700
0.94700
1.11900
1.28800
1.03200
1.18500
0.91600
0.85300
0.97400
1.06100
1.18500
1.01100
0.78300
1.13000
1.30700
1.07300
0.79600
0.70800
0.94700
1.12600
0.99100
0.82500
0.91000
1.03900
1.05700
0.99500
0.96500
1.08600
1.21000
1.29100
1.64600
1.26900
1.38200
1.10700
1.31600
1.00300
1.21800
1.04800
1.41900
0.99900
0.98000
1.12400
0.91500
0.87700
0.99200
0.91300
1.00000
1.07300
1.19700
1.27000
0.97900
0.92100
1.16800
1.12900
1.33900
1.43900
