0.46000       
0.42800       
0.49300       
0.46000       
0.42800
0.29600
0.49300
0.52600
0.49300
0.49300
0.46000
0.65800
0.62500
0.65800
0.59200
0.62500
0.65800
0.85500
0.59200
0.62500
0.55900
0.72400
0.92100
0.88800
0.59200
0.65800
0.92100
0.88800
0.46000
0.65800
0.92100
1.11800
1.05300
1.05300
0.98700
0.75700
1.08500
0.92100
0.88800
0.82200
0.75700
1.15100
0.85500
0.69100
0.85500
0.95400
0.85500
1.11800
0.88800
0.85500
0.82200
0.69100
0.95400
1.25000
1.35500
1.05000
1.08600
1.01200
1.05600
1.48200
1.19300
1.40100
1.59000
1.52900
1.55700
1.27800
1.06300
1.18300
1.44900
1.45400
1.33700
0.73500
0.81500
0.96300
1.29400
1.18700
1.10000
1.32400
1.14900
0.84600
1.19600
1.08200
1.06300
0.70100
0.76700
0.93400
1.02200
0.78900
1.10100
1.09300
1.10200
0.85800
0.80300
0.70700
0.95400
0.62000
0.99800
0.90800
0.89700
0.95200
0.83100
0.95800
1.15800
1.14700
1.04800
1.03700
1.36700
1.17800
1.24300
0.85700
0.65400
0.66200
1.10600
0.89000
1.02700
1.17000
1.02700
1.20900
1.10400
0.96200
1.14300
0.83800
1.24000
1.11600
0.95700
1.28100
0.74800
0.72400
0.98200
0.87800
0.82300
0.71500
0.78400
1.00200
0.88400
0.77700
0.66000
0.77700
0.89200
0.91100
0.61700
0.85300
0.92700
0.86200
0.99000
0.98400
0.83000
0.97000
1.18300
1.42400
0.94500
1.22200
1.17700
1.14000
1.14500
1.03600
1.03300
1.24900
1.21600
1.13800
0.72600
0.82800
1.25300
0.96900
1.05000
1.26300
1.16900
0.55000
1.06400
0.88700
1.08700
0.75000
0.83800
1.05100
1.04800
0.91500
0.83200
1.27100
0.82900
0.81300
1.01600
0.79000
0.84900
0.83600
0.93800
0.88500
0.86300
0.43200
0.62800
0.78600
0.94300
0.74700
0.90400
0.39300
0.78600
0.55100
0.94900
0.72800
0.73800
0.77800
1.02100
1.22100
1.33100
0.88800
1.24300
0.90600
0.93400
0.85900
0.80800
1.11800
1.09000
1.06400
1.06700
1.21800
1.00200
1.00200
1.23800
1.07400
1.39100
0.98000
1.01800
1.12000
1.05600
0.81400
0.79200
0.96200
0.96900
0.78600
0.91500
0.88100
0.87400
0.86000
0.85500
0.77800
1.10700
1.12900
0.92700
1.10500
1.10900
0.84800
1.10500
1.24200
1.25400
1.07600
1.21100
1.09300
1.05000
1.00400
0.90300
0.97700
1.02300
1.17300
1.21100
1.02000
0.94600
0.96000
0.97600
1.26300
1.26400
1.16000
1.26100
1.19600
1.21500
0.83300
0.90800
1.40000
1.11800
1.14800
1.24800
1.21400
0.91200
0.89700
1.07500
0.94500
0.97600
0.93300
0.94400
0.91700
0.93400
0.97800
0.86700
0.87000
1.01900
1.05700
0.76700
0.90400
0.85700
0.98100
0.97800
1.18200
1.10200
0.89000
0.91900
1.12100
1.19800
1.14100
1.19000
1.09700
1.30400
0.99200
1.20700
1.24500
0.96000
0.98300
0.72700
1.21700
1.17100
1.16900
0.93300
0.91900
1.09600
0.93700
1.14600
0.97000
0.69400
1.04900
1.13100
0.86500
1.36300
1.13100
1.09200
1.25800
1.22000
0.87600
1.07900
0.99500
1.16000
1.34100
1.04100
0.80900
1.24000
1.21300
0.84700
0.93500
0.96300
0.72900
1.21500
0.74200
0.76100
0.62900
0.74400
0.65900
0.84400
1.03300
1.01000
0.83800
0.63100
0.53600
0.70100
0.90400
0.72200
0.84600
0.56300
0.59400
0.75200
0.68600
0.82500
0.88500
0.76100
0.86700
1.02400
1.04100
0.66100
0.95900
0.73300
0.90400
1.12100
0.81000
0.90700
1.00900
0.90800
0.89300
0.90700
1.09300
0.85300
1.18300
1.28200
1.05500
1.29000
1.33600
1.16000
1.17900
0.93500
1.17300
0.87000
0.98100
0.97300
0.88800
0.86100
0.95500
0.98500
1.01500
1.14200
1.25000
1.05600
0.94900
0.93500
1.02500
0.97600
0.74500
1.00300
1.02000
1.29100
1.22500
1.42900
1.35100
1.40000
0.99100
0.97100
0.93000
0.98800
0.97400
1.28400
1.61300
1.35200
1.06700
0.97500
1.12000
0.92000
1.02100
0.76100
1.23300
1.54200
0.95200
1.01400
1.12300
0.92800
1.18400
1.11600
0.88800
0.74700
0.62100
0.86300
0.82100
0.90700
1.06400
0.59500
0.86800
0.55800
0.58600
0.86000
0.93800
0.75000
1.00000
1.12600
0.67200
0.54200
1.12100
0.97200
0.77500
0.90400
0.74600
0.76800
0.82100
0.68700
0.88600
0.97800
0.95900
0.96600
1.09100
1.01300
1.13500
1.09100
0.91100
1.11400
1.01600
0.98500
1.02800
0.99900
0.89600
1.03100
0.85800
1.19900
1.02400
0.91300
0.83200
0.89500
0.88100
0.66600
0.92700
0.90000
0.79100
1.05500
0.75300
1.00600
0.97800
1.03100
0.95900
0.64700
0.81400
1.13800
1.01900
1.05900
1.00400
0.95900
0.96300
0.81100
1.10300
1.12800
1.00900
1.14000
1.05700
1.10300
0.86500
0.77100
0.99700
0.88600
0.81800
0.90000
0.87200
0.67300
0.62000
1.02800
0.84800
0.88500
1.04500
1.00600
0.95300
0.80100
0.86600
1.05600
1.11100
0.91600
0.65300
0.85600
1.01600
1.10400
1.06500
1.06500
1.03800
0.38600
0.65500
0.78400
0.75200
0.87700
0.91900
0.96900
0.79900
1.00600
0.89900
0.67800
0.91900
1.22000
1.09100
1.04200
0.99200
1.15700
1.28500
1.39900
0.93200
1.12000
1.18500
1.29300
1.46400
1.20400
1.07100
1.22200
1.34300
1.35000
1.06700
1.08300
0.68200
1.10300
1.13100
1.27900
1.32600
0.90200
1.11800
1.19200
1.13400
0.92500
0.75600
0.89100
0.90800
0.82500
0.96500
1.04100
1.30500
1.09500
0.93500
1.00900
1.23500
0.99400
0.67300
0.67900
0.83800
1.05200
0.87900
0.69200
0.78100
0.54000
0.68500
1.23400
1.24900
1.29800
1.27700
1.23100
1.40400
1.05600
0.93800
1.33600
1.09400
1.25100
1.14500
1.07900
1.14900
1.74700
1.48200
1.55600
1.42300
1.43800
1.57500
1.46700
1.33100
0.93300
0.62700
0.86700
0.82400
1.19300
1.32000
0.94400
0.70900
0.68000
0.92700
1.18700
1.06600
1.03300
1.02700
1.13600
1.01200
0.97300
1.12900
0.82400
0.94500
0.85300
0.80700
0.86900
0.90300
0.94900
1.01400
0.90400
1.12300
0.97800
0.95000
0.87300
0.75100
0.65500
0.82300
0.86500
0.77000
0.75900
0.88600
0.81100
0.66000
0.69400
0.84500
0.86400
0.66100
0.77700
0.77800
1.01600
0.98300
1.12800
0.87600
1.02900
1.02800
0.94300
1.11100
0.94600
0.87000
0.88900
0.98000
0.88500
0.86400
0.82500
0.90700
1.08000
0.83100
1.01900
0.89600
0.68900
0.97800
1.02200
0.87100
0.83600
0.85700
1.22800
0.97600
0.86300
1.04500
0.95100
0.93300
0.98800
1.13400
0.86700
1.01000
1.00700
0.84800
0.28500
0.81000
1.02900
0.97300
0.91400
0.93600
0.94700
0.99600
0.82100
1.20500
1.00600
1.19900
1.27800
1.23100
1.09100
0.99100
0.88300
1.12400
1.07000
1.06200
0.87300
0.91100
0.74300
0.91100
1.12300
1.07700
0.84300
0.94900
1.05600
0.83800
0.77600
0.71400
0.94600
0.70700
0.87500
0.80300
0.60100
0.79500
0.83600
0.54000
0.81900
0.82500
0.82400
1.14000
0.88500
0.95600
0.75200
0.91600
0.93900
0.76200
0.92800
0.86700
1.07500
1.03600
1.10800
1.10900
1.18100
1.05400
1.14100
1.18200
1.06600
1.02700
0.46900
0.54700
0.62100
0.59800
0.78200
0.94500
0.83800
0.77500
0.62300
0.79900
0.72600
0.83000
0.86500
0.78500
0.88300
0.61500
0.53100
0.70700
0.66900
0.83400
0.76200
0.75800
0.67900
0.77000
0.81400
0.87200
0.81600
0.84700
0.83700
0.77800
0.83500
0.81700
0.69900
0.85400
0.75900
0.80200
0.84200
0.81000
0.82500
0.85300
0.61400
0.87400
1.04400
1.06600
0.95700
1.04300
0.98600
1.06400
1.05800
0.86200
0.91500
0.95100
0.92800
0.81600
0.83600
0.81000
1.01800
1.18700
0.98500
0.98700
1.33900
1.35300
1.04400
1.10600
0.99700
1.02900
1.08600
0.83500
0.91900
1.03700
0.96700
0.95900
1.08500
0.88700
1.05800
1.13600
0.95000
1.22200
0.91500
0.45300
0.86600
0.97200
1.13100
1.16300
1.08900
1.06400
0.96800
0.81000
0.66600
1.05500
0.85600
0.70600
0.83100
0.63900
0.73300
0.65600
0.93500
0.84700
0.79700
1.14000
0.90900
0.87200
0.87400
0.91800
1.23000
1.13700
1.13000
1.05300
1.21800
1.21700
1.05100
1.06200
1.08700
1.07600
1.03300
1.01400
0.92000
0.87100
0.83500
0.75100
0.95700
0.95600
0.85100
1.12600
0.83100
0.83300
0.88200
0.98900
0.81000
0.82500
0.68700
1.09200
0.94400
0.97200
1.02700
0.88700
0.93200
0.85600
0.79400
0.83000
0.91200
0.79400
0.78500
0.83500
0.81200
0.82300
0.74400
0.96600
0.91600
0.80100
0.87700
0.78900
0.78700
0.78500
0.89900
0.85900
0.75600
0.92600
0.96800
0.85600
0.74300
1.01200
0.82800
0.87500
0.91800
0.95500
0.97600
0.96400
0.91700
0.89300
1.06000
1.13200
0.92800
0.85400
0.82800
0.56000
0.38400
0.71500
0.65300
0.74800
0.72500
0.87800
1.07000
0.90700
0.97000
0.98100
0.98000
1.16800
0.98300
1.04000
1.07600
1.32800
1.25900
1.19000
1.16900
1.06300
0.99500
0.98600
0.91500
1.03500
1.09200
1.09900
0.79600
1.02900
0.82300
1.06100
1.00900
1.11500
0.99700
1.25400
1.25100
1.10900
1.04500
1.21500
0.95900
1.05000
1.08300
1.03300
0.90800
1.14900
0.96400
0.94500
0.77700
0.94900
1.00100
1.07900
1.07000
0.98100
0.95400
0.77300
0.91000
0.95200
0.78300
0.85600
1.11000
0.96800
0.96200
0.92700
0.79400
0.66900
0.85100
0.86000
0.91300
0.90700
1.00700
1.03700
1.05500
0.95300
1.09800
1.16300
1.12100
0.84100
1.01900
0.89600
0.88200
0.94600
0.89300
0.75200
0.87800
0.73000
0.74400
0.98300
1.10600
1.11600
0.95600
0.84800
1.07000
0.90800
1.18600
1.08700
0.93200
1.01500
1.34800
1.33200
1.57000
1.42800
1.09800
1.10900
0.95800
0.87200
0.95700
0.81700
0.96200
0.90300
0.86100
0.85600
0.82200
0.97500
0.94900
0.76400
0.87500
0.91000
0.65500
0.87300
0.90500
0.92100
0.86200
1.12300
0.91900
1.05600
1.07900
0.92500
0.66100
0.78900
0.93400
0.70100
0.91500
0.81800
1.01700
1.03000
1.00500
0.91700
1.21800
0.99100
1.21700
0.99500
1.17200
1.33100
1.18600
1.00200
1.10300
0.87600
0.81700
0.85300
0.70000
0.53500
0.72600
0.81000
0.85200
0.92600
0.78600
0.87500
0.79500
0.86400
0.58700
0.94300
1.01400
1.06700
1.09000
0.99700
0.95600
1.03700
0.82300
1.02800
0.80800
0.84000
0.71400
0.77900
0.69200
0.63200
0.77300
0.88000
0.68200
0.83300
0.88900
0.75100
0.83900
0.77600
0.85700
0.95800
0.84200
0.97100
0.96000
1.09600
1.06200
1.04600
1.13000
1.09700
1.16000
1.25500
1.17500
1.17500
1.46800
1.46900
1.38200
1.18000
0.98400
0.98600
1.03600
1.02200
0.95200
1.01000
0.83100
0.89500
0.85100
0.86000
0.80000
0.85000
0.86100
0.88400
1.07000
0.92900
1.13500
1.32900
1.20600
1.10600
0.96700
1.26500
1.22800
1.29100
1.18000
1.34100
1.14600
1.21300
1.05400
1.28500
1.39300
1.00400
1.09400
1.07600
0.95400
1.32400
1.14700
1.21700
1.01000
0.94700
0.88300
0.88100
1.15200
1.20700
1.18000
1.23600
1.34900
1.18700
0.88900
0.35700
0.46500
0.48700
0.34800
0.52500
0.65300
0.75800
0.65100
1.03700
0.97600
0.96500
1.16300
1.14800
0.79500
0.86900
0.91400
0.83200
0.98900
0.81600
0.83200
1.28400
1.18200
1.09100
0.93500
1.00400
0.69000
0.99500
0.94700
1.04100
0.99700
0.95500
0.82700
0.97400
0.91000
1.00900
1.26600
1.13000
0.98000
1.35700
1.26400
1.21000
1.15900
1.20200
1.44100
1.06200
1.08900
0.79500
0.89900
0.99300
0.97700
0.99200
1.26100
1.24000
1.10400
1.12000
1.18500
1.09300
1.29700
1.02500
1.06400
0.99500
0.98200
0.99900
0.93000
0.82800
0.94500
0.95000
1.02800
1.09600
1.08500
0.96100
1.00800
1.06000
0.60900
0.61400
0.68900
0.59800
0.48200
0.65100
0.64800
0.94800
0.93600
1.11100
1.07800
1.02000
0.86400
0.93000
0.77700
0.98300
0.77800
0.71800
0.48500
0.67000
0.53000
0.32800
0.32900
0.38400
0.26600
0.38700
0.37300
0.39000
0.48400
0.51100
0.72400
0.64600
0.78800
0.49300
0.74100
0.70500
0.87400
0.85900
0.94100
1.15800
1.04200
1.21500
0.99100
1.14100
1.27200
1.21400
1.32600
1.12600
1.37400
1.22000
0.84800
1.13100
0.99600
1.13500
1.08100
1.27200
1.18800
1.03400
1.51400
1.34700
1.37800
1.34900
0.86200
1.33300
1.14400
1.35700
1.37400
1.47100
1.61100
1.45500
1.51900
1.62400
1.47400
1.35200
1.57100
1.34300
1.49300
1.30700
1.45600
1.40200
1.67100
1.32200
1.39000
1.12500
1.01500
1.22700
0.98400
1.11000
0.81500
1.48100
1.07900
1.39500
1.52300
1.68000
1.67800
1.40400
1.06200
1.16700
1.19600
1.23100
1.17900
1.37800
1.04300
1.10100
1.21600
0.88300
0.78800
0.84400
0.87700
0.94800
1.07900
1.25300
1.20800
1.31300
1.28000
1.40900
0.91800
1.38300
1.40500
1.42700
1.42600
1.26700
1.39000
1.55400
1.72200
1.64100
1.41600
1.40300
1.39900
1.67200
1.62900
1.55900
1.32600
1.66700
1.06900
1.27800
1.32700
1.31900
1.22400
1.63100
1.73300
1.66400
1.22400
1.31200
1.39700
1.41700
1.19300
1.22400
1.39700
1.13200
1.19900
1.36100
1.19000
1.15000
1.29200
1.16000
1.14800
1.18900
1.27500
1.44100
1.13500
0.96600
1.03200
1.05200
1.20300
1.30200
