 12.1 
 12.5 
 12.8 
 12.8
 12.8 
 12.9 
 12.9
 12.9 
 13.0
 13.0
 13.0
 13.1
 13.2
 13.2
 13.3
 13.4
 13.5
 13.7
 13.9
 14.0
 14.1
 14.2
 14.1
 14.1
 14.1
 14.1
 14.1
 14.1
 14.1
 14.1
 14.2
 14.2
 14.3
 14.4
 14.6
 14.7
 14.8
 15.0
 15.1
 15.3
 15.4
 15.5
 15.5
 15.7
 15.8
 15.9
 16.2
 16.2
 16.3
 16.4
 16.5
 16.6
 16.8
 16.9
 17.0
 17.1
 17.3
 17.5
 17.6
 17.9
 18.1
 18.4
 18.8
 19.2
 19.4
 19.6
 19.9
 20.1
 20.5
 21.2
 21.9
 22.7
 23.3
 24.3
 25.5
 26.4
 27.4
 28.4
 28.6
 30.2
 31.0
 31.8
 32.6
 34.5
 35.3
 36.1
 36.8
 37.7
 38.2
 39.0
 39.7
 40.6
 41.3
 42.4
 43.4
 44.7
 45.7
 47.0
 47.8
 48.8
 50.0
 51.1
 52.2
 54.3
 55.3
 56.6
 58.6
 60.3
 61.6
 62.9
 64.0
 65.5
 65.2
 65.4
 66.2
 67.2
 68.1
 69.7
 71.3
 72.7
 74.4
 75.6
 77.6
 79.8
 81.4
 82.6
 84.0
 85.5
 87.0
 88.5
 90.2
 92.0
 92.9
 95.2
 97.4
 99.2
100.9
102.5
103.3
106.0
105.8
106.0
106.6
107.6
107.6
107.3
107.4
107.9
108.9
109.3
109.8
110.0
110.4
111.2
111.9
112.8
114.7
116.2
