5.4
5.4
5.1
4.8
5.5
6.1
6.4
6.8
6.4
6
6.1
6.1
5.3
5.5
5.7
5
5.8
9
10.4
9.9
10.7
9.7
8.8
8.1
8.4
6.4
6.7
7.4
9.1
11.9
12.5
11.8
11.1
13.1
12.3
9.7
7.7
7.6
8.1
8.9
10.4
13
13.2
12.3
11.5
12.8
12.2
10
8.1
7.3
7.4
7.9
9.6
12.1
13.1
12.4
11.1
11.7
10.3
9.3
8
7.4
6.9
7.6
8.9
12.2
11.4
10.3
9.5
9.6
9.8
8.4
7.4
6.7
6.4
7.1
9.2
10.7
10.6
9.3
9
8.9
8.1
7.2
5.7
5.8
5.8
6.2
6.9
9.1
9
8.7
8
7.8
8.7
7.4
6.1
5.3
4.9
5.1
6
7.4
7.5
7
6.4
6.6
6.2
5.6
5.1
5.2
5.2
4.8
5.2
6
6.6
7.1
6.4
6
5.9
5.2
4.9
4.7
4.7
5
5.6
7
6.6
7.1
6.5
6.6
6.2
6.3
5.7
5.8
5.5
5.7
6.4
9.3
9.3
8.6
7.7
9.4
9.7
9.2
6.2
6.3
6.1
7.2
8.6
11.5
12.2
12
12
13
12.5
11.2
10
6.9
7.1
7.7
10.6
13
13.5
12.6
12.3
11.3
11.2
10.8
8.2
7.6
7.1
6.8
9.2
11.5
12.4
11.7
12.1
12.5
12.5
10.6
8.3
7
7.1
7.8
10.1
12.6
13.1
12
11.3
11
10.5
8.8
7.2
6.8
6
6.1
7
9.2
9
8.6
8.4
8.7
7.8
6.3
6.1
6
5.6
5.8
7
8.6
9.2
8.8
8
7.5
6.5
5.5
4.8
5.2
5
5.3
6
7.2
7.6
7.3
6.4
6.2
5.2
5.2
4.8
4.8
4.3
4.7
6
6.2
6.5
6.3
5.9
5.7
5.5
5
