  0.1080
     0.1660
     0.1260
     0.1150
     0.1190
     0.1760
     0.1550
     0.1180
     0.1360
     0.1370
     0.1240
     0.1310
     0.1200
     0.1330
     0.0670
     0.0860
     0.1400
     0.1220
     0.1050
     0.0790
     0.1300
     0.1420
     0.1200
     0.1150
     0.1030
     0.0780
     0.0930
     0.0860
     0.0990
     0.0780
     0.0950
     0.0940
     0.0560
     0.0500
     0.0650
     0.0910
     0.0940
     0.1240
     0.1530
     0.0780
     0.1140
     0.0880
     0.1650
     0.1600
     0.0750
     0.1180
     0.1000
     0.1020
     0.1310
     0.1480
     0.1370
     0.0900
     0.0880
     0.1720
     0.1110
     0.0970
     0.0980
     0.0900
     0.1270
     0.1160
     0.1370
     0.1110
     0.1070
     0.0970
     0.1340
     0.1600
     0.1470
     0.1040
     0.1280
     0.1280
     0.1650
     0.1840
     0.1720
     0.2070
     0.2210
     0.1590
     0.1980
     0.1970
     0.2510
     0.1460
     0.1330
     0.2430
     0.1920
     0.1500
     0.2210
     0.1830
     0.1360
     0.2060
     0.1270
     0.1390
     0.1890
     0.1940
     0.1140
     0.2290
     0.1480
     0.1550
     0.1060
     0.1560
     0.0530
     0.1120
     0.0840
     0.1910
     0.1490
     0.1430
     0.0940
     0.1840
     0.2050
     0.2060
     0.1910
     0.1950
     0.1790
     0.2720
     0.2030
     0.1650
     0.1380
     0.2160
     0.1320
     0.1200
     0.0830
     0.1180
     0.1250
     0.1090
     0.1190
     0.1540
     0.1220
     0.1260
     0.1260
     0.1300
     0.1580
     0.1410
     0.1450
     0.1270
     0.1710
     0.1520
     0.2110
     0.3090
     0.2420
     0.3800
     0.3620
     0.3280
     0.3590
     0.3520
     0.3220
     0.3330
     0.3650
     0.3670
     0.3050
     0.2980
     0.3070
     0.3180
     0.2800
     0.2980
     0.3360
     0.3390
     0.3440
     0.3100
     0.3170
     0.3690
     0.3200
     0.2900
     0.3610
     0.2350
     0.3200
     0.3370
     0.2890
     0.3390
     0.1870
     0.4140
     0.3730
     0.2650
     0.3160
     0.2450
     0.3280
     0.3680
     0.2870
     0.3690
     0.4060
     0.3160
     0.3620
     0.3080
     0.2860
     0.4200
     0.2990
     0.3830
     0.3540
     0.4180
     0.4250
     0.4450
     0.4080
     0.2820
     0.4100
     0.4250
     0.3580
     0.3930
     0.3750
     0.2730
     0.2370
     0.3310
     0.3350
     0.3950
     0.3570
     0.2960
     0.3070
     0.3900
     0.2980
     0.3810
     0.3540
     0.4360
     0.3570
     0.4270
     0.4320
     0.4500
     0.5300
     0.4310
     0.4200
     0.4110
     0.4230
     0.4330
     0.3930
     0.3890
     0.3870
     0.4390
     0.4210
     0.3630
     0.4010
     0.3940
     0.4590
     0.4410
     0.3880
     0.3730
     0.3850
     0.3140
     0.3470
     0.4080
     0.3410
     0.3610
     0.4140
     0.3800
     0.2740
     0.3520
     0.4390
     0.3550
     0.4350
     0.4080
     0.3830
     0.3570
     0.3740
     0.3660
     0.3460
     0.3810
     0.3290
     0.4740
     0.3970
     0.4360
     0.4170
     0.4300
     0.3880
     0.4530
     0.3160
     0.4140
     0.3960
     0.4200
     0.4320
     0.4530
     0.4300
     0.3270
     0.3880
     0.3770
     0.4660
     0.4780
     0.3650
     0.4720
     0.3990
     0.3910
     0.4730
     0.3840