  .372478E-01
  .227248E+00
 -.592751E+00
  .557248E+00
 -.222751E+00
  .207248E+00
 -.627516E-01
 -.212751E+00
  .724806E-02
  .397248E+00
  .172483E-01
  .217248E+00
  .317248E+00
 -.482752E+00
 -.202751E+00
 -.102753E+00
  .267249E+00
  .537248E+00
 -.392752E+00
  .177248E+00
  .517248E+00
 -.332751E+00
  .724806E-02
  .497248E+00
 -.722751E+00
  .327249E+00
 -.652752E+00
  .417248E+00
 -.402751E+00
 -.327519E-01
  .197248E+00
  .772487E-01
 -.522752E+00
 -.127514E-01
  .277249E+00
 -.782752E+00
  .497248E+00
  .127249E+00
  .372478E-01
 -.122751E+00
  .187248E+00
 -.327519E-01
  .677248E+00
 -.242752E+00
 -.782751E+00
  .372478E-01
 -.275122E-02
 -.192752E+00
 -.102752E+00
 -.127514E-01
  .872480E-01
 -.412752E+00
 -.127514E-01
  .477248E+00
 -.427521E-01
 -.392752E+00
 -.152752E+00
  .272485E-01
  .517248E+00
 -.482752E+00
  .227248E+00
 -.542751E+00
  .417248E+00
 -.275122E-02
 -.492752E+00
  .872480E-01
  .372487E-01
  .227248E+00
 -.372752E+00
 -.227517E-01
 -.827511E-01
  .187248E+00
 -.112752E+00
  .337248E+00
  .672485E-01
 -.627516E-01
 -.222751E+00
  .417248E+00
 -.252751E+00
  .377248E+00
 -.327509E-01
  .147247E+00
  .572492E-01
  .557248E+00
 -.292752E+00
  .767248E+00
 -.232752E+00
 -.275122E-02
  .277248E+00
  .257249E+00
 -.292752E+00
 -.327519E-01
  .724901E-02
  .137248E+00
 -.302751E+00
  .127248E+00
  .237249E+00
 -.382752E+00
  .297249E+00
 -.132752E+00
  .197249E+00
 -.672751E+00
 -.227517E-01
  .447248E+00
  .137249E+00
 -.212752E+00
  .457249E+00
 -.282752E+00
  .187248E+00
 -.227517E-01
 -.222751E+00
  .327248E+00
  .357248E+00
 -.502751E+00
  .177248E+00
 -.342751E+00
  .407248E+00
 -.522752E+00
  .972482E-01
 -.192752E+00
  .127249E+00
 -.382752E+00
  .327249E+00
 -.527514E-01
 -.202752E+00
  .137248E+00
  .472490E-01
  .187248E+00
 -.522752E+00
  .207248E+00
 -.152752E+00
  .117249E+00
 -.172752E+00
  .167249E+00
 -.262751E+00
  .237248E+00
 -.242751E+00
  .147248E+00
  .347248E+00
 -.827521E-01
  .267248E+00
 -.362752E+00
 -.142752E+00
 -.182752E+00
  .227248E+00
  .572482E-01
 -.927514E-01
  .237249E+00
 -.392753E+00
