4742      
6128
6494      
5379
6011      
7003      
9164
10333
9614
9545
10096
13277
15711
13135
13077
15453
15995
18071
20291
20175
18975
17928
19782
26055
29856
26879
24485
27745
27282
29418
29908
29278
26002
23826
22302
27565
31486
28207
27669
27559
27924
27528
27410
24887
21904
19598
19037
22469
23781
20020
18177
17732
16765
16310
14897
12940
11465
10364
11738
17633
19257
20941
29718
35025
45110
57154
61499
62090
59561
48531
47541
56756
56755
49740
45870
49136
47256
46324
45453
42333
36851
33952
33392
43153
46178
40482
36394
37142
36424
38188
37174
31869
26575
21758
20978
29555
28649
24226
21955
19937
18287
18129
17072
14924
12491
11160
10658
15451
15831
13698
12111
12690
12585
12855
12137
10977
9993
9614
10459
20509
19490
17611
16206
17560
18082
19482
19200
18918
17375
16122
17269
26261
24911
21969
21956
20944
22200
24002
22951
20143
17187
15287
17394
26321
26943
23735
20744
21090
21502
21275
19426
16798
14209
13357
14766
25092
23460
19551
15898
16012
16054
15910
13873
11854
10138
9942
11262
19601
17778
13854
12681
11328
11946
13043
12785
11937
11383
10282
11316
19652
18337
16779
15504
17258
18264
19184
19453
18741
19087
18171
20825
36441
37486
37303
37639
36536
35850
41581
42979
42490
37992
32454
34049
47598
48622
39868
34511
37234
36675
37945
36593
31669
28682
25944
28443
40232
46847
38315
32600
33349
30598
32009
37599
45999
54945
68394
85735
140772
182260
184177
157547
168471
159020
160748
169631
170927
179898
176471
184528
231311
248619
215342
192024
178765
182397
188423
197159
198648
195864
194125
192866
215655
229415
245395
236383
226807
239984
250309
253809
254863
249551
254085
238332
256223
269896
298455
290356
283308
272384
286091
290718
285424
284642
279874
278829
311279
341877
357463
334400
332572
318905
311232
310000
303800
299566
286241
282902
297782
334495
334265
316776
309300
308989
311232
313943
303555
290386
283822
284842
299500
339700
347400
325500
315200
314900
314500
313700
318500
306000
299500
289800
304700
351425
372288
358536
356004
375626
390664
404840
421856
446341
465959
493446
562592
601931
632837
622819
622162
633272
635002
634020
622103
610379
599100
591442
629214
674424
667059
626653
602100
600344
584506
580347
570553
565348
555279
552893
576900
636841
636342
599092
580700
568574
561400
553644
541022
534700
522587
520756
552300
609987
603156
578700
568400
569966
569761
573989
573735
566245
556055
540527
560166
623079
619978
592892
582102
561698
550850
536522
525650
515893
492248
481236
495772
517127
511023
493993
483400
481469
475070
472806
458767
441201
428578
419052
420900
448572
441100
409708
393323
391918
390001
383839
377968
368060
360246
357443
374530
385727
398961
390149
391108
411171
427931
441335
450824
452304
457658
480083
523798
567249
580777
596890
616326
647415
676706
701677
709801
718748
720754
730105
751348
779868
816124
818102
826297
838390
851831
856505
