 -.102014E+01
 -.520140E+00
 -.920134E+00
 -.320128E+00
  .779863E+00
 -.202013E+01
  .979860E+00
 -.120131E+00
  .479860E+00
 -.201251E-01
 -.520140E+00
 -.420134E+00
  .157987E+01
  .979860E+00
  .177988E+01
  .297986E+01
 -.420134E+00
 -.112013E+01
 -.142013E+01
  .279863E+00
  .327986E+01
  .798657E-01
  .979875E+00
  .317986E+01
  .679872E+00
  .279863E+00
  .287987E+01
 -.142013E+01
  .579866E+00
 -.252014E+01
  .179872E+00
 -.192013E+01
 -.182014E+01
  .279878E+00
  .798657E-01
 -.212015E+01
 -.152013E+01
 -.520140E+00
 -.312013E+01
 -.120131E+00
  .179857E+00
  .379869E+00
 -.420134E+00
  .579866E+00
  .579866E+00
  .377986E+01
  .157987E+01
 -.312013E+01
 -.192013E+01
 -.112013E+01
 -.172014E+01
 -.212013E+01
 -.152014E+01
 -.520125E+00
 -.212013E+01
 -.222014E+01
  .117986E+01
  .279878E+00
 -.142013E+01
 -.192013E+01
 -.112015E+01
  .127988E+01
 -.620147E+00
 -.201251E-01
 -.222014E+01
  .379869E+00
  .279863E+00
 -.242013E+01
 -.720137E+00
 -.102013E+01
  .879853E+00
 -.182013E+01
 -.720137E+00
 -.132013E+01
 -.420134E+00
 -.420134E+00
  .137987E+01
  .879853E+00
  .479875E+00
 -.720137E+00
  .187987E+01
  .798657E-01
  .177986E+01
  .879869E+00
  .147986E+01
  .107987E+01
  .407987E+01
  .127986E+01
  .437987E+01
  .207987E+01
  .979875E+00
  .307987E+01
  .277986E+01
  .107987E+01
  .279863E+00
 -.120131E+00
  .979860E+00
 -.520125E+00
 -.220137E+00
  .117986E+01
 -.820128E+00
  .479860E+00
  .179872E+00
  .579866E+00
 -.292013E+01
 -.182013E+01
  .779863E+00
  .117986E+01
 -.120131E+00
  .187987E+01
  .279863E+00
  .879869E+00
  .779878E+00
 -.620147E+00
  .979860E+00
  .257987E+01
 -.820128E+00
  .879853E+00
 -.132013E+01
  .779878E+00
 -.122015E+01
 -.142013E+01
 -.122012E+01
 -.520140E+00
 -.192013E+01
 -.120116E+00
 -.220153E+00
 -.920134E+00
 -.520140E+00
 -.120116E+00
  .879853E+00
 -.152014E+01
 -.520110E+00
 -.920134E+00
 -.120146E+00
 -.112015E+01
  .279878E+00
 -.920134E+00
  .179872E+00
 -.720153E+00
 -.220122E+00
  .167987E+01
  .107987E+01
  .137985E+01
 -.201404E-01
 -.920134E+00
 -.142013E+01
 -.201099E-01
  .798657E-01
