0.142
-2.197
0.211
0.224
1.537
1.221
0.167
-1.144
-0.286
-0.398
0.962
1.004
0.891
-0.427
-0.453
-0.397
-0.029
-0.280
-0.414
0.012
-2.085
-0.885
-0.773
1.151
1.366
-0.492
-0.513
0.535
0.875
0.078
0.743
-0.491
0.632
-0.945
0.893
1.272
-0.944
1.219
-0.367
-1.752
-1.073
2.041
0.916
0.271
-1.030
-0.025
-1.147
0.976
-0.239
-0.443
-1.182
-0.475
-0.447
2.558
0.009
-0.709
-2.138
-1.543
-0.163
0.208
1.677
1.984
-1.408
-0.336
0.685
1.940
-1.487
0.016
-0.365
0.040
-0.469
1.755
1.178
0.875
-0.247
0.053
1.597
-0.755
1.526
-1.048
-0.644
-1.568
-1.376
2.139
0.716
0.271
-0.466
1.358
1.201
0.955
1.115
-0.783
-1.360
-1.406
0.897
0.275
0.163
-0.785
0.061
0.363
