1.391
0.086
-1.172
-1.011
-0.907
1.006
-0.787
-0.526
0.793
-0.622
0.764
-0.225
0.233
-0.068
0.810
-1.566
-0.996
1.621
0.672
-0.824
1.376
0.208
-0.099
-0.394
0.130
-1.665
0.930
-1.091
1.666
-4.027
2.989
-1.592
0.595
-0.720
0.664
-0.761
1.006
-0.337
1.207
-1.234
0.192
1.931
-1.287
1.243
-2.433
1.265
2.235
-1.657
-0.192
0.933
-0.349
-0.626
0.535
-0.401
-1.468
1.651
-1.758
1.704
-1.102
-0.689
-0.010
1.217
-1.237
0.041
0.789
-0.865
0.442
0.844
-0.288
0.994
0.328
0.805
-1.823
0.692
-0.667
0.536
1.802
-2.973
3.513
-1.892
-0.929
1.805
-0.709
0.312
-0.767
-0.188
-1.118
0.242
0.950
-0.524
0.719
0.207
-0.326
-1.158
-0.567
2.004
-1.883
-1.058
0.996
0.685
-0.862
-0.430
-0.408
-0.461
-0.115
1.970
-0.647
-1.523
1.139
-0.216
1.260
-0.959
0.454
0.695
-0.906
-1.192
0.040
0.956
-0.034
-0.856
0.952
1.379
-2.713
1.143
-1.520
0.268
1.356
-2.130
0.246
0.656
-0.534
2.100
-1.160
0.296
0.773
-1.420
1.381
0.638
0.429
-1.118
0.269
-0.781
0.264
1.216
-1.717
0.118
0.275
-0.689
1.117
0.368
-0.386
-0.041
-1.377
1.339
-0.386
1.279
-0.040
0.829
-0.486
-1.895
