-0.202         400 simulated observations of an MA(1) process.
-0.690         BD, Example 10.6.2
-0.482
-0.501
-2.370
-0.472
-0.578
-2.441
0.119
-0.010
1.451
2.442
-1.935
-2.009
1.959
-0.407
-1.593
0.608
0.280
-0.548
-1.341
-0.490
0.860
0.685
0.664
0.413
-1.712
-2.303
-1.276
-0.891
0.211
0.877
1.224
0.866
-0.110
-1.054
-0.970
0.648
1.640
1.547
0.653
0.755
0.552
-0.191
-0.938
-1.260
-0.334
1.832
1.621
0.098
2.804
2.212
0.199
1.957
2.130
1.293
0.460
0.130
-0.687
-1.681
-0.562
1.308
1.477
-1.807
-2.261
-0.454
0.569
0.955
-0.415
-2.810
-3.127
-2.135
0.535
1.879
1.175
1.240
0.243
-0.383
-1.390
-1.529
-1.864
-1.960
0.392
1.007
0.506
1.651
1.227
-0.368
-0.274
-0.052
0.115
0.204
-0.824
0.461
0.569
0.555
0.684
-2.047
-1.643
0.634
-0.487
-0.490
2.184
2.539
2.379
3.335
1.967
0.218
-0.124
0.196
-0.630
-0.948
1.607
2.604
2.199
2.022
1.096
-1.652
-2.764
-0.976
0.395
-0.367
-1.689
-1.388
-0.917
1.036
2.016
-0.021
0.438
0.674
0.060
1.244
0.881
0.692
1.357
1.902
1.635
0.519
0.301
-0.748
0.129
-0.173
-0.487
0.319
-1.708
-1.922
-1.620
0.029
-0.889
-4.079
-0.528
0.912
-0.185
1.484
2.419
1.371
-0.111
-0.809
0.129
0.328
-1.918
-1.266
-1.154
-3.416
-3.520
-0.239
-1.009
-3.393
0.338
1.506
-2.291
-0.102
1.327
0.595
1.626
0.183
0.577
1.563
-0.172
-0.747
0.390
-0.487
1.262
1.623
-0.035
-0.021
-0.166
0.394
-0.302
0.293
0.567
-0.158
1.636
0.681
-0.338
2.520
2.127
1.031
3.205
2.473
0.500
1.045
1.418
2.133
2.190
1.330
0.217
0.096
0.470
0.758
-0.001
0.658
0.733
-0.016
-0.393
-0.776
0.981
-0.455
-0.645
0.828
-0.968
-0.666
1.825
1.958
-0.526
-2.022
-0.070
-0.154
-0.337
1.105
1.203
0.101
-0.157
0.373
-2.498
-2.161
-0.214
-1.024
1.767
1.456
-2.029
-0.663
0.164
0.888
2.047
-1.611
-2.073
0.876
-0.049
-1.405
-0.640
0.611
-2.393
-3.318
-1.889
-2.022
0.574
1.569
0.529
1.210
0.650
0.004
1.004
0.100
0.067
0.194
0.485
-0.863
-0.241
1.123
0.063
-0.062
-1.104
-0.671
0.657
1.011
2.004
1.901
0.637
2.243
1.925
-0.866
0.414
-0.379
-2.160
-1.134
-1.589
-0.742
1.580
0.291
0.133
1.330
0.107
-1.747
-0.701
2.709
3.649
1.464
0.732
-0.751
-1.403
2.993
2.389
-1.928
0.184
1.623
0.873
0.758
-0.279
2.110
2.646
0.457
-0.168
-0.159
-1.739
-0.403
2.513
1.474
0.562
1.223
0.959
1.673
3.735
1.294
-1.544
-0.571
-1.089
-1.514
-2.689
-2.106
0.694
0.295
-0.456
0.140
-0.475
-0.619
-0.089
-1.850
-2.723
-1.215
0.233
-1.839
0.050
2.426
-0.530
-0.490
0.001
0.037
1.081
1.863
0.700
-0.102
-0.296
0.544
1.343
0.419
-0.091
-0.071
-0.559
0.646
-0.278
-2.184
-0.533
0.902
0.547
-1.532
-2.717
-2.214
-1.860
-2.807
-2.063
-1.716
0.055
1.126
0.548
1.791
1.488
0.002
-0.005
-0.314
-0.430
1.980
2.752
1.426
0.103
-0.967
-0.236
0.191
-0.412
1.975
2.460
0.689
-0.303
0.110
2.680
2.462
0.099
-1.044
0.900
1.636
