0.048
-0.372
-0.456
-0.547
-1.706
-1.415
-1.018
-2.480
-1.390
-1.104
-0.255
1.008
-0.980
-2.048
0.025
-0.498
-1.682
-0.629
-0.512
-0.921
-1.554
-1.416
-0.532
-0.284
-0.156
-0.130
-1.327
-2.323
-2.139
-2.026
-1.400
-0.711
-0.211
-0.048
-0.528
-1.189
-1.524
-0.714
0.193
0.596
0.350
0.351
0.376
-0.115
-0.678
-1.242
-0.956
0.307
0.922
0.174
1.588
2.127
1.011
1.818
2.341
2.076
1.625
1.199
0.623
-0.385
-0.215
0.845
1.440
-0.187
-1.325
-0.642
-0.025
0.570
-0.022
-1.587
-2.676
-2.554
-1.332
0.223
0.258
0.665
0.228
-0.176
-0.982
-1.458
-1.921
-2.345
-1.272
-0.355
-0.402
0.454
0.660
-0.112
-0.388
-0.273
-0.273
-0.102
-0.718
-0.260
0.131
0.109
0.422
-1.119
-1.661
-0.503
-0.748
-1.001
0.586
1.543
1.896
2.861
2.689
1.631
1.120
1.013
0.529
-0.076
1.181
2.332
2.596
2.791
2.453
0.799
-0.737
-0.395
0.360
0.210
-0.744
-0.985
-0.904
0.130
1.286
0.581
0.559
0.918
0.532
1.200
1.302
1.211
1.677
2.207
2.407
1.879
1.580
0.901
0.917
0.965
0.430
0.940
-0.242
-0.916
-1.086
-0.422
-0.522
-2.716
-1.704
-0.231
-0.640
0.459
1.459
1.510
0.653
0.072
0.198
0.552
-0.810
-1.036
-1.046
-2.563
-3.458
-2.070
-1.874
-3.516
-2.009
-0.526
-2.256
-1.794
-0.371
-0.567
0.350
-0.139
-0.053
0.698
0.066
-0.626
-0.120
-0.481
0.251
1.081
0.250
0.150
-0.076
0.197
-0.095
0.028
0.400
-0.007
0.931
0.946
0.163
1.682
2.228
1.731
3.009
3.334
