-0.072
18.190
12.841
8.595
6.858
-4.496
111.598
78.619
55.203
44.636
31.312
21.875
15.513
152.008
106.635
75.566
53.850
37.957
26.301
4.429
3.068
1.324
1.764
2.221
4.901
4.135
-0.461
1.106
0.679
0.441
0.232
-0.062
-0.003
-0.314
-0.603
1.028
3.238
1.640
-2.110
-1.967
-1.830
-1.444
19.475
13.927
4.185
2.570
1.430
0.490
0.905
1.897
1.433
4.627
3.818
5.345
2.215
-16.183
-10.958
-4.538
-2.453
-1.261
-0.720
1.365
0.823
26.456
15.551
11.023
7.979
5.434
9.346
6.164
3.351
1.459
1.851
1.634
0.213
1.091
1.310
1.965
1.371
106.012
71.964
42.987
28.805
20.346
16.184
11.453
7.757
5.037
3.063
6.184
3.253
3.283
1.285
2.838
0.157
0.413
-5.246
-11.162
121.228
84.563
60.212
43.479
30.025
20.212
14.327
7.003
4.039
-6.666
-5.723
-3.403
-2.243
-2.073
-4.472
-4.632
-4.673
-4.034
-0.784
-0.275
0.436
-0.096
-1.178
0.010
20.210
17.085
11.240
7.900
5.657
4.548
2.409
0.630
0.691
-1.102
-0.650
1.940
0.789
-2.763
-1.682
-1.259
-1.460
-0.259
2.430
1.261
-0.286
0.994
-2.272
-1.528
0.887
8.222
6.433
2.031
3.373
3.833
4.807
1.749
-1.244
0.088
-0.637
-0.586
0.457
0.306
-0.643
0.194
3.911
2.469
3.722
0.029
2.832
4.189
2.572
1.926
-3.479
-3.077
0.070
-0.221
-3.088
-1.198
-0.894
-3.200
-2.974
-0.313
-0.915
1.226
1.282
5.883
9.658
6.782
5.200
14.680
9.938
8.433
4.663
4.367
-3.277
-2.089
-1.603
14.171
10.123
8.030
4.505
2.746
