-1.911
0.684
-0.285
-2.149
-0.483
-0.903
-0.665
0.033
-5.324
-2.245
0.057
2.075
0.847
0.796
0.118
-0.922
0.239
0.202
-0.870
-0.525
-1.831
-1.279
0.678
4.399
-0.814
-0.859
-0.126
0.311
-0.119
-0.172
-0.329
1.076
1.394
-0.707
-0.396
0.349
-2.735
-0.187
0.937
-2.988
7.965
3.368
-0.134
1.049
0.669
-0.438
-8.718
0.867
1.940
-5.185
-3.509
0.259
1.138
6.968
3.785
2.156
-0.451
-0.642
2.711
5.832
5.604
-3.723
-2.301
2.593
1.212
-0.381
0.322
8.015
-3.470
-3.360
3.579
2.459
-0.520
0.112
0.445
0.426
1.067
1.569
2.710
1.027
-1.325
0.246
-0.842
-2.053
-1.357
-12.883
-4.759
0.308
0.256
0.464
-0.826
-0.349
223.767
88.616
-0.493
-0.103
1.006
-0.613
2.425
-37.871
-15.365
-0.408
-3.599
-2.060
0.321
26.333
9.705
0.138
-6.712
-6.882
0.836
0.060
1.826
0.324
8.173
1.291
-1.259
-1.603
-0.224
0.017
-0.294
2.302
2.241
-3.557
-15.314
-3.831
0.485
-2.432
-0.944
0.181
-2.588
0.962
-2.280
-2.169
-0.970
-7.059
-1.979
0.638
-11.681
-10.242
-2.053
-0.617
0.249
1.692
-1.572
-1.262
0.915
17.640
12.247
-1.999
-0.207
-0.748
-5.027
8.171
4.954
-0.143
0.101
-0.014
-0.379
-0.609
-27.305
-11.505
-1.970
-1.920
-0.342
-0.338
5.198
1.322
0.490
6.631
5.319
0.732
3.072
5.568
3.748
1.003
0.570
-7.270
-4.296
1.040
1.113
0.646
2.285
0.394
6.498
1.924
0.558
1.222
0.809
-0.409
1.581
1.418
-15.473
-8.355
-3.223
-8.698
-5.362
-5.092
0.068
0.162
