2.35529
3.97812
4.68998
4.76872
4.51269
4.46574
3.15743
2.80433
3.12643
2.23670
1.72745
0.60372
-0.07420
-1.59202
-2.45998
-2.01945
-1.74457
-1.84849
-3.04644
-4.41689
-6.11269
-7.85280
-10.21754
-12.17186
-14.19516
-13.36829
-12.66769
-11.86291
-9.79885
-7.15658
-6.78851
-7.23582
-7.22482
-7.51158
-7.94588
-6.52517
-6.20661
-5.36547
-5.48722
-4.41160
-3.56551
-2.38470
-0.67871
1.82081
4.98448
7.90982
10.95520
14.66206
18.21799
20.21167
20.72451
21.38262
21.46560
22.62539
23.38983
23.37781
22.73517
22.32486
21.39278
20.42269
20.17254
20.10231
21.85471
24.78262
26.75943
27.80584
26.67552
24.99831
25.40102
26.32479
29.55460
31.43178
32.87692
34.16300
36.58532
38.28238
39.30827
41.30084
43.14825
44.14237
43.80638
43.32075
43.96524
42.95986
40.63035
39.79926
39.42160
38.17426
35.54543
33.16446
29.67088
26.68562
25.22821
25.61048
27.41360
28.72619
27.50701
25.34407
24.31539
23.86783
25.07933
27.61560
29.41568
29.46099
28.39221
28.82964
28.23829
26.42978
26.11173
25.85741
26.38761
27.14765
27.12752
28.42725
29.90639
31.92018
33.79117
35.27895
36.05540
35.71111
35.31327
36.32458
38.04168
40.49825
43.24348
44.53748
44.59506
44.66600
45.54657
46.40500
47.16366
46.92207
46.63551
48.39925
48.22291
49.83832
51.86087
53.01292
55.01277
57.05932
60.92378
65.11794
69.95896
72.87776
76.03131
78.92613
79.52071
80.56388
82.47683
83.23601
83.52681
82.63753
82.21608
82.26743
82.92201
83.90839
84.05912
83.55289
81.31308
76.75011
70.99807
66.86860
64.33958
61.98777
59.70756
57.68674
56.43822
55.89503
54.62747
54.38974
52.59788
50.08789
47.04164
45.29583
44.26649
44.43901
43.77127
42.40905
41.81829
40.24721
39.22478
38.72275
37.55967
36.65595
34.95921
32.29345
32.41226
33.11725
33.77816
33.56976
32.78857
33.88009
34.96359
34.75066
34.13862
31.96639
30.02671
29.22991
27.89676
26.96949
