-1.31814
0.03600
0.13669
-1.14468
-0.42578
-1.49726
-1.86853
-2.32725
-2.53741
-1.17686
0.29417
0.21091
1.36077
3.43579
2.72695
1.74742
1.05010
1.08487
0.87834
-0.96415
-3.19775
-4.45540
-3.80895
-2.41246
-2.15717
-0.15354
0.41630
-0.28925
-1.00069
-0.35696
-0.48623
1.05189
1.59720
1.16425
0.87870
1.28591
2.29443
1.64392
-0.04053
-0.78707
-0.66266
-2.06411
-2.61691
-2.55274
-0.12385
2.08162
2.89144
1.22976
0.02186
0.02056
-0.64715
-2.46731
-2.63294
-1.78997
-0.46780
1.62595
1.19886
1.13026
1.18946
0.71697
0.14889
0.42727
1.03760
3.18080
4.88401
5.32113
4.34735
4.69119
4.58029
5.87254
6.43470
5.96522
3.98492
2.15258
-1.56099
-2.68791
-3.52350
-2.59520
-1.47523
-1.56388
-0.05822
-1.05728
-0.87647
0.07348
2.50678
3.37541
3.02238
3.93229
2.91023
1.58656
0.45411
-1.21673
-3.36932
-3.56690
-3.26849
-0.72393
-0.47967
1.45448
2.77254
4.68660
6.12523
5.41999
3.64850
2.07264
1.68812
0.24107
-0.72609
-1.57412
-2.24240
-1.60718
-1.33982
-0.50585
1.35392
3.79228
4.61919
5.82302
5.83053
4.09579
3.33286
0.96933
0.53379
0.89483
2.61979
4.17109
5.70561
7.89565
8.36865
6.75253
4.97885
1.83525
-0.60361
-2.02832
-3.77994
-5.84477
-4.95299
-3.16165
-0.72316
1.44275
3.04197
4.77718
3.67732
3.25163
1.70349
1.46982
1.28941
0.00732
0.63508
1.65286
2.64476
2.54642
3.05708
2.84871
2.50338
1.26629
-0.64738
-2.30045
-3.86405
-3.38525
-1.66257
0.33753
3.16703
4.09148
3.53454
2.79480
1.77258
1.27347
0.80155
-0.30573
-1.55325
-2.08779
-2.30894
-0.98899
0.96315
0.67928
-1.07893
-1.38457
-2.82625
-2.92137
-1.17809
0.63382
2.21706
2.47560
1.97825
1.46722
0.45640
0.59456
-0.51444
-1.92008
-1.34226
-1.32736
-0.57960
0.62259
0.74350
1.74969
1.88078
2.71032
5.42859
6.46425
6.14843
5.85380
