4.06414
2.33558
0.60415
-0.89124
-1.96207
-1.04272
-0.94223
-3.33753
-5.55174
-4.21462
-2.87229
-3.84700
-3.98120
-2.20741
-2.12053
-4.44236
-4.63676
-1.66331
0.99540
1.70252
2.91013
3.08603
1.93665
1.27538
0.42687
0.20824
1.99250
3.95577
4.95070
4.66993
2.41566
0.51633
1.04184
1.18718
-0.76121
-1.51547
-1.07243
0.06110
0.62303
0.41751
1.19867
2.04741
1.94311
2.27782
1.90764
1.00885
-0.57917
-1.59016
-0.55849
0.06896
-0.52086
-1.11133
-2.72779
-3.82321
-3.97763
-1.89009
2.31278
4.01837
2.60570
1.74703
1.03858
-0.53587
-2.68762
-3.43723
-1.48874
0.41340
1.63129
2.76007
2.40185
0.08613
-1.96723
-2.07791
-1.77227
0.93424
2.69582
-0.26389
-3.57363
-3.63326
0.38034
3.99672
4.55888
1.54555
-2.71414
-4.02738
-2.49572
0.17161
1.76046
0.40503
-1.83471
-2.70677
-3.01704
-3.64083
-3.63933
-3.00468
-0.44344
2.51511
4.05353
4.18759
5.14700
4.93549
3.09543
2.60762
2.76582
2.17786
1.92670
1.80225
-1.14822
-4.72970
-4.69148
-2.61488
0.45123
4.08718
7.73615
7.55122
3.64810
-1.27937
-4.22337
-4.29321
-1.16142
3.65657
5.49725
3.19377
-1.61093
-4.46066
-3.98349
-2.45430
-1.78819
-2.77542
-4.29287
-4.38777
-1.52036
3.03347
3.30753
1.90155
-0.94924
-1.43691
-0.21318
-1.13126
-4.34694
-5.90279
-3.87993
-0.83390
2.08587
3.99845
3.57148
1.18181
-1.01382
-3.03333
-2.87569
-0.62973
2.30656
4.04284
4.29206
3.02093
1.31452
1.09973
1.33863
0.73258
-1.71729
-2.46777
-0.59782
0.06854
-0.27924
1.24885
3.51861
4.70276
4.33041
1.73130
-0.95947
-4.20884
-6.42919
-5.02002
-1.45174
2.20588
5.23108
5.54492
2.78158
-0.75234
-2.72159
-1.32112
-0.67388
-0.17903
1.21013
2.19912
1.42063
-3.15125
-7.62765
-6.69643
-4.62801
-2.18909
0.78813
2.94979
3.86014
3.08260
1.42973
0.73704
0.47194
0.24337
-1.01138
-2.21181
