-2.533221
-9.075923
-19.16261
-33.12857
-52.81117
-76.74696
-103.2003
-132.4190
-165.8976
-204.0274
-246.0101
-291.2664
-339.8645
-391.4285
-446.3886
-504.7951
-566.7244
-631.5703
-698.1581
-766.6702
-836.0842
-905.3469
-975.1016
-1044.210
-1111.252
-1177.355
-1242.904
-1307.318
-1371.756
-1436.510
-1499.991
-1561.489
-1620.846
-1679.025
-1736.917
-1794.468
-1851.077
-1906.859
-1960.592
-2009.976
-2055.399
-2097.481
-2136.418
-2173.310
-2210.799
-2250.452
-2290.607
-2328.468
-2363.411
-2398.694
-2437.595
-2481.963
-2532.981
-2589.522
-2651.942
-2721.417
-2797.623
-2880.387
-2968.625
-3060.799
-3156.102
-3253.448
-3353.284
-3456.878
-3564.321
-3674.987
-3788.705
-3906.614
-4028.158
-4152.984
-4281.718
-4412.014
-4542.326
-4673.323
-4805.021
-4937.220
-5068.708
-5197.765
-5323.609
-5444.392
-5557.963
-5663.825
-5760.606
-5848.780
-5931.625
-6011.752
-6090.370
-6167.945
-6244.318
-6317.813
-6387.302
-6453.514
-6518.920
-6584.648
-6649.018
-6711.818
-6773.328
-6834.459
-6896.037
-6957.059
-7015.645
-7073.066
-7131.673
-7193.304
-7259.945
-7332.856
-7411.194
-7495.300
-7586.351
-7683.235
-7784.692
-7891.431
-8004.574
-8123.962
-8249.225
-8379.052
-8512.296
-8649.823
-8791.181
-8936.366
-9086.250
-9239.603
-9394.604
-9552.023
-9713.290
-9878.415
-10047.16
-10219.03
-10392.09
-10564.01
-10733.97
-10903.16
-11071.92
-11238.94
-11401.98
-11560.23
-11713.78
-11863.90
-12011.69
-12157.49
-12302.53
-12447.54
-12593.37
-12740.76
-12889.65
-13039.82
-13190.25
-13339.56
-13486.25
-13629.28
-13769.90
-13910.10
-14051.69
-14196.29
-14345.89
-14499.74
-14657.51
-14819.80
-14986.36
-15158.30
-15335.89
-15518.39
-15704.95
-15895.81
-16091.51
-16290.87
-16492.67
-16697.11
-16904.22
-17113.52
-17324.42
-17535.69
-17745.23
-17951.45
-18155.61
-18360.14
-18564.21
-18766.18
-18965.08
-19161.70
-19356.27
-19546.96
-19733.54
-19919.49
-20107.26
-20294.51
-20478.04
-20655.74
-20827.69
-20993.73
-21154.39
-21310.90
-21463.65
-21613.98
-21762.12
-21908.27
-22053.19
-22195.57
-22335.07
-22474.41
