	Yrwk	Orr	Vvd	Cda	D66	Pvda	Glef	trend	wnOrr	wnVvd	wnCda	wnD66	wnPvda	wnGlef
1978-1	7801	6.3636	5.0101	4.9643	3.15	2.75	1.9474	0.0001	22	100	228	41	263	19
1978-2	7802	6.2	4.9846	4.9923	3.4324	2.6868	2.0714	0.0002	21	135	263	37	286	28
1978-3	7803	6.0455	4.9615	5.0844	3.4737	2.6947	2.3462	0.0003	23	132	313	38	338	27
1978-4	7804	5.625	5.0976	5.2417	3.2807	2.9786	2.7727	0.0004	16	130	254	60	345	23
1978-5	7805	6.4706	4.8506	5.0712	3.3333	2.8741	2.08	0.0005	18	162	290	42	305	26
1978-6	7806	6.9	5.0824	5.2551	3.2609	2.8326	2.125	0.0006	10	89	207	24	242	16
1978-7	7807	5.8	4.9685	5.1607	3.25	2.9901	2.5926	0.0007	25	134	237	51	321	28
1978-8	7808	6.2143	5.0226	5.1463	3.7143	2.8503	2.2	0.0008	15	138	258	28	377	27
1978-9	7809	6.3182	4.7863	5.2868	3.4727	2.8082	2.4074	0.0009	22	121	275	61	381	27
1978-10	7810	6	5.0323	5.0772	3.7045	2.8834	2.0313	0.001	9	159	300	48	334	33
1978-11	7811	6.2	5.1181	5.3314	3.5192	3.0052	2.4231	0.0011	27	155	379	55	417	27
1978-12	7812	6.5652	5.084	5.1275	3.4286	2.9009	2.2083	0.0012	24	126	319	43	366	25
1978-13	7813	6.3333	5.087	5.2032	3.46	2.9608	2.2759	0.0013	18	117	339	51	382	30
1978-14	7814	6.125	4.9174	5.2178	3.3585	2.7729	2.3939	0.0014	33	115	372	56	366	36
1978-15	7815	5.9333	5.1863	5.0276	3.5714	3.0123	2.1852	0.0015	15	104	306	52	343	28
1978-16	7816	6.15	5.0102	5.2704	3.62	2.9731	2.4286	0.0016	20	101	326	51	320	37
1978-17	7817	6.0769	5.2188	5.0816	3.1622	3.1	2.2083	0.0017	27	101	303	38	305	25
1978-18	7818	6.2778	5.023	5.1521	3.5652	2.9331	2.2381	0.0018	19	90	222	47	251	22
1978-19	7819	6.125	5.3067	5.1938	3.7	2.7807	2.2857	0.0019	18	80	238	40	193	28
1978-20	7820	6.4	5.2716	5.1398	3.6341	2.8783	2.381	0.002	20	86	249	43	280	23
1978-21	7821	6	4.9681	5.3009	3.6346	2.744	2.1111	0.0021	17	97	241	52	267	18
1978-22	7822	6.5789	5.0769	4.9684	3.7436	2.9876	2.2609	0.0022	24	67	201	41	254	23
1978-23	7823	6.6111	5.0087	4.9737	3.62	2.9277	2.3429	0.0023	18	117	243	52	264	35
1978-24	7824	5.9412	4.9709	5.1259	3.5085	2.8521	2.3077	0.0024	17	111	290	60	275	28
1978-25	7825	6.1429	4.8557	4.8432	3.5556	2.8111	2.4839	0.0025	21	104	244	38	237	33
1978-26	7826	5.5833	4.8767	5.0199	3.3659	2.9512	2.1875	0.0026	12	76	214	44	269	16
1978-27	7827	5.6923	4.8571	4.8156	3.2857	2.8095	2.5833	0.0027	13	45	152	23	184	14
1978-28	7828	6.125	5.209	5.0678	3.5294	2.8135	2.2632	0.0028	9	72	254	54	283	21
1978-29	7829	5.76	5.1935	4.9434	3.6216	2.7054	2.0323	0.0029	25	69	231	42	249	33
1978-30	7830	6.3158	4.9506	5.2757	3.4857	2.8086	2.1538	0.003	20	85	230	36	222	27
1978-31	7831	6.08	5.0476	5.1635	3.5417	3.0833	2.3125	0.0031	26	88	217	26	232	32
1978-32	7832	6.0556	4.9785	5.136	3.5909	3.0269	2.4348	0.0032	20	98	237	45	276	24
1978-33	7833	6.1765	5.2121	5.0508	3.475	2.9563	2.6522	0.0033	17	102	269	42	278	23
1978-34	7834	5.9091	5	5.327	3.5625	3.009	2.4286	0.0034	22	90	335	51	244	22
1978-35	7835	6.1667	5.3204	5.1884	3.5455	2.8458	2.45	0.0035	26	109	288	48	257	22
1978-36	7836	6.4286	5.25	5.0323	3.3333	2.8263	2.52	0.0036	14	104	299	50	288	27
1978-37	7837	6.1053	4.622	5.0549	3.3111	2.9066	2.087	0.0037	21	86	247	47	264	23
1978-38	7838	6	4.8933	5.1286	3.549	2.9119	1.9355	0.0038	16	79	263	56	248	36
1978-39	7839	6.3889	4.7887	5.105	3.625	2.877	2.4444	0.0039	18	76	267	44	275	19
1978-40	7840	6.0625	4.9583	5.0556	3.6809	2.9223	1.9333	0.004	18	99	272	48	313	31
1978-41	7841	6.2759	5	5.0182	3.6471	2.9129	2.05	0.0041	33	105	301	54	357	23
1978-42	7842	6.1111	4.9	5.0249	3.86	2.9959	2.2667	0.0042	18	95	210	52	264	18
1978-43	7843	6.6429	5.1942	5.1374	3.4091	2.9692	2.2059	0.0043	14	108	218	44	276	35
1978-44	7844	6.5	4.75	4.9245	3.7143	2.8689	2.1	0.0044	2	41	113	29	128	10
1978-45	7845	6.125	5.1915	5.0192	3.5294	2.8924	2.625	0.0045	26	99	219	52	242	32
1978-46	7846	6.3077	4.9846	5.033	3.4286	3.0547	2.0625	0.0046	15	69	192	50	214	18
1978-47	7847	5.5556	4.7703	5.1741	3.549	2.9299	2.16	0.0047	11	78	219	52	225	27
1978-48	7848	6.0909	5.0357	5.1292	3.8529	2.9725	2.9615	0.0048	23	57	188	38	233	28
1978-49	7849	6.4286	5.3158	5.0333	3.7568	3.076	2.2	0.0049	16	59	161	38	186	16
1978-50	7850	5.8947	5.1493	5.162	3.4127	2.8395	2.52	0.005	21	73	193	67	254	26
1978-51	7851	6.75	5.3333	5.1183	3.4286	2.7281	2	0.0051	8	78	196	44	246	18
1978-52	7876.5	6.625	5.2681	5.104	3.5182	2.817	2.1852	0.0052	0	0	0	0	0	0
1979-1	7876.5	6.625	5.2681	5.104	3.5182	2.817	2.1852	0.0053	0	0	0	0	0	0
1979-2	7902	6.5	5.2029	5.0897	3.6078	2.9059	2.3704	0.0054	14	71	164	52	211	27
1979-3	7903	5.9333	5.0299	5.1436	3.6579	2.9048	2.2941	0.0055	16	72	186	40	245	18
1979-4	7904	5.75	5.0476	5.1744	3.5116	2.8391	2	0.0056	17	66	207	44	253	14
1979-5	7905	6.3636	5.0723	5.1748	3.5088	2.927	2.8462	0.0057	12	85	222	60	296	14
1979-6	7906	6.6	5.0495	5.1514	3.6667	2.875	2.3214	0.0058	17	103	266	90	385	30
1979-7	7907	5.3684	5.0333	5.0473	3.7444	2.9149	1.9429	0.0059	20	94	299	94	347	39
1979-8	7908	6.2143	5.156	4.9447	3.5147	2.9551	2.2258	0.006	29	117	274	73	333	32
1979-9	7909	6.0476	5.1964	5.0909	3.7439	2.8198	2.4286	0.0061	22	114	298	83	404	43
1979-10	7910	6.6452	4.9558	5.1285	3.4314	2.7019	2.3333	0.0062	32	119	403	106	399	31
1979-11	7911	6.0435	5.0174	5.0815	3.6705	2.9875	2.381	0.0063	26	122	377	92	426	46
1979-12	7912	6.0357	5.0448	5.2434	3.7976	2.9598	2.3333	0.0064	29	144	442	89	456	29
1979-13	7913	5.9655	5.1185	5.1243	3.6196	2.8825	2.3143	0.0065	31	141	369	100	418	40
1979-14	7914	6.3	5.2231	5.1325	3.5405	2.8491	2.3235	0.0066	32	129	353	79	345	34
1979-15	7915	6.04	4.9022	5.1158	3.6613	2.8	2.6333	0.0067	27	93	272	65	312	31
1979-16	7916	6	5.2804	5.3434	3.7123	2.8664	2.5714	0.0068	29	112	278	75	319	28
1979-17	7917	6.0526	5.0575	5.1404	3.6933	2.9174	2.5789	0.0069	19	94	308	83	348	38
1979-18	7918	6.3	5.2121	5.1471	3.4231	2.8387	2.2045	0.007	21	103	280	82	330	45
1979-19	7919	6.1923	5.2752	5.2135	3.6812	2.8203	2.2973	0.0071	32	117	282	70	333	39
1979-20	7920	6	5.2958	5.1921	3.2813	2.877	2.4348	0.0072	16	73	247	69	268	26
1979-21	7921	6.4783	5.0268	5.0493	3.8026	2.9026	2.5714	0.0073	24	117	239	84	292	34
1979-22	7922	6.2727	5.0946	5.3052	3.7288	2.9183	2.2	0.0074	11	75	236	62	226	26
1979-23	7923	6	5.1368	5.1182	3.6667	2.8462	2.1852	0.0075	14	102	214	61	210	27
1979-24	7924	6.2857	5.0104	5.1924	3.6753	2.9137	2.0385	0.0076	22	103	302	79	266	26
1979-25	7925	6.3158	5.0278	5.097	3.8515	2.8207	2.525	0.0077	20	112	344	111	314	45
1979-26	7926	6.3125	5.1444	5.2482	3.4706	2.8934	2.3333	0.0078	18	94	287	92	292	39
1979-27	7927	6.1538	5.2752	5.0563	3.6729	2.8709	2.5	0.0079	27	114	296	112	316	29
1979-28	7928	6.069	5.2233	5.0967	3.7561	2.8788	2.6765	0.008	34	112	288	91	317	38
1979-29	7929	6.3889	5.1549	5.255	3.5833	2.9153	2.2727	0.0081	20	79	223	69	269	33
1979-30	7930	5.9091	5.3271	5.2049	3.4605	2.9664	2.7234	0.0082	22	110	264	79	287	48
1979-31	7931	6.15	5.0847	5.1538	3.525	2.9356	2.3214	0.0083	20	123	286	86	255	28
1979-32	7932	5.8571	4.8403	4.9564	3.7228	2.9267	2.3902	0.0084	37	127	290	106	285	41
1979-33	7933	6.1071	4.9845	5.1111	3.6582	2.947	2.4375	0.0085	29	135	282	83	327	33
1979-34	7934	6	5.0522	4.9125	3.7097	2.8712	2.6667	0.0086	24	117	338	94	321	42
1979-35	7935	6	5.0084	5.1947	3.7212	2.8953	2.35	0.0087	28	124	278	109	293	41
1979-36	7936	6.087	5.2035	5.1045	3.5806	2.9266	2.325	0.0088	23	116	301	100	275	41
1979-37	7937	6.3462	4.9268	5.1897	3.5521	2.9465	2.2821	0.0089	29	126	308	102	329	40
1979-38	7938	6.0714	5.1798	5.173	3.4545	2.9253	2	0.009	18	97	306	70	297	33
1979-39	7939	6.3704	4.9022	5.0449	3.8571	2.9526	2.7273	0.0091	29	94	264	98	281	24
1979-40	7940	6.38975	5.0193	5.0961	3.80355	2.9286	2.4394	0.0092	0	0	0	0	0	0
1979-41	7941	6.4091	5.1364	5.1473	3.75	2.9046	2.1515	0.0093	22	117	345	87	307	35
1979-42	7942	6.2857	5.0792	5.0417	3.6406	2.9088	2.303	0.0094	29	110	276	135	323	36
1979-43	7943	6.0455	5.2685	5.0172	3.6774	2.9535	2.2381	0.0095	23	115	317	130	320	43
1979-44	7944	6.2667	5.015	5.0388	3.5407	3.1122	2.1915	0.0096	16	140	329	138	314	49
1979-45	7945	6.1905	5.3091	5.0963	3.4615	2.9361	2.122	0.0097	22	117	277	121	291	44
1979-46	7946	6.0938	5.0816	5.1736	3.661	2.9239	2.1667	0.0098	34	106	279	118	300	32
1979-47	7947	6.3333	5.2336	5.1059	3.6389	3.0035	2.5625	0.0099	29	110	252	116	302	34
1979-48	7948	6.069	5.2208	5.1724	3.7037	2.834	2.4444	0.01	34	80	214	87	257	37
1979-49	7949	6.3571	5.0976	5.3578	3.6304	2.9545	2.1667	0.0101	14	87	244	100	220	31
1979-50	7950	6.375	5.1264	5.0553	3.3371	2.9412	2.5	0.0102	17	94	239	97	272	31
1979-51	7951	6.1935	5.1889	5.3009	3.7653	2.7778	2.3529	0.0103	32	95	238	103	247	17
1979-52	7976.5	6.253	5.17365	5.1975	3.6243	2.79745	2.37645	0.0104	0	0	0	0	0	0
1980-1	7976.5	6.253	5.17365	5.1975	3.6243	2.79745	2.37645	0.0105	0	0	0	0	0	0
1980-2	8002	6.3125	5.1584	5.0941	3.4833	2.8171	2.4	0.0106	17	105	267	124	280	26
1980-3	8003	6.2143	5.019	5.1921	3.5481	2.9921	2.4483	0.0107	15	116	247	109	268	32
1980-4	8004	6.36	4.9897	5.1077	3.5113	2.8299	2.05	0.0108	28	102	275	139	314	22
1980-5	8005	6.0952	5.396	5.03	3.4957	2.81	2.5417	0.0109	25	113	281	126	246	27
1980-6	8006	6.44	5.0396	5.0041	3.5763	2.7852	2	0.011	26	106	266	129	296	45
1980-7	8007	6.6087	5.2022	5.1536	3.5579	2.9321	2.0789	0.0111	25	97	329	102	345	42
1980-8	8008	6.2381	5.0943	5.2895	3.5913	2.834	2.1087	0.0112	21	109	287	121	265	49
1980-9	8009	5.95	5.0849	5.2538	3.5514	2.9203	2.2037	0.0113	21	115	282	119	276	55
1980-10	8010	6.3913	5.1807	5.1835	3.6701	2.7848	2.2188	0.0114	23	86	286	101	238	34
1980-11	8011	6.16	5.1429	5.2591	3.4615	2.9081	2.2727	0.0115	26	103	324	117	300	34
1980-12	8012	6.4545	5.35	5.2682	3.65	2.6727	2.2632	0.0116	24	89	275	108	303	41
1980-13	8013	5.8182	5.1667	5.126	3.6632	2.8633	2.2093	0.0117	25	112	262	101	278	46
1980-14	8014	6.6957	5.2967	5.2321	3.5893	2.8826	2.2381	0.0118	27	94	314	119	279	46
1980-15	8015	5.875	4.88	5.2099	3.5748	2.84	2.1429	0.0119	21	77	288	135	275	42
1980-16	8016	6.0909	5.2	5.2368	3.7778	2.8206	2.5789	0.012	36	105	321	102	245	41
1980-17	8017	6.4348	5.299	5.1313	3.5217	2.9431	2.3333	0.0121	23	100	313	147	313	48
1980-18	8018	6.3333	5.2796	5.1596	3.4528	3.0705	2.1277	0.0122	21	97	307	113	263	49
1980-19	8019	6.2632	5.0957	5.1137	3.5946	3.06	2.3548	0.0123	20	101	316	115	271	31
1980-20	8020	6.15	5.0964	5.2075	3.57	2.9061	1.9677	0.0124	21	87	290	110	240	35
1980-21	8021	6.3684	5.068	5.128	3.7294	2.8813	2.6579	0.0125	20	106	279	89	235	41
1980-22	8022	6	5.0476	5.1868	3.5593	2.7778	2.1731	0.0126	24	109	280	130	262	55
1980-23	8023	5.9444	4.8991	5.1167	3.6148	2.9868	2.4286	0.0127	20	113	284	134	252	50
1980-24	8024	6.5	5.1053	5.1416	3.7333	2.9318	2.4	0.0128	14	99	246	158	244	48
1980-25	8025	6.55	5.2475	5.0535	3.6952	2.7967	2.0667	0.0129	22	107	271	116	262	48
1980-26	8026	6.1111	5.1649	5	3.5	2.9108	2.1667	0.013	19	104	294	160	233	43
1980-27	8027	6.1739	5.2532	5.246	3.7	2.8883	2.0625	0.0131	23	85	205	129	209	33
1980-28	8028	6.4375	4.9355	5.189	3.8404	2.9719	2.2727	0.0132	16	67	179	99	190	34
1980-29	8029	6.8667	4.8375	5.1856	3.7312	2.7656	2.4348	0.0133	15	87	205	97	209	24
1980-30	8030	6.3636	5.1053	5.0447	3.593	2.8114	2.8571	0.0134	12	58	184	95	196	23
1980-31	8031	6.2188	4.9821	5.202	3.7132	3.0348	2.3158	0.0135	34	116	315	136	246	40
1980-32	8032	6.3529	5.2647	5.0541	3.6835	2.955	2.16	0.0136	18	70	191	82	214	26
1980-33	8033	6.1905	4.9109	5.1405	3.8113	3.055	2.375	0.0137	22	108	263	119	242	42
1980-34	8034	6.1176	4.9694	5.1157	3.656	2.9506	2.4571	0.0138	19	105	289	133	271	41
1980-35	8035	6.0952	5.1429	5.0506	3.6195	2.8008	2.4792	0.0139	24	106	284	121	281	48
1980-36	8036	6.0606	5.0508	4.9626	3.576	3.1346	2.0545	0.014	34	129	322	138	281	60
1980-37	8037	5.65	4.991	5.0892	3.531	2.9041	1.8571	0.0141	21	118	293	121	240	31
1980-38	8038	6.2174	5.1471	5.0584	3.6894	2.9321	2.2128	0.0142	25	109	297	171	279	47
1980-39	8039	6.0357	5.0104	5.2074	3.5077	2.94	2.3333	0.0143	29	107	233	140	279	57
1980-40	8040	6.05	4.7867	5.0619	3.5161	2.9919	2.2051	0.0144	22	81	250	102	278	39
1980-41	8041	6.7619	5.0309	5.017	3.8725	2.8407	1.8621	0.0145	21	106	248	105	245	30
1980-42	8042	6.3529	5.1735	5.0535	3.6132	2.8935	2.1875	0.0146	17	99	261	113	279	35
1980-43	8043	6.381	5.1233	5.0643	3.5686	3.0502	2.1515	0.0147	23	78	263	113	244	33
1980-44	8044	6.5926	5.0211	5.0923	3.5098	3.034	2.1967	0.0148	27	101	294	163	285	65
1980-45	8045	6.2069	5.1515	5.0351	3.6391	2.8357	2.1667	0.0149	29	103	305	137	306	44
1980-46	8046	6.625	5.1053	5.1799	3.623	2.9145	2.4872	0.015	18	82	261	131	248	41
1980-47	8047	6.3	5.2637	5.1727	3.5741	2.8899	2.2564	0.0151	23	95	273	115	245	43
1980-48	8048	6.0909	5.172	4.995	3.4938	2.798	1.9714	0.0152	23	104	219	88	211	37
1980-49	8049	6.2857	5.0513	5.1489	3.8276	3	2.3721	0.0153	21	84	256	92	211	45
1980-50	8050	6.1667	4.9808	5.0704	3.5319	2.9074	2.2222	0.0154	12	111	211	97	183	27
1980-51	8051	5.95	4.9286	5.0894	3.7113	2.8144	2.2955	0.0155	20	89	247	100	210	45
1980-52	8052	6.5714	5.0253	5.139	3.7042	2.7807	2.3438	0.0156	14	82	203	72	209	34
1981-1	8077	6.37945	5.0356	5.10625	3.6449	2.8558	2.4497	0.0157	0	0	0	0	0	0
1981-2	8102	6.1875	5.0459	5.0735	3.5856	2.9309	2.5556	0.0158	17	114	260	116	264	40
1981-3	8103	5.9474	4.9213	4.9139	3.4322	2.8514	2.1515	0.0159	20	90	278	125	273	34
1981-4	8104	6.25	5.0308	5.0249	3.4954	3.0369	2.4545	0.016	16	69	252	114	233	35
1981-5	8105	6.1111	5.1791	4.8427	3.5655	2.907	2.2791	0.0161	27	139	286	148	276	45
1981-6	8106	6.15	5.1887	4.9922	3.4713	2.8602	2.2321	0.0162	20	110	276	162	300	57
1981-7	8107	5.8846	5.2574	4.8884	3.6585	2.6756	2.5556	0.0163	26	107	265	127	235	46
1981-8	8108	6.3333	4.9406	4.8678	3.4057	2.7727	2.4375	0.0164	24	105	254	110	259	49
1981-9	8109	6.5625	5	5.1116	3.4811	2.9095	2.4727	0.0165	16	107	241	108	244	59
1981-10	8110	5.92	5.0737	4.8413	3.4831	2.7753	2.4444	0.0166	27	100	195	91	235	37
1981-11	8111	5.8182	5.0306	4.9067	3.4444	2.7438	2.1778	0.0167	22	102	242	95	253	48
1981-12	8112	5.8649	5.186	4.9817	3.5948	2.7733	2.25	0.0168	38	133	228	122	234	53
1981-13	8113	5.8125	4.9029	4.9619	3.3786	2.8539	2.1395	0.0169	19	105	223	109	229	43
1981-14	8114	5.9714	5.069	5.0658	3.459	2.878	2.3793	0.017	35	118	250	134	265	60
1981-15	8115	5.8636	5.0789	5.0941	3.6069	2.8893	2.3778	0.0171	24	122	304	149	281	49
1981-16	8116	6.1111	5.0303	4.953	3.5402	2.9899	2.1154	0.0172	19	105	244	92	208	53
1981-17	8117	6	5.087	4.9627	3.5052	2.6568	2.16	0.0173	19	95	170	105	177	50
1981-18	8118	6.0909	5.0377	5.0933	3.6832	2.7513	2.3878	0.0174	12	111	203	104	207	52
1981-19	8119	5.7778	5.0455	5.057	3.7059	2.604	2.2979	0.0175	28	134	240	124	264	47
1981-20	8120	6.0556	5	5.0352	3.5867	2.5907	2.375	0.0176	18	100	208	78	225	40
1981-21	8121	6.2308	5.127	5.1471	3.7042	2.8664	2.4667	0.0177	26	130	216	78	259	47
1981-22	8122	5.5385	5.1241	4.971	3.4412	2.5385	2.493	0.0178	28	141	245	105	338	72
1981-23	8123	6.075	5.0253	5.0347	3.6486	2.7213	2.1975	0.0179	42	167	275	152	258	84
1981-24	8124	6.0385	4.9766	5.1529	3.6174	2.7136	2.2436	0.018	27	132	260	130	220	83
1981-25	8125	5.8	5.1074	4.939	3.5806	2.7185	2.1912	0.0181	36	150	264	191	255	70
1981-26	8126	6	4.9853	4.8547	3.586	2.7763	2.3333	0.0182	28	140	254	165	241	62
1981-27	8127	5.8947	5.1164	5.0938	3.408	2.8316	2.098	0.0183	20	149	205	132	205	53
1981-28	8128	5.907	5.0602	4.977	3.5315	2.7773	2.2542	0.0184	44	139	271	147	222	60
1981-29	8129	5.9091	5.0609	5.0222	3.4643	2.756	1.9821	0.0185	35	122	244	115	217	56
1981-30	8130	5.963	5.198	5.0444	3.6486	2.7673	2.4423	0.0186	28	104	231	118	214	55
1981-31	8131	6.2	5.0531	4.9327	3.5794	2.8218	2.2703	0.0187	20	118	234	114	186	37
1981-32	8132	5.9375	5.0602	5.0378	3.5269	2.7488	2.0926	0.0188	33	137	252	95	212	55
1981-33	8133	6.037	4.8333	4.9696	3.6095	2.9158	2.3333	0.0189	29	117	243	113	211	62
1981-34	8134	6.0476	5.0342	5.0212	3.7963	2.8173	2.2791	0.019	22	120	251	110	221	44
1981-35	8135	5.6486	5.1345	5.0864	3.6812	2.6809	2.1837	0.0191	38	126	226	139	252	55
1981-36	8136	6	5.0259	4.9606	3.5841	2.5897	2.2245	0.0192	31	121	267	116	211	49
1981-37	8137	5.5556	5.1275	4.9	3.4522	2.7689	2.1429	0.0193	38	157	304	166	259	71
1981-38	8138	6.125	5.1197	5.0511	3.5338	2.7992	2.5179	0.0194	25	148	295	139	261	57
1981-39	8139	6.1429	4.9466	5.0047	3.4844	2.7163	2.2281	0.0195	22	139	227	141	216	60
1981-40	8140	5.9643	5.0879	4.99	3.5596	3.0417	2.1569	0.0196	29	97	219	118	179	51
1981-41	8141	5.9583	4.9036	5.0275	3.5941	2.8676	2.3617	0.0197	25	88	196	107	227	49
1981-42	8142	6.36	5.1087	4.9091	3.4941	2.8466	2.1667	0.0198	29	100	234	89	186	25
1981-43	8143	5.7	4.8851	4.8582	3.7312	2.6644	2.2258	0.0199	21	93	150	94	158	33
1981-44	8144	5.9444	5.1241	4.9474	3.5603	2.935	2.06	0.02	36	143	242	121	215	50
1981-45	8145	6.3333	4.8493	5.0456	3.75	2.799	2.3469	0.0201	28	154	260	126	206	50
1981-46	8146	6.125	5.0224	4.9409	3.7436	2.8098	2.119	0.0202	27	140	216	124	213	43
1981-47	8147	5.9565	4.8879	4.9744	3.766	2.8314	2.2069	0.0203	24	115	249	100	185	63
1981-48	8148	6.0345	5.0203	5.0617	3.4844	2.6927	2.2326	0.0204	31	153	261	133	206	43
1981-49	8149	6.1852	5.1832	4.9	3.5865	2.7579	1.9636	0.0205	29	134	213	109	196	55
1981-50	8150	5.6087	5.065	4.9447	3.5938	2.869	2.4231	0.0206	25	127	252	102	183	55
1981-51	8151	5.85	4.9556	5.0494	3.5158	2.8049	2.1163	0.0207	21	93	173	102	129	44
1981-52	8152	6.1154	5.1892	4.9944	3.5316	2.9453	2.3	0.0208	26	74	186	80	139	43
1982-1	8201	5.76	4.9462	4.979	3.6378	2.9317	2.4407	0.0209	28	97	243	129	165	62
1982-2	8202	5.7	5.0833	4.9717	3.7073	2.9661	2.3077	0.021	22	133	223	88	130	42
1982-3	8203	6.3214	5.0635	5.1116	3.6488	2.8782	2.2414	0.0211	31	131	269	179	160	62
1982-4	8204	5.8261	4.9815	4.9964	3.6779	2.9045	2.3544	0.0212	27	169	295	159	193	83
1982-5	8205	5.8571	4.8387	4.8921	3.6667	2.6984	2.5902	0.0213	23	127	257	109	133	63
1982-6	8206	5.9615	4.7403	4.8993	3.7872	2.8862	2.4643	0.0214	27	164	303	146	181	87
1982-7	8207	5.4839	4.8509	4.888	3.7419	2.9396	2.3929	0.0215	32	169	259	128	153	61
1982-8	8208	5.8276	5.0508	4.9902	3.7238	2.8521	2.338	0.0216	31	127	212	109	148	75
1982-9	8209	6.1364	4.8681	4.7895	3.5294	2.7529	2.2647	0.0217	23	147	264	114	180	71
1982-10	8210	5.9655	4.8188	4.9398	3.6	2.8013	2.4478	0.0218	30	152	234	84	161	70
1982-11	8211	6.0741	4.9209	4.9556	3.75	2.7571	2.3103	0.0219	31	148	268	96	146	59
1982-12	8212	6.3548	4.8095	4.9439	3.4242	2.8113	2.2973	0.022	32	154	303	109	169	80
1982-13	8213	5.5833	4.8321	4.9621	3.5278	2.5707	2.0909	0.0221	24	143	308	73	220	68
1982-14	8214	5.4872	4.8827	4.9441	3.7397	2.7072	2.411	0.0222	39	170	301	76	191	75
1982-15	8215	5.8636	4.9558	4.8112	3.7808	2.8538	2.4253	0.0223	26	188	244	77	177	90
1982-16	8216	5.9535	5.1346	4.8866	3.6418	2.8087	2.4388	0.0224	45	166	265	72	198	102
1982-17	8217	5.8421	5.0765	4.8826	3.7067	2.8063	2.3077	0.0225	41	195	298	76	207	68
1982-18	8218	6.1	4.8538	4.9154	3.7467	2.7561	1.9222	0.0226	32	178	275	82	182	95
1982-19	8219	6.0333	5.0409	4.8715	3.75	2.9813	2.1549	0.0227	32	185	269	75	180	74
1982-20	8220	6.3333	4.8457	4.913	3.7213	2.7907	2.481	0.0228	35	195	265	67	225	79
1982-21	8221	6.0476	4.9949	4.9876	3.5161	2.8774	2.2286	0.0229	23	201	264	68	226	73
1982-22	8222	5.9355	4.894	4.9461	3.7391	2.7485	2.1563	0.023	32	158	232	49	186	66
1982-23	8223	5.8889	4.8421	5.0164	3.5306	2.7801	2.2222	0.0231	28	199	268	51	253	63
1982-24	8224	5.8519	4.9828	5.1826	3.7719	2.6927	2.3067	0.0232	31	177	266	59	234	77
1982-25	8225	6	5.0316	4.8618	3.6078	2.8693	2.28	0.0233	28	168	233	51	208	50
1982-26	8226	5.9821	5.0269	4.9367	3.6747	2.8451	1.9537	0.0234	59	276	488	90	385	112
1982-27	8227	6	5	5.0131	3.8214	2.8312	2.1282	0.0235	25	213	251	64	249	81
1982-28	8228	6.0909	5.014	5.0254	3.5208	2.875	2.2157	0.0236	34	151	254	51	212	54
1982-29	8229	5.8636	5.0773	4.9496	3.6	2.7682	2.3043	0.0237	22	243	354	71	326	74
1982-30	8230	5.9787	5.0571	4.8352	3.6038	2.8061	2.3049	0.0238	47	217	283	55	311	84
1982-31	8231	5.9808	5.014	4.8707	3.6824	2.824	2.44	0.0239	56	297	452	87	399	105
1982-32	8232	5.9032	4.9628	4.9625	3.8202	2.8131	2.25	0.024	65	364	519	93	454	119
1982-33	8233	5.7097	4.9403	4.9457	3.5918	2.9259	2.3313	0.0241	65	400	566	155	587	168
1982-34	8234	6.0256	4.9931	4.9857	3.5909	2.8789	2.3	0.0242	81	448	604	114	593	165
1982-35	8235	5.9385	4.8913	4.8929	3.8171	2.7495	2.4303	0.0243	67	429	555	88	576	167
1982-36	8236	5.7945	4.8676	4.9633	3.8378	2.6547	2.378	0.0244	77	387	519	76	556	133
1982-37	8237	6.2857	4.9017	5.0915	3.9268	2.8575	2.2887	0.0245	36	253	312	43	381	99
1982-38	8238	6.15	4.8432	5	3.5	2.7336	2.3889	0.0246	43	194	225	41	301	57
1982-39	8239	6.027	4.9297	5.0516	3.6667	2.8824	2.4821	0.0247	37	191	216	25	267	57
1982-40	8240	5.9459	5	4.9383	3.6857	2.8373	2.4912	0.0248	37	203	245	36	274	60
1982-41	8241	5.6522	4.931	4.9858	3.8261	2.7778	2.3571	0.0249	24	161	231	24	280	59
1982-42	8242	5.9211	4.7377	4.9116	3.5862	2.8036	2.7206	0.025	41	186	230	30	291	69
1982-43	8243	5.037	4.8738	4.976	3.6552	2.8031	2.1719	0.0251	31	226	217	29	274	69
1982-44	8244	5.9394	4.8214	4.7395	3.5217	2.9233	2.2807	0.0252	36	205	259	23	295	60
1982-45	8245	5.7813	4.9767	4.7628	3.64	2.8374	2.3692	0.0253	33	218	224	28	263	66
1982-46	8246	5.9677	4.9146	4.8611	3.7895	2.8405	2.5769	0.0254	33	166	228	19	274	53
1982-47	8247	6.2083	4.9866	4.8235	3.6154	2.9741	2.4615	0.0255	24	157	219	29	251	66
1982-48	8248	5.7407	4.9133	4.7629	4	2.8353	2.7234	0.0256	29	159	203	17	271	47
1982-49	8249	5.7059	4.9006	4.8077	3.3125	2.9435	2.3333	0.0257	37	169	254	16	315	67
1982-50	8250	6	4.9363	4.994	3.52	2.8232	2.175	0.0258	28	166	175	25	210	40
1982-51	8251	5.9444	4.7761	4.9209	3.6	2.9146	2.3077	0.0259	18	139	186	15	259	42
1982-52	8276	5.88525	4.80765	4.90555	3.53335	2.94725	2.4569	0.026	0	0	0	0	0	0
1983-1	8301	5.8261	4.8392	4.8902	3.4667	2.9799	2.6061	0.0261	24	152	187	17	272	34
1983-2	8302	5.5862	4.9337	4.7629	3.2857	2.8431	2.6607	0.0262	31	211	202	22	292	60
1983-3	8303	5.7143	4.8037	4.8737	3.7083	2.9113	2.3793	0.0263	29	174	212	25	308	62
1983-4	8304	6	4.8483	4.844	3.8462	2.9537	2.4179	0.0264	29	153	223	27	289	68
1983-5	8305	6	5	4.8394	3.5769	2.9835	2.4694	0.0265	22	173	230	28	255	51
1983-6	8306	5.88	4.956	4.8629	3.5357	2.9483	2.6182	0.0266	26	191	210	31	243	58
1983-7	8307	5.815	4.8591	4.88795	3.74005	2.91835	2.682	0.0267	21	152	199	18	255	61
1983-8	8308	5.75	4.7622	4.913	3.9444	2.8884	2.7458	0.0268	0	0	0	0	0	0
1983-9	8309	5.5484	4.9543	4.9598	3.4545	2.8473	2.5217	0.0269	31	208	233	24	272	73
1983-10	8310	5.5909	4.9048	4.8593	3.3889	2.8531	2.3273	0.027	23	179	216	18	255	61
1983-11	8311	5.9615	4.8903	4.6919	3.5	2.8814	2.1613	0.0271	30	167	207	21	269	64
1983-12	8312	5.8333	5.0824	4.836	3.4667	2.8047	2.4423	0.0272	25	192	196	30	226	54
1983-13	8313	5.6471	4.9137	4.7833	3.4	2.835	2.4571	0.0273	18	149	193	20	220	37
1983-14	8314	5.4615	4.8333	4.9484	3.5714	2.9836	2.6216	0.0274	28	140	162	21	193	40
1983-15	8315	5.5455	5.0625	4.7676	3.8667	2.9556	2.2941	0.0275	23	151	197	15	234	54
1983-16	8316	5.8636	4.8133	4.7607	3.4706	2.902	2.4308	0.0276	23	155	176	19	259	67
1983-17	8317	5.5217	4.8591	4.7212	3.84	2.9677	2.2692	0.0277	24	157	177	25	227	54
1983-18	8318	5.625	4.9389	4.8618	3.4359	2.9345	2.375	0.0278	57	372	361	40	477	124
1983-19	8319	5.7419	4.9833	5.0207	3.7931	2.9179	2.5352	0.0279	31	185	258	31	280	74
1983-20	8320	5.5185	4.9603	4.7789	3.5	2.9138	2.4423	0.028	29	157	206	18	243	54
1983-21	8321	5.9565	4.8652	4.8182	3.6522	2.9231	2.2745	0.0281	23	146	165	24	247	53
1983-22	8322	5.5581	4.809	4.8701	3.7	2.987	2.5085	0.0282	45	185	184	33	237	60
1983-23	8323	5.7742	4.9167	4.8737	3.4783	2.8879	2.5385	0.0283	33	163	202	25	233	67
1983-24	8324	5.92	4.8811	4.7882	3.8824	2.9237	2.6383	0.0284	26	155	214	18	246	48
1983-25	8325	5.6923	4.9032	4.9155	3.6207	3	2.3281	0.0285	32	195	225	29	334	67
1983-26	8326	5.8519	4.9012	4.7095	3.7083	3.0535	2.451	0.0286	29	167	194	25	310	52
1983-27	8327	6	4.9363	4.8788	3.56	2.9767	2.5246	0.0287	28	166	211	25	271	66
1983-28	8328	5.7083	4.744	4.911	3.5	2.907	2.4634	0.0288	25	134	151	24	218	44
1983-29	8329	5.5333	5.073	4.8827	3.5	3.0098	2.6458	0.0289	32	143	179	20	212	51
1983-30	8330	5.8571	5.0066	4.8852	3.6667	3.0838	2.15	0.029	22	156	194	15	197	43
1983-31	8331	5.7717	4.98245	4.8691	3.57575	2.9788	2.43785	0.0291	0	0	0	0	0	0
1983-32	8332	5.6863	4.9583	4.853	3.4848	2.8738	2.7257	0.0292	55	304	326	33	427	116
1983-33	8333	5.641	4.8313	4.825	3.85	2.9069	2.3733	0.0293	39	177	211	21	257	77
1983-34	8334	5.7333	4.8495	4.8017	3.875	2.872	2.5763	0.0294	34	190	244	16	266	61
1983-35	8335	5.8378	4.9205	4.7513	3.75	3.1389	2.5217	0.0295	38	159	205	24	230	70
1983-36	8336	5.9524	4.8116	5.0798	3.7368	3.0462	2.625	0.0296	21	145	201	20	199	56
1983-37	8337	5.4667	4.791	4.7803	3.5217	2.9522	2.4583	0.0297	15	141	189	23	242	52
1983-38	8338	5.7879	4.933	4.9733	3.55	3.0746	2.4	0.0298	35	217	328	20	380	93
1983-39	8339	5.8571	4.7863	4.9257	3.8571	3.1368	2.3448	0.0299	24	123	184	23	223	61
1983-40	8340	5.6538	4.7874	5.0141	3.8571	3.0591	2.5952	0.03	27	132	151	21	247	42
1983-41	8341	5.6389	4.9211	4.9138	3.7	3.0234	2.3373	0.0301	39	158	188	20	314	86
1983-42	8342	5.8333	5.0161	4.7966	3.7143	3.0554	2.3014	0.0302	20	130	186	22	288	78
1983-43	8343	5.3514	4.8897	4.8443	3.7692	3.0949	2.507	0.0303	39	147	177	14	309	71
1983-44	8344	5.9032	4.9179	4.8729	3.5455	2.9935	2.3833	0.0304	31	139	191	22	326	63
1983-45	8345	5.3889	5.0484	4.8917	3.6364	2.9554	2.413	0.0305	20	129	169	11	235	49
1983-46	8346	5.4688	4.9867	4.875	3.5625	3.0576	2.2414	0.0306	35	158	198	17	289	60
1983-47	8347	5.5484	5.0462	4.8033	3.8125	2.9823	2.6724	0.0307	32	134	196	18	295	59
1983-48	8348	6	4.8793	5.0176	3.5263	3.0538	2.5517	0.0308	26	120	178	20	272	59
1983-49	8349	5.5385	4.9924	5.0432	3.4615	3.1041	2.3455	0.0309	28	134	147	16	236	55
1983-50	8350	5.8214	4.8407	5	3.5333	3.083	2.3519	0.031	29	124	162	15	242	57
1983-51	8351	5.6207	4.9541	4.8794	4.1111	2.9679	2.3774	0.0311	30	114	151	18	262	55
1983-52	8352	6.0435	4.9	4.8938	3.625	3.1362	2.5581	0.0312	23	102	169	16	224	44
1984-1	8401	5.5652	4.9619	5.0115	3.5385	2.9925	2.9	0.0313	24	108	184	14	281	41
1984-2	8402	5.5185	5.0909	4.7745	3.8125	3.0863	2.4167	0.0314	28	126	216	16	271	77
1984-3	8403	5.7391	5.0738	4.7619	3.24	2.9684	2.3667	0.0315	23	151	197	25	297	61
1984-4	8404	5.6667	4.8862	5.0299	3.7917	3.1076	2.3043	0.0316	18	124	172	24	260	49
1984-5	8405	5.5122	4.8014	4.8325	3.25	3.1325	2.7627	0.0317	42	151	213	18	328	59
1984-6	8406	5.5417	4.8936	4.8611	3.5263	3.0669	2.3714	0.0318	26	144	190	19	310	73
1984-7	8407	6.1935	4.7123	4.87	3.5833	2.8684	2.5932	0.0319	32	150	211	28	280	62
1984-8	8408	5.375	4.8589	4.8387	3.5909	2.9761	2.6029	0.032	33	170	225	23	266	68
1984-9	8409	5.7333	4.9091	4.8757	3.6818	3.0117	2.4805	0.0321	31	138	184	22	274	81
1984-10	8410	5.75	5.0909	4.7692	3.6842	3.0844	2.4545	0.0322	30	117	164	19	245	55
1984-11	8411	6.1538	4.9231	4.7876	3.875	3.0646	2.566	0.0323	27	147	207	16	308	56
1984-12	8412	5.7714	4.7561	4.9132	3.5385	3.0278	2.1467	0.0324	38	172	232	13	336	79
1984-13	8413	5.5294	4.9767	4.9944	3.5789	3.1047	2.4576	0.0325	17	136	198	19	295	61
1984-14	8414	5.775	5.042	5.0162	3.8889	3.0865	2.7463	0.0326	40	151	194	10	282	67
1984-15	8415	5.4	4.8182	4.7104	3.1765	2.9373	2.2419	0.0327	22	138	191	17	266	62
1984-16	8416	5.6333	5.0365	4.8977	3.8889	3.0547	2.3833	0.0328	31	145	180	10	272	62
1984-17	8417	5.4333	4.9316	4.625	3.6875	3.0321	2.6364	0.0329	30	120	177	18	256	35
1984-18	8418	5.963	4.9712	4.8655	3.4375	2.9878	2.7209	0.033	29	151	181	16	263	52
1984-19	8419	5.619	4.9667	4.7809	3.55	3.0471	2.6852	0.0331	42	123	188	20	275	59
1984-20	8420	5.5455	4.92	4.9266	3.75	2.9744	2.5574	0.0332	24	155	189	16	282	61
1984-21	8421	5.8333	4.7952	4.9471	3.7917	3.1306	2.5738	0.0333	39	176	203	27	335	65
1984-22	8422	5.8611	5.0199	4.8146	4.0769	3.076	2.5738	0.0334	39	153	189	13	267	62
1984-23	8423	5.6	4.8814	4.8235	3.3846	3.0153	2.5192	0.0335	21	124	162	13	271	52
1984-24	8424	5.5714	4.912	4.7657	3.619	2.9856	2.6279	0.0336	30	133	185	23	298	45
1984-25	8425	5.3667	4.8644	4.801	3.6	3.0308	2.6667	0.0337	31	125	208	18	318	49
1984-26	8426	5.74	4.8455	4.8669	3.4839	3.0393	2.2794	0.0338	53	258	359	34	489	72
1984-27	8427	5.56	4.844	4.6761	3.4737	2.991	2.6538	0.0339	27	113	184	20	237	55
1984-28	8428	5.8649	4.8634	4.8223	3.6364	3.0637	2.4082	0.034	41	195	256	22	378	103
1984-29	8429	5.6538	4.9	4.735	3.7143	2.8957	2.3864	0.0341	27	124	202	14	237	45
1984-30	8430	5.6522	4.8654	4.841	3.8571	3.1217	2.4907	0.0342	52	273	367	29	535	115
1984-31	8431	5.6957	4.981	4.7625	3.7143	3.0094	2.5641	0.0343	23	119	176	7	234	41
1984-32	8432	5.8571	4.6579	4.7577	3.9091	3.0446	2.5172	0.0344	22	119	201	11	282	58
1984-33	8433	5.7451	4.8935	4.8333	3.871	3.0474	2.4479	0.0345	53	274	362	32	535	100
1984-34	8434	5.4615	4.8614	4.7557	3.9231	3.0836	2.5385	0.0346	29	106	185	15	298	54
1984-35	8435	5.7	4.8633	4.6935	3.6923	3.1552	2.5333	0.0347	20	142	193	13	285	49
1984-36	8436	5.8065	4.8188	4.875	4	3.0741	2.6122	0.0348	32	141	192	14	311	50
1984-37	8437	5.7188	4.8511	4.7468	3.7222	3.0704	2.52	0.0349	34	149	169	19	358	52
1984-38	8438	5.6944	4.7597	4.7937	3.5	3.003	2.5397	0.035	39	138	197	14	355	64
1984-39	8439	5.575	4.8784	4.8396	3.8	3	2.451	0.0351	45	152	197	20	320	54
1984-40	8440	5.75	4.8378	4.6612	3.5714	2.9656	2.4107	0.0352	24	151	192	21	335	58
1984-41	8441	5.8276	4.7554	4.7386	3.5789	2.9854	2.6129	0.0353	32	145	183	21	299	64
1984-42	8442	5.55	4.8174	4.7943	3.8333	3.0129	2.3111	0.0354	21	118	145	7	252	47
1984-43	8443	5.2	4.8173	4.8045	3.7857	3.0185	2.5294	0.0355	23	106	184	15	283	52
1984-44	8444	5.7333	4.8382	4.6545	3.8235	3.0234	2.3265	0.0356	32	178	264	17	409	50
1984-45	8445	5.2432	4.9321	4.9801	4.2083	3.0087	2.459	0.0357	38	167	214	24	358	61
1984-46	8446	5.7778	4.9152	4.6126	3.4444	2.9602	2.4615	0.0358	29	173	203	18	342	66
1984-47	8447	5.8824	4.8889	4.7391	3.6	3.0903	2.3415	0.0359	35	163	220	16	318	42
1984-48	8448	6.0698	4.881	4.8689	3.3846	3.0743	2.6667	0.036	43	133	217	15	367	55
1984-49	8449	5.7917	4.9291	4.8042	3.5714	3.1165	2.2927	0.0361	25	147	199	23	325	43
1984-50	8450	5.7407	4.7902	4.6552	3.65	3.0278	2.5349	0.0362	28	154	181	21	333	47
1984-51	8451	5.75	4.8938	4.725	3.8	3.0564	2.64	0.0363	30	123	170	10	282	51
1984-52	8476	5.725	4.88135	4.8338	3.6778	3.04835	2.5343	0.0364	0	0	0	0	0	0
1985-1	8501	5.7	4.8689	4.9426	3.5556	3.0403	2.4286	0.0365	22	124	128	9	285	42
1985-2	8502	5.9231	4.9231	4.679	3.7857	3.1806	2.439	0.0366	27	95	168	15	304	41
1985-3	8503	5.9333	4.9963	4.7987	3.7727	3.0549	2.5333	0.0367	33	281	344	46	556	75
1985-4	8504	6.0313	4.8929	4.7386	3.5	3.125	2.3922	0.0368	33	117	182	15	340	52
1985-5	8505	5.6071	4.625	4.8305	3.6364	3.0729	2.5526	0.0369	30	125	188	23	306	39
1985-6	8506	5.7241	4.8409	4.71	3.6667	3.0644	2.2525	0.037	63	228	350	30	608	103
1985-7	8507	5.7143	4.871	4.9395	3.5357	3.017	2.3571	0.0371	37	161	227	30	430	57
1985-8	8508	5.7778	4.8942	4.7711	3.6296	2.9444	2.2632	0.0372	36	109	171	27	306	60
1985-9	8509	5.6279	4.897	4.6977	3.5	3.0952	2.4177	0.0373	47	239	324	31	608	83
1985-10	8510	5.0455	4.843	4.8171	3.8846	3.0789	2.3023	0.0374	23	125	178	26	375	45
1985-11	8511	5.6923	4.9065	4.7679	3.8095	2.9779	2.2037	0.0375	26	110	184	22	339	54
1985-12	8512	6.069	5.015	4.6497	3.7059	2.9927	2.4583	0.0376	30	136	161	17	289	50
1985-13	8513	5.875	4.8707	4.8434	3.75	2.9907	2.3492	0.0377	26	122	177	24	344	67
1985-14	8514	5.9091	4.896	4.8382	3.6667	2.9965	2.3333	0.0378	22	133	183	21	316	54
1985-15	8515	5.6842	4.9524	4.7543	3.625	3.0037	2.4545	0.0379	20	136	181	16	286	33
1985-16	8516	5.5833	4.9914	4.7389	3.5385	3.0732	2.02	0.038	24	120	165	27	336	52
1985-17	8517	6	4.9779	4.7609	3.5	2.9159	2.45	0.0381	25	140	193	12	340	61
1985-18	8518	6.2083	5.0593	4.8134	3.5385	3.1126	2.5893	0.0382	25	124	139	13	310	57
1985-19	8519	5.5385	4.9661	4.7867	3.4	3.0403	2.0444	0.0383	27	120	163	16	290	46
1985-20	8520	5.8947	4.8889	4.7443	3.75	3.0616	2.3651	0.0384	19	145	184	17	363	67
1985-21	8521	5.9268	4.8301	4.8571	3.6522	2.9673	2.2935	0.0385	43	214	301	25	479	93
1985-22	8522	5.8148	4.9421	4.7413	3.9	2.8636	2.3778	0.0386	28	121	151	10	297	49
1985-23	8523	5.75	4.9846	4.7394	3.8571	3.0476	2.4595	0.0387	31	133	173	7	270	38
1985-24	8524	5.7917	4.9595	4.8837	3.5882	2.9883	2.3393	0.0388	28	152	181	17	357	59
1985-25	8525	5.7083	5.1691	4.9591	3.8	2.9866	2.2841	0.0389	50	213	355	60	625	88
1985-26	8526	5.7391	4.9314	4.9294	3.8	2.9317	2.4717	0.039	24	104	179	40	308	55
1985-27	8527	5.7667	5.2137	4.9404	3.6774	3.0077	2.25	0.0391	30	120	159	32	280	36
1985-28	8528	6.0769	4.8904	4.8315	3.825	2.996	2.5957	0.0392	29	150	190	40	268	49
1985-29	8529	5.5625	5	4.8588	3.6774	2.961	2.4054	0.0393	17	101	177	33	239	40
1985-30	8530	6.0385	4.8769	4.8978	3.4211	2.9836	2.2439	0.0394	27	136	192	38	318	41
1985-31	8531	5.3889	5.0328	4.7469	3.6296	3.0981	2.381	0.0395	19	126	168	29	275	45
1985-32	8532	5.4348	4.8636	4.7447	3.8	3.0428	2.7347	0.0396	23	111	145	21	267	52
1985-33	8533	5.8333	4.9346	4.8503	3.6857	2.9493	2.1081	0.0397	25	114	171	36	236	37
1985-34	8534	6	4.9024	4.9063	3.7027	2.9601	2.3571	0.0398	29	125	202	39	319	30
1985-35	8535	5.4545	4.9496	4.7302	3.5714	2.8967	2.1935	0.0399	22	125	199	29	280	32
1985-36	8536	6.2105	4.9633	4.8777	3.5	3.0662	2.3182	0.04	22	111	195	34	297	44
1985-37	8537	6.0526	4.9773	4.7988	3.6667	3.0957	2.3947	0.0401	20	134	173	22	298	39
1985-38	8538	6.0385	4.9	4.6879	3.6471	2.8794	2.3871	0.0402	26	122	185	35	301	33
1985-39	8539	5.7778	4.9818	4.7758	3.7429	2.9262	2.4717	0.0403	29	169	234	36	389	53
1985-40	8540	6	5.0496	4.7219	3.5714	3.0147	2.6286	0.0404	22	126	171	29	284	35
1985-41	8541	5.4706	4.97	4.7688	3.5556	3.0184	2.2571	0.0405	17	101	168	30	232	39
1985-42	8542	5.8537	4.8725	4.7485	3.8545	2.9476	2.5286	0.0406	41	212	344	57	480	71
1985-43	8543	5.6	5.1418	4.7396	3.4571	2.9486	2.3095	0.0407	17	136	201	36	267	45
1985-44	8544	5.8966	4.9314	4.913	3.5882	2.7678	2.2308	0.0408	30	105	169	35	280	26
1985-45	8545	5.5385	4.8532	4.8086	3.8125	2.8482	2.4138	0.0409	13	114	218	33	274	32
1985-46	8546	5.6667	5.0775	4.8869	3.6585	2.935	2.4194	0.041	17	135	176	41	289	32
1985-47	8547	5.7143	5.0721	4.8206	3.6667	2.9828	2.3667	0.0411	21	118	233	34	308	31
1985-48	8548	5.5926	5.1377	4.8618	3.6047	3.0059	2.3333	0.0412	28	141	257	43	346	40
1985-49	8549	5.9091	4.9697	4.8297	3.7273	2.9259	2.5455	0.0413	22	100	193	22	284	35
1985-50	8550	5.7381	4.9202	4.7201	3.4783	2.882	2.3676	0.0414	44	219	384	74	619	71
1985-51	8551	5.5909	5	4.7826	3.7353	2.9654	2.1923	0.0415	22	119	217	35	278	27
1985-52	8576	5.61365	5.0443	4.81505	3.81925	2.9512	2.28135	0.0416	0	0	0	0	0	0
1986-1	8601	5.6364	5.0886	4.8475	3.9032	2.937	2.3704	0.0417	11	82	185	31	283	29
1986-2	8602	6.12	4.9412	4.7903	3.8333	2.9906	2.2917	0.0418	26	123	261	39	334	49
1986-3	8603	5.9063	4.9171	4.7203	3.4359	3.0196	2.1774	0.0419	35	196	470	39	536	63
1986-4	8604	5.9048	4.9303	4.7023	3.6207	2.9982	2.4746	0.042	44	249	461	59	586	63
1986-5	8605	5.6122	5.0258	4.8469	3.7361	3.0474	2.4462	0.0421	52	203	431	74	508	66
1986-6	8606	5.6765	4.9602	4.6886	3.9091	3.0561	2.6094	0.0422	37	202	365	57	526	64
1986-7	8607	5.8983	5.0377	4.7963	3.7037	3.0796	2.2903	0.0423	61	161	338	54	479	64
1986-8	8608	5.6429	4.8745	4.7136	3.8772	3.1134	2.411	0.0424	31	241	433	61	633	75
1986-9	8609	5.9483	4.9055	4.6976	3.7164	2.9892	2.2097	0.0425	60	208	430	68	601	64
1986-10	8610	5.7234	4.8155	4.7663	3.7887	3.0395	2.4839	0.0426	48	211	429	72	625	66
1986-11	8611	5.9231	4.8584	4.7139	3.68	3.0022	2.4706	0.0427	41	222	375	51	479	53
1986-12	8612	5.6	4.873	4.7775	3.7571	2.9097	2.32	0.0428	60	262	462	71	684	82
1986-13	8613	5.5333	4.96	4.812	3.6596	2.8814	2.2222	0.0429	47	235	440	98	720	45
1986-14	8614	5.66	4.9372	4.8029	3.5904	2.9803	2.4697	0.043	51	230	444	85	606	71
1986-15	8615	6.0263	5.0052	4.805	3.5857	3.0519	2.254	0.0431	41	199	414	70	580	64
1986-16	8616	5.9028	4.9828	4.7196	3.6966	3.0088	2.2949	0.0432	75	239	449	90	719	80
1986-17	8617	5.6308	4.8846	4.783	3.4756	3.0062	2.2308	0.0433	68	218	475	84	695	52
1986-18	8618	5.8205	5.0045	4.5358	3.4941	2.906	2.1452	0.0434	42	229	424	87	606	64
1986-19	8619	5.6522	4.8507	4.7646	3.7265	2.9557	2.411	0.0435	46	229	428	120	648	75
1986-20	8620	5.5122	4.8554	4.7855	3.6988	2.8984	2.2353	0.0436	41	176	360	86	469	53
1986-21	8621	5.6842	5	4.6813	3.6909	2.8403	2.4286	0.0437	40	247	546	115	636	60
1986-22	8622	6.0588	5.0155	4.7853	3.7946	2.8654	2.2418	0.0438	53	262	540	120	603	97
1986-23	8623	5.6842	5.0514	4.7097	3.5607	2.9431	2.3095	0.0439	45	221	622	112	582	84
1986-24	8624	5.9348	4.9901	4.679	3.6071	2.9679	2.131	0.044	49	217	511	114	503	86
1986-25	8625	5.7551	4.7885	4.6824	3.6847	2.9554	2.3723	0.0441	51	219	607	114	574	94
1986-26	8626	6.1333	4.9154	4.5373	3.6557	2.8721	2.3019	0.0442	33	135	352	64	318	55
1986-27	8627	5.8571	5.1134	4.6721	3.5273	3.0815	2.2143	0.0443	21	99	333	58	338	44
1986-28	8628	5.5	4.8054	4.8239	3.5893	2.9051	2.4444	0.0444	24	152	318	56	289	55
1986-29	8629	5.25	4.9844	4.8431	3.6792	2.9781	2.25	0.0445	17	134	266	56	289	41
1986-30	8630	5	4.9029	4.7401	3.7619	2.9511	2.1277	0.0446	11	107	295	44	332	48
1986-31	8631	5.7	5.141	4.7857	3.4783	2.9354	2.3889	0.0447	22	84	246	47	289	40
1986-32	8632	5.619	5.0233	4.8475	3.6042	2.9085	2.6429	0.0448	21	90	234	48	296	32
1986-33	8633	6.0455	5.084	4.7709	3.5938	3.0245	2.2791	0.0449	23	135	234	67	297	43
1986-34	8634	5.7	5.0179	4.7366	3.6038	3.0391	2.0488	0.045	31	114	271	55	297	44
1986-35	8635	5.84	4.9192	4.82	3.5645	2.9435	2.3889	0.0451	25	104	265	63	289	36
1986-36	8636	5.9	5.0894	4.8142	3.4889	2.8694	2.375	0.0452	23	125	240	49	257	33
1986-37	8637	5.7037	4.9515	4.7	3.6491	2.9724	2.3529	0.0453	27	106	283	58	263	34
1986-38	8638	5.9545	4.8889	4.7403	3.6731	2.9856	2.3784	0.0454	22	92	239	53	295	39
1986-39	8639	5.7895	4.95	4.6226	3.4386	3.0549	2.6364	0.0455	19	122	268	61	292	44
1986-40	8640	5.4	4.9506	4.7565	3.6744	2.9191	2.6154	0.0456	21	83	247	43	291	28
1986-41	8641	5.96	5.2278	4.7929	3.566	3.0428	2.3077	0.0457	25	80	209	55	271	39
1986-42	8642	5.7059	5.0313	4.8243	3.4839	3.0159	2.3846	0.0458	18	102	234	31	266	27
1986-43	8643	6.0556	5	4.6137	3.7381	2.9012	2.4231	0.0459	19	92	246	44	267	27
1986-44	8644	5.7333	4.9647	4.7756	3.375	2.9373	2.1351	0.046	31	86	261	36	279	40
1986-45	8645	5.75	5.0889	4.7455	3.5088	3.0789	2.1935	0.0461	17	90	229	57	298	32
1986-46	8646	5.7826	5.0412	4.6527	3.9167	3.0495	2.2941	0.0462	24	99	256	62	316	34
1986-47	8647	5.8261	4.98	4.7406	3.6604	2.9324	2.375	0.0463	24	101	275	55	315	33
1986-48	8648	5.625	5.0351	4.7213	3.6923	2.9493	2.3611	0.0464	24	117	251	54	312	37
1986-49	8649	5.4545	4.7573	4.7026	3.5455	3.0913	2.3429	0.0465	22	105	243	45	280	35
1986-50	8650	5.92	4.7845	4.7756	3.7193	3.0706	2.3548	0.0466	28	119	264	58	342	33
1986-51	8651	5.7692	4.9888	4.8224	3.9773	3.1811	1.871	0.0467	29	90	223	46	282	34
1986-52	8652	5.7333	4.975	4.6784	3.8293	2.996	2.3548	0.0468	16	81	237	43	256	32
1987-1	8677	5.4857	4.90055	4.71165	3.63035	3.05535	2.33915	0.0469	0	0	0	0	0	0
1987-2	8702	5.2381	4.8261	4.7449	3.4314	3.1147	2.3235	0.047	22	96	253	52	301	34
1987-3	8703	5.7857	4.93	4.713	3.5849	2.9765	2.2667	0.0471	28	101	226	55	315	30
1987-4	8704	5.8	5.0086	4.7434	3.7541	2.9805	2.3438	0.0472	36	116	279	62	334	32
1987-5	8705	5.7949	4.8944	4.8247	3.5326	2.9452	2.1837	0.0473	41	163	364	95	437	54
1987-6	8706	5.7273	4.88	4.72	3.7073	3.1142	2.6087	0.0474	22	102	234	43	305	47
1987-7	8707	5.6923	4.8839	4.8025	3.4821	3.0034	2.4167	0.0475	28	123	274	61	325	37
1987-8	8708	5.8261	4.84	4.7349	3.6	2.9281	2.3784	0.0476	24	126	309	66	347	37
1987-9	8709	5.8077	4.8803	4.7019	3.4386	3.0177	2.2889	0.0477	28	122	281	58	353	46
1987-10	8710	5.4211	4.7284	4.7143	3.7407	2.8773	2.0357	0.0478	22	86	210	57	234	29
1987-11	8711	5.8421	4.8097	4.8113	3.5526	2.9549	2.3056	0.0479	61	234	428	117	582	109
1987-12	8712	5.6667	4.9223	4.8562	3.6692	2.9103	2.3516	0.048	51	199	478	137	562	95
1987-13	8713	5.7813	4.7938	4.6683	3.65	2.874	2.5676	0.0481	34	100	216	66	271	37
1987-14	8714	5.5357	4.9158	4.8485	3.7167	2.8914	2.5102	0.0482	29	103	220	61	285	50
1987-15	8715	6.25	4.89	4.8333	3.5806	3.0241	2.6279	0.0483	29	109	235	67	312	45
1987-16	8716	5.7143	4.6923	4.8878	3.7015	3.1212	2.3111	0.0484	22	81	211	68	277	47
1987-17	8717	5.6087	4.7802	4.8048	3.4921	2.9157	2.2917	0.0485	24	94	217	66	270	49
1987-18	8718	5.6552	4.8333	4.7006	3.7419	3.0282	2.5854	0.0486	30	99	179	62	259	42
1987-19	8719	5.56	4.9417	4.7324	3.74	2.9857	2.6038	0.0487	25	105	218	51	293	53
1987-20	8720	5.4348	4.957	4.6986	3.6364	3.0365	2.4151	0.0488	28	95	226	58	287	54
1987-21	8721	5.8333	4.6341	4.5928	3.8103	3.0195	2.4103	0.0489	13	85	201	63	276	39
1987-22	8722	5.7333	4.9571	4.8168	3.6585	3.0122	2.5135	0.049	17	75	203	44	255	40
1987-23	8723	5.7143	4.8118	4.7914	3.72	3.0798	2.425	0.0491	29	90	194	51	231	40
1987-24	8724	5.6667	4.7789	4.6685	3.6216	3.0725	2.4118	0.0492	21	99	192	39	284	34
1987-25	8725	5.72	5	4.6228	3.641	3.1268	2.6452	0.0493	25	94	235	41	289	33
1987-26	8726	6.1053	4.8391	4.8533	3.7358	3.0895	2.5814	0.0494	20	89	191	56	267	44
1987-27	8727	5.75	4.8356	4.8844	3.6579	3.026	2.3077	0.0495	21	77	188	41	243	28
1987-28	8728	5.6538	5.0345	4.8122	3.7931	3.0038	2.4	0.0496	27	87	217	58	276	31
1987-29	8729	5.7778	4.7632	4.8271	3.5897	3.1733	2.3636	0.0497	21	79	224	39	238	33
1987-30	8730	5.6818	4.9718	4.6683	3.6739	3.045	2.7857	0.0498	22	73	210	49	234	29
1987-31	8731	5.4737	4.9429	4.7927	3.725	3.0596	2.4	0.0499	20	71	169	42	228	31
1987-32	8732	5.9412	4.8621	4.8232	3.7021	3.0491	2.7241	0.05	20	88	205	49	240	30
1987-33	8733	6	4.7778	4.8031	3.8036	3.0243	2.2963	0.0501	13	86	205	57	263	28
1987-34	8734	6.0345	4.7385	4.9218	3.7895	3.0372	2.359	0.0502	29	65	184	41	230	41
1987-35	8735	5.4828	5.0755	4.7964	3.7368	3.0165	2.3519	0.0503	30	111	229	43	319	57
1987-36	8736	5.9	4.8023	4.8299	3.6538	2.8824	2.2308	0.0504	21	92	213	56	266	27
1987-37	8737	5.7895	5.0238	4.8677	3.7632	3.07	2.2759	0.0505	20	85	199	39	219	32
1987-38	8738	5.8	5.0385	4.8054	3.5357	3.063	2.549	0.0506	37	113	234	58	297	53
1987-39	8739	5.6786	4.9407	4.7621	3.5686	3.0288	2.2273	0.0507	31	123	240	56	320	44
1987-40	8740	5.6	4.8875	4.8434	3.6136	3.0675	2.3846	0.0508	34	85	213	45	279	28
1987-41	8741	5.1176	4.8617	4.7323	3.5217	3.0597	2.6667	0.0509	18	102	207	46	284	49
1987-42	8742	5.5	4.8936	4.7455	3.5246	3.0779	2.1282	0.051	27	101	231	64	325	39
1987-43	8743	5.6667	4.6667	4.8131	3.6944	3.0775	2.2105	0.0511	21	75	221	72	283	40
1987-44	8744	5.8235	4.7857	4.7015	3.5091	3	2.4839	0.0512	37	102	211	58	271	33
1987-45	8745	5.56	4.8026	4.8041	3.5636	3.1088	2.3704	0.0513	25	78	205	55	248	29
1987-46	8746	5.5	4.8969	4.713	3.7097	3.1107	2.3611	0.0514	23	101	223	65	276	38
1987-47	8747	5.85	4.8434	4.7671	3.7	3.0669	2.6129	0.0515	20	86	230	62	304	31
1987-48	8748	5.9615	4.913	4.7868	3.7419	3.1314	2.1852	0.0516	27	92	201	63	248	28
1987-49	8749	5.5455	4.8165	4.7559	3.54	2.9963	2.3846	0.0517	23	109	228	51	294	39
1987-50	8750	5.8462	4.8243	4.7453	3.8537	3.156	2.3939	0.0518	13	78	224	42	265	33
1987-51	8751	6	4.8354	4.7538	3.5814	3.0757	2.1786	0.0519	27	84	207	45	273	29
1987-52	8752	5.6071	5.1	4.6882	3.5897	3.0133	2.5217	0.052	29	72	191	39	244	25
1988-1	8801	5.25	4.9231	4.7219	3.6275	3.1308	2.6667	0.0521	25	79	196	52	247	18
1988-2	8802	5.8636	4.9529	4.8652	3.74	3.0325	2.3226	0.0522	23	86	235	51	264	31
1988-3	8803	5.9333	4.8	4.7577	3.7059	3.1287	2.4545	0.0523	30	84	205	52	292	46
1988-4	8804	5.7917	4.823	4.6808	3.7119	3.0327	2.4194	0.0524	26	114	220	61	286	31
1988-5	8805	5.6538	4.6744	4.8514	3.58	3.0146	2.0645	0.0525	27	88	232	50	289	32
1988-6	8806	5.6552	4.9053	4.7512	3.6761	3.0764	2.0645	0.0526	29	101	212	74	292	36
1988-7	8807	5.8305	4.8023	4.7392	3.5896	2.9942	2.4179	0.0527	63	184	403	139	556	69
1988-8	8808	5.7879	4.7353	4.7738	3.6462	2.9791	2.5556	0.0528	34	103	228	69	301	27
1988-9	8809	5.6053	4.8333	4.722	3.8485	2.8625	2.3111	0.0529	39	98	216	68	310	45
1988-10	8810	5.4848	4.7248	4.5917	3.5161	2.9435	2.5938	0.053	35	113	230	64	367	32
1988-11	8811	5.725	4.7477	4.6996	3.7042	3.0701	2.625	0.0531	40	111	244	73	336	34
1988-12	8812	5.64	4.835	4.7739	3.7742	3.0949	2.2069	0.0532	26	106	210	63	331	29
1988-13	8813	5.7576	5.0506	4.6699	3.875	2.9414	2.48	0.0533	34	86	216	66	290	26
1988-14	8814	5.7778	4.7027	4.6319	3.8431	3.061	2.4348	0.0534	18	75	171	53	264	24
1988-15	8815	5.8205	4.7679	4.673	3.629	3.0618	2.5	0.0535	40	116	221	65	292	31
1988-16	8816	5.8095	4.7396	4.7802	3.4583	3.0667	2.9	0.0536	22	97	187	51	300	31
1988-17	8817	5.5556	4.8023	4.6872	3.5781	3	2.6061	0.0537	37	90	186	67	311	33
1988-18	8818	5.7391	4.7079	4.8284	3.6591	3.0304	2.0571	0.0538	24	90	185	47	238	38
1988-19	8819	5.7895	4.6989	4.9257	3.6471	3.0534	2.1333	0.0539	20	98	184	35	276	33
1988-20	8820	5.8462	4.8851	4.8775	3.8182	3.1277	2.4286	0.054	40	89	215	50	292	35
1988-21	8821	5.5714	4.7167	4.6149	3.4884	3.1602	2.0741	0.0541	28	64	185	44	272	28
1988-22	8822	5.7	4.9744	4.8756	3.8125	3.0313	2.125	0.0542	22	82	207	50	272	32
1988-23	8823	5.8667	4.7273	4.7854	3.6531	3.184	2.2162	0.0543	31	100	240	51	305	40
1988-24	8824	5.7188	4.7215	4.7268	3.6667	3.1469	2.4	0.0544	33	83	211	55	297	36
1988-25	8825	5.72	4.9121	4.6961	3.5122	3	1.9063	0.0545	26	93	188	43	287	35
1988-26	8826	5.381	4.8734	4.6321	3.6111	3.1022	2.1786	0.0546	21	83	196	36	295	29
1988-27	8827	5.7692	4.9419	4.6133	3.8043	3.194	2.2195	0.0547	28	88	192	49	248	42
1988-28	8828	5.8519	4.7396	4.731	3.9583	3.0905	2.3226	0.0548	28	100	210	51	250	32
1988-29	8829	6.0909	4.9432	4.7486	3.6226	3.0973	2.2727	0.0549	33	92	196	56	274	33
1988-30	8830	5.8333	4.7436	4.6824	3.7736	3.0467	2.4063	0.055	27	80	182	55	267	33
1988-31	8831	5.5833	4.7159	4.6257	3.549	2.9592	2.28	0.0551	13	92	188	54	264	25
1988-32	8832	5.7619	4.7791	4.7538	3.7297	3.1357	2.2857	0.0552	23	90	206	40	297	36
1988-33	8833	5.5143	4.7033	4.733	3.7077	3.098	2.64	0.0553	36	95	213	69	335	26
1988-34	8834	5.5806	4.7049	4.6436	3.5254	3.165	2.2368	0.0554	33	126	196	61	322	39
1988-35	8835	5.9583	4.8132	4.5505	3.6182	3.1633	2.6585	0.0555	24	96	228	56	319	41
1988-36	8836	5.8056	4.9195	4.5308	3.6102	2.9354	2.1951	0.0556	39	93	223	59	273	43
1988-37	8837	5.8125	4.8372	4.7941	3.8413	3.1071	2.2	0.0557	50	135	286	68	389	40
1988-38	8838	5.7857	4.7423	4.7343	3.7609	3.1017	2.4074	0.0558	28	98	223	47	316	27
1988-39	8839	5.9	4.8448	4.7736	3.7442	3.1799	2.5556	0.0559	33	121	219	45	348	45
1988-40	8840	5.5625	4.6571	4.7373	3.6812	3.0752	2.4468	0.056	34	109	245	69	337	48
1988-41	8841	5.3913	4.7905	4.585	3.8824	3.0536	2.3684	0.0561	24	110	208	52	277	38
1988-42	8842	6.0667	4.9111	4.7025	3.9219	3.0669	2.4615	0.0562	33	94	253	65	312	39
1988-43	8843	5.3871	4.776	4.5981	3.7736	3.1228	2.5	0.0563	34	130	228	55	357	44
1988-44	8844	5.6071	4.7523	4.7453	3.7241	3.1413	2.4615	0.0564	31	114	226	64	297	39
1988-45	8845	6.125	4.9318	4.7326	3.6615	3.166	2.4667	0.0565	18	90	202	67	268	30
1988-46	8846	5.5714	4.8252	4.6639	3.8056	3.0928	2.1957	0.0566	21	105	251	74	308	49
1988-47	8847	5.28	4.6147	4.5393	3.6912	2.9925	2.3077	0.0567	29	112	206	70	291	40
1988-48	8848	5.1034	4.7885	4.6402	3.44	3.0233	2.8333	0.0568	30	109	221	56	269	25
1988-49	8849	5.88	4.8193	4.7617	3.4783	3.0863	2.3226	0.0569	25	88	198	48	269	31
1988-50	8850	5.7778	4.7813	4.7658	3.8537	2.9312	2.2258	0.057	28	98	228	41	291	32
1988-51	8851	5.2857	4.9333	4.6256	3.6739	3.271	2.4054	0.0571	28	97	219	47	274	37
1988-52	8852	5.4483	4.7303	4.7933	3.4898	3.1212	2.3333	0.0572	30	91	213	50	242	24
1989-1	8901	5.4063	4.9487	4.5888	3.4828	3.0041	2.4348	0.0573	35	82	203	59	254	24
1989-2	8902	6.0769	4.8171	4.6184	3.5306	3.1141	2.2821	0.0574	26	85	213	50	308	39
1989-3	8903	5.5862	4.8404	4.5811	3.4524	3.184	2.6154	0.0575	31	96	228	43	270	26
1989-4	8904	5.9091	4.6931	4.6681	3.7164	3.0712	2.5385	0.0576	35	105	235	73	323	28
1989-5	8905	5.5714	4.9008	4.6507	3.5	2.9806	2.5588	0.0577	30	142	214	61	324	34
1989-6	8906	5.6429	4.8391	4.6414	3.8793	3.0444	2.383	0.0578	29	89	248	60	278	47
1989-7	8907	5.5641	4.7699	4.6745	3.6964	3.0759	2.5833	0.0579	40	117	221	57	320	49
1989-8	8908	5.2692	4.566	4.5346	3.7692	3.1274	2.4091	0.058	29	112	227	52	277	44
1989-9	8909	5.2414	4.8111	4.6216	3.9818	3.1843	2.4167	0.0581	29	94	193	56	301	24
1989-10	8910	5.44	4.9318	4.6359	3.6923	3.0078	2.1613	0.0582	27	92	193	69	273	31
1989-11	8911	5.4103	4.7578	4.6898	3.6769	2.9481	2.0606	0.0583	43	128	229	67	308	33
1989-12	8912	5.8421	4.6667	4.4851	3.6327	3.1678	2.2571	0.0584	20	103	212	53	300	35
1989-13	8913	5.5	4.6275	4.7472	3.6452	3.0459	2.6061	0.0585	25	106	181	32	237	35
1989-14	8914	5.6571	4.6636	4.8186	3.4737	3.0389	2.375	0.0586	37	112	209	58	273	33
1989-15	8915	5.4	4.7327	4.6089	3.6275	3.0993	2.7568	0.0587	16	107	227	55	296	38
1989-16	8916	5.4828	4.7143	4.67	3.6825	2.9881	2.4706	0.0588	29	117	212	64	267	34
1989-17	8917	5.6364	4.8376	4.7109	3.5088	3.1747	2.3056	0.0589	22	118	219	58	277	38
1989-18	8918	5.9048	4.7653	4.6878	3.7333	3.073	2.5	0.059	22	99	194	64	250	42
1989-19	8919	6.0833	4.7816	4.6542	3.6071	3.0972	2.1667	0.0591	26	93	219	57	265	24
1989-20	8920	6.0952	4.5747	4.6103	3.6889	3.0128	2.2813	0.0592	22	87	223	47	250	32
1989-21	8921	5.7826	4.4762	4.7225	3.569	2.9798	2.3514	0.0593	25	86	205	62	259	38
1989-22	8922	5.6	4.5584	4.6847	3.75	3.0402	2.4848	0.0594	27	82	233	62	269	34
1989-23	8923	5.6944	4.7375	4.7331	3.8305	3.0632	2.625	0.0595	36	82	274	60	288	41
1989-24	8924	5.6061	4.8125	4.6983	3.5957	3.0739	2.4688	0.0596	33	83	254	49	271	33
1989-25	8925	5.3529	4.6463	4.7907	3.5968	3.0362	2.3714	0.0597	35	85	223	66	240	37
1989-26	8926	5.6071	4.6702	4.7072	3.6308	2.9798	2.25	0.0598	30	96	229	66	268	34
1989-27	8927	5.3846	4.5747	4.6743	3.6533	3.1244	2.4286	0.0599	27	88	228	76	224	28
1989-28	8928	5.3529	4.814	4.6429	3.661	3.004	2.2941	0.06	17	88	220	61	264	17
1989-29	8929	6	4.6224	4.768	3.6047	3.0182	2.4348	0.0601	17	100	259	46	291	46
1989-30	8930	5.8	4.6593	4.7371	3.5	3.1085	2.2745	0.0602	20	93	228	53	224	53
1989-31	8931	5.36	4.7347	4.7418	3.6316	3.0175	2.3256	0.0603	25	98	259	58	242	43
1989-32	8932	5.5455	4.8941	4.6642	3.5424	3.0684	2.6809	0.0604	25	86	286	62	276	47
1989-33	8933	5.4694	4.6503	4.7124	3.6978	2.9721	2.4696	0.0605	53	189	561	144	527	122
1989-34	8934	5.6032	4.868	4.7275	3.7462	2.9679	2.5625	0.0606	65	199	527	133	558	132
1989-35	8935	5.6176	4.7823	4.6374	3.5333	3.0152	2.3733	0.0607	35	126	288	60	279	77
1989-36	8936	5.6154	4.8983	4.6814	3.8447	2.9007	2.6667	0.0608	41	121	307	105	313	79
1989-37	8937	5.7	5.0094	4.7417	3.5	2.932	2.375	0.0609	21	107	283	117	256	67
1989-38	8938	5.525	4.866	4.7811	3.2755	3	2.6591	0.061	40	102	245	99	247	45
1989-39	8939	5.7407	4.9157	4.5702	3.4298	2.8178	2.2222	0.0611	29	87	261	114	274	47
1989-40	8940	5.6667	4.766	4.6323	3.6237	2.9547	2.6061	0.0612	21	95	300	100	259	34
1989-41	8941	5.697	5.0208	4.5276	3.5326	2.959	2.4902	0.0613	35	99	305	94	284	53
1989-42	8942	5.4865	4.7034	4.692	3.6392	2.9886	2.5161	0.0614	39	121	292	98	276	33
1989-43	8943	5.4815	4.7245	4.6337	3.5393	3.0291	2.5	0.0615	28	100	294	91	296	49
1989-44	8944	5.4722	5	4.6606	3.4624	3.0041	2.6486	0.0616	36	79	290	97	254	38
1989-45	8945	6.15	4.7619	4.8008	3.5714	2.9724	2.3256	0.0617	21	86	263	89	307	44
1989-46	8946	5.6	4.8247	4.6726	3.7527	2.9022	2.5	0.0618	30	100	301	93	290	42
1989-47	8947	5.5	4.9111	4.6758	3.4324	2.9659	2.6154	0.0619	42	93	310	78	287	53
1989-48	8948	5.7568	4.8625	4.6866	3.5366	3.129	2.6316	0.062	37	82	234	86	261	38
1989-49	8949	5.7222	4.6458	4.662	3.5974	2.9504	2.675	0.0621	20	97	225	79	255	41
1989-50	8950	5.625	4.8219	4.5862	3.4304	2.9963	2.3056	0.0622	27	73	244	79	292	36
1989-51	8951	5.6087	4.8488	4.7404	3.6	2.9121	2.62	0.0623	26	89	246	78	301	51
1989-52	8976	5.76085	4.72875	4.68705	3.58225	3.0076	2.5169	0.0624	0	0	0	0	0	0
1990-1	9001	5.913	4.6087	4.6337	3.5645	3.1031	2.4138	0.0625	23	74	218	67	203	30
1990-2	9002	5.8947	4.8229	4.4978	3.56	3.0087	2.3333	0.0626	41	97	243	75	245	50
1990-3	9003	5.7419	4.8173	4.6655	3.6304	3.0865	2.275	0.0627	34	111	295	96	303	42
1990-4	9004	5.5789	4.7941	4.5504	3.7045	3.025	2.6316	0.0628	40	72	268	91	298	38
1990-5	9005	5.8846	4.8454	4.613	3.6818	2.9853	2.5	0.0629	29	101	271	89	284	47
1990-6	9006	5.7273	4.5778	4.6151	3.6635	2.9236	2.7632	0.063	34	90	310	111	297	40
1990-7	9007	5.4375	4.6667	4.6468	3.5464	3.0729	2.4872	0.0631	33	95	275	103	309	42
1990-8	9008	5.1667	4.6707	4.4592	3.5093	2.9431	2.375	0.0632	30	90	312	113	264	48
1990-9	9009	5.6829	4.5412	4.5703	3.5408	2.9622	2.6964	0.0633	44	86	273	100	248	58
1990-10	9010	5.8333	4.7228	4.5877	3.7396	3.1523	2.4783	0.0634	36	103	246	101	261	49
1990-11	9011	5.3214	4.7755	4.6234	3.6471	3.048	2.3333	0.0635	30	102	253	105	261	54
1990-12	9012	5.5217	4.8609	4.5738	3.6476	2.9796	2.413	0.0636	23	121	261	107	262	49
1990-13	9013	5.8571	4.8557	4.5382	3.6474	3.1256	2.4776	0.0637	30	98	266	163	241	72
1990-14	9014	5.1429	4.7347	4.6667	3.6689	2.9837	2.6471	0.0638	22	102	240	154	196	53
1990-15	9015	5.5385	4.6939	4.7236	3.5232	3.0392	2.5818	0.0639	26	99	262	156	216	57
1990-16	9016	5.5294	4.8095	4.6812	3.5372	3.0296	2.6078	0.064	35	64	220	126	178	52
1990-17	9017	5.3333	4.7684	4.6826	3.6603	3.1089	2.5965	0.0641	29	100	248	161	217	59
1990-18	9018	5.5238	4.75	4.6143	3.8062	3.1401	2.3542	0.0642	21	86	242	132	174	51
1990-19	9019	5.5789	4.6667	4.6109	3.5952	3.2036	2.8372	0.0643	20	72	250	130	174	45
1990-20	9020	5.4091	4.5	4.4885	3.625	3.0588	2.5849	0.0644	24	74	230	135	179	57
1990-21	9021	5.375	4.5538	4.6339	3.746	2.9379	2.5909	0.0645	26	69	235	131	188	46
1990-22	9022	5.6129	4.7215	4.5252	3.566	3.12	2.6346	0.0646	33	80	250	108	215	53
1990-23	9023	5.3889	4.7059	4.5783	3.52	3.0625	2.6429	0.0647	37	87	265	133	244	59
1990-24	9024	5.9091	4.8636	4.5628	3.656	3.0144	2.4444	0.0648	33	69	235	130	223	55
1990-25	9025	5.4848	4.5625	4.5508	3.5476	3.1149	2.3704	0.0649	36	65	268	131	184	54
1990-26	9026	5.4483	4.6563	4.5668	3.5588	3.1019	2.4865	0.065	31	68	265	142	233	74
1990-27	9027	5.7895	4.5584	4.5323	3.7209	3.1244	2.6296	0.0651	38	78	268	129	216	55
1990-28	9028	5.52	4.6707	4.5564	3.5238	3.0467	2.4524	0.0652	26	85	289	107	225	42
1990-29	9029	5.2308	4.8095	4.6903	3.6036	2.9669	2.5227	0.0653	26	66	241	115	194	48
1990-30	9030	5.65	4.6364	4.463	3.68	2.9714	2.6957	0.0654	22	92	235	101	223	47
1990-31	9031	5.4688	4.6667	4.6064	3.5851	3.0884	2.3469	0.0655	33	57	200	98	190	50
1990-32	9032	5.5	4.8235	4.5962	3.6489	2.96	2.3333	0.0656	23	68	221	97	212	49
1990-33	9033	5.64	4.7634	4.671	3.5816	3.0595	2.5946	0.0657	26	97	241	100	194	37
1990-34	9034	5.9167	4.6495	4.772	3.678	3.0524	2.5577	0.0658	37	103	267	125	215	53
1990-35	9035	5.7826	4.7317	4.6821	3.6078	3.0966	2.4262	0.0659	24	86	302	104	225	63
1990-36	9036	5.2692	4.9839	4.6782	3.5333	3.0751	2.6852	0.066	27	62	281	108	224	56
1990-37	9037	5.375	4.6462	4.6698	3.5246	3.0495	2.5577	0.0661	25	71	234	127	209	55
1990-38	9038	5.0667	4.9726	4.6498	3.5102	3.0938	2.5	0.0662	31	82	269	100	200	52
1990-39	9039	5.2903	4.63	4.671	3.6032	3.1294	2.5745	0.0663	32	102	332	129	271	49
1990-40	9040	5.5294	4.8358	4.6618	3.6146	3.1891	2.4151	0.0664	18	69	298	103	217	55
1990-41	9041	5.4444	4.7011	4.7336	3.5597	2.9901	2.4054	0.0665	28	93	296	137	218	37
1990-42	9042	5.4643	4.7442	4.6307	3.5411	3.24	2.2881	0.0666	29	94	309	152	244	59
1990-43	9043	5.75	4.7531	4.5868	3.7864	3.0894	2.6829	0.0667	36	82	258	103	254	42
1990-44	9044	5.8889	4.7632	4.6226	3.5278	3.0479	2.68	0.0668	38	77	280	112	195	50
1990-45	9045	5.5862	4.8378	4.673	3.5636	3.086	2.3913	0.0669	29	75	222	114	238	47
1990-46	9046	5.9583	4.7143	4.6742	3.5588	3.3014	2.32	0.067	26	72	284	143	223	52
1990-47	9047	5.0968	4.7826	4.7808	3.748	2.9854	2.5758	0.0671	32	69	271	127	221	67
1990-48	9048	5.0526	4.7349	4.6073	3.6942	2.9845	2.4	0.0672	39	84	260	125	203	41
1990-49	9049	5.5806	4.8904	4.559	3.6476	3.1345	2.5102	0.0673	32	76	240	111	183	52
1990-50	9050	5.48	4.8132	4.5039	3.46	3.1934	2.4074	0.0674	27	93	264	102	188	30
1990-51	9051	5.875	4.6344	4.6579	3.4144	3.0632	2.2353	0.0675	42	95	240	114	182	53
1990-52	9076	5.5775	4.6322	4.67615	3.51125	3.02325	2.33335	0.0676	0	0	0	0	0	0
1991-1	9101	5.28	4.63	4.6944	3.6081	2.9833	2.4314	0.0677	26	103	349	155	250	52
1991-2	9102	5.75	4.7467	4.5867	3.625	3.1414	2.6765	0.0678	30	77	290	122	212	37
1991-3	9103	5.4571	4.9022	4.5573	3.6327	3.1463	2.5306	0.0679	38	94	277	148	260	50
1991-4	9104	5.4828	4.6867	4.6028	3.6944	3.0882	2.6222	0.068	31	84	295	115	224	46
1991-5	9105	5.6129	4.863	4.7355	3.5081	3.0876	2.434	0.0681	33	77	291	130	231	56
1991-6	9106	5.3846	4.6543	4.6862	3.6522	3.2378	2.2432	0.0682	27	82	264	116	199	40
1991-7	9107	5.7143	4.5441	4.6667	3.5842	3.1823	2.1667	0.0683	21	70	231	102	202	44
1991-8	9108	5.5217	4.8118	4.5665	3.6944	3.1714	2.4082	0.0684	27	87	278	109	186	52
1991-9	9109	5.1212	4.809	4.6202	3.6134	3.0729	2.6071	0.0685	34	90	270	123	210	58
1991-10	9110	5.5854	4.7391	4.7143	3.6273	3.2047	2.3214	0.0686	41	94	247	114	183	56
1991-11	9111	5.5	4.8146	4.6124	3.6419	3.0665	2.2973	0.0687	65	185	499	378	361	114
1991-12	9112	5.9459	4.8387	4.8148	3.6632	2.9273	2.5714	0.0688	37	99	211	205	178	51
1991-13	9113	6.0625	4.7083	4.5833	3.7953	2.8462	2.5238	0.0689	34	74	192	177	155	43
1991-14	9114	5.52	4.8608	4.597	3.6667	3.1327	2.7	0.069	30	83	215	162	120	41
1991-15	9115	5.72	4.7079	4.6055	3.7234	3.109	2.6	0.0691	29	91	235	193	168	32
1991-16	9116	5.12	4.7885	4.6623	3.6257	3.0735	2.6279	0.0692	26	109	250	188	146	45
1991-17	9117	5.6364	4.7143	4.5753	3.7598	3.0545	2.3778	0.0693	35	86	225	213	176	46
1991-18	9118	5.7576	4.7123	4.5749	3.7152	2.9922	2.8269	0.0694	33	75	215	164	139	54
1991-19	9119	5.1176	4.7526	4.6165	3.5793	2.9727	2.5	0.0695	37	104	226	150	120	31
1991-20	9120	5.3962	4.8392	4.7293	3.6392	3.0292	2.602	0.0696	57	146	393	335	290	100
1991-21	9121	5.8615	4.6078	4.6564	3.5475	3.0688	2.6618	0.0697	68	165	414	276	258	70
1991-22	9122	5.4474	4.7083	4.7385	3.5724	2.9931	2.48	0.0698	41	100	212	156	151	53
1991-23	9123	5.5	4.8256	4.6567	3.7178	3.1429	2.6346	0.0699	28	89	244	169	155	53
1991-24	9124	5.5909	4.8526	4.7596	3.6303	3.1519	2.7045	0.07	25	99	205	175	172	46
1991-25	9125	5.4483	4.619	4.6224	3.7683	3.0592	2.7083	0.0701	30	92	209	170	163	48
1991-26	9126	5.871	4.7326	4.5337	3.6159	3.1898	2.2727	0.0702	33	88	207	162	147	45
1991-27	9127	5.0833	4.7011	4.6359	3.6196	3.1145	2.3846	0.0703	24	90	217	170	178	54
1991-28	9128	5.4545	4.7767	4.7377	3.637	2.9353	2.28	0.0704	35	108	195	138	147	51
1991-29	9129	5.7826	4.8854	4.6976	3.5608	3.0927	2.1042	0.0705	24	97	218	155	165	49
1991-30	9130	5.2941	4.8261	4.6117	3.7866	3.1439	2.4186	0.0706	36	97	202	171	140	45
1991-31	9131	5.5714	4.6463	4.5978	3.5723	3.114	2.4151	0.0707	28	85	199	164	123	53
1991-32	9132	5.625	4.7556	4.6796	3.625	3.032	2.5714	0.0708	32	94	189	175	132	52
1991-33	9133	5.7308	4.8354	4.771	3.6647	3.2266	2.7385	0.0709	27	82	228	181	140	65
1991-34	9134	5.5455	4.7549	4.797	3.5087	3.1875	2.4783	0.071	34	105	215	182	137	50
1991-35	9135	5.5	4.7612	4.6857	3.5824	3.1455	2.5472	0.0711	37	75	227	191	123	54
1991-36	9136	5.4	4.74	4.5882	3.642	3.1429	2.4808	0.0712	32	103	251	182	106	52
1991-37	9137	5.7632	4.6629	4.6432	3.602	3.05	2.7556	0.0713	40	93	207	201	128	45
1991-38	9138	5.4483	4.7867	4.6374	3.719	3.1712	2.1163	0.0714	29	76	200	159	118	44
1991-39	9139	5.6129	4.6092	4.6409	3.5	3.0714	2.4146	0.0715	33	89	191	159	138	43
1991-40	9140	5.4815	4.9178	4.8054	3.537	3.3362	2.5682	0.0716	28	80	164	175	123	45
1991-41	9141	6	4.6102	4.5882	3.6908	2.9537	2.3696	0.0717	35	62	173	158	113	47
1991-42	9142	5.6563	4.7286	4.5605	3.7287	2.9655	2.25	0.0718	32	73	174	137	127	33
1991-43	9143	5.6667	4.6184	4.7333	3.6667	3.2205	2.5918	0.0719	22	81	194	159	141	49
1991-44	9144	5.6667	4.6364	4.6871	3.5779	3.3119	2.5192	0.072	33	82	178	162	115	54
1991-45	9145	5.2424	4.8219	4.5862	3.5177	3.1	2.5	0.0721	35	75	185	150	106	36
1991-46	9146	5.7826	4.9726	4.6174	3.7133	3.1963	2.4634	0.0722	26	80	169	158	115	43
1991-47	9147	5.4483	4.5921	4.625	3.7092	2.9907	2.4615	0.0723	30	80	185	149	113	41
1991-48	9148	5.6071	4.6418	4.5669	3.5674	3.1316	2.6216	0.0724	29	71	172	146	121	38
1991-49	9149	5.6364	4.7794	4.7844	3.496	2.9545	2.7273	0.0725	33	70	179	130	96	35
1991-50	9150	5.7667	4.8169	4.7483	3.6094	3.08	2.6279	0.0726	31	72	159	134	131	46
1991-51	9151	5.0345	4.6145	4.5538	3.7452	3.1608	2.6364	0.0727	29	87	194	163	153	45
1991-52	9176.5	5.422	4.67345	4.5074	3.71815	3.1552	2.56105	0.0728	26	55	163	125	105	37
1992-1	9202	5.8095	4.7324	4.461	3.6911	3.1496	2.4857	0.0729	0	0	0	0	0	0
1992-2	9203	5.6061	4.8242	4.6537	3.6624	3.1967	2.6667	0.073	27	86	183	131	135	37
1992-3	9204	5.45	4.7619	4.6804	3.6711	3.0423	2.3636	0.0731	38	91	221	162	134	46
1992-4	9205	5.4074	4.8846	4.7941	3.5116	3.122	2.4571	0.0732	23	65	213	164	152	45
1992-5	9206	5.5	4.7857	4.5319	3.5944	3.1615	2.4194	0.0733	28	84	184	134	127	37
1992-6	9207	5.3333	4.7071	4.6273	3.5906	3.0313	2.6885	0.0734	34	90	206	150	140	62
1992-7	9208	5.5143	4.7059	4.629	3.6076	3.0611	2.3667	0.0735	26	104	235	159	137	61
1992-8	9209	5.3714	4.7714	4.5	3.6913	3.0154	2.78	0.0736	35	109	238	165	144	63
1992-9	9210	5.6563	4.8556	4.5029	3.6343	2.935	2.6452	0.0737	35	108	216	164	135	52
1992-10	9211	5.5313	4.6273	4.492	3.6357	3.0242	2.6415	0.0738	36	95	191	142	132	63
1992-11	9212	5.7333	4.8624	4.6429	3.646	3.1349	2.4565	0.0739	33	112	202	137	133	55
1992-12	9213	5.3667	4.8529	4.596	3.7151	3.087	2.5333	0.074	32	114	194	167	132	48
1992-13	9214	5.1429	4.6981	4.9027	3.6087	3.1944	2.566	0.0741	32	104	209	178	122	61
1992-14	9215	5.303	4.6636	4.6818	3.5802	3.1557	2.2979	0.0742	28	107	202	149	115	54
1992-15	9216	5.0323	4.7647	4.6744	3.7389	2.9265	2.5846	0.0743	35	116	214	135	131	47
1992-16	9217	5.5758	4.6742	4.56	3.6424	2.9902	2.6286	0.0744	31	107	230	167	148	67
1992-17	9218	5.68	4.8333	4.6532	3.5223	3.1837	2.3793	0.0745	34	96	188	161	110	36
1992-18	9219	5.3103	4.8478	4.6929	3.5285	3.0261	2.3939	0.0746	26	80	185	164	106	30
1992-19	9220	5.375	4.6353	4.4767	3.7338	3.1071	2.4211	0.0747	31	95	148	130	123	33
1992-20	9221	5.5517	4.7048	4.5928	3.7297	2.8522	2.359	0.0748	34	86	182	145	118	38
1992-21	9222	5.4	4.9684	4.4836	3.5319	3.1846	2.7407	0.0749	29	107	181	160	119	42
1992-22	9223	5.2727	4.8317	4.6757	3.6419	3.0741	2.6579	0.075	33	96	227	147	138	28
1992-23	9224	5.5455	4.8554	4.5959	3.5306	3.1389	2.8333	0.0751	34	104	196	152	144	38
1992-24	9225	5.5	4.6237	4.6282	3.6449	2.959	2.4706	0.0752	36	86	200	149	151	43
1992-25	9226	5.6905	4.8085	4.6753	3.6624	3.0263	2.6316	0.0753	38	96	171	115	132	35
1992-26	9227	5.625	4.8409	4.6344	3.6617	3.0593	2.5957	0.0754	44	98	245	166	159	39
1992-27	9228	5.6774	4.7253	4.5169	3.5532	3.0746	2.5227	0.0755	24	91	205	136	138	49
1992-28	9229	5.5333	4.8427	4.5679	3.5929	3.2206	2.5455	0.0756	35	95	196	145	149	45
1992-29	9230	5.5	4.75	4.484	3.5846	2.9744	2.4889	0.0757	30	96	171	145	143	33
1992-30	9231	5.5714	4.7451	4.608	3.7279	3.1511	2.825	0.0758	18	89	198	137	126	48
1992-31	9232	5.2857	4.8488	4.5278	3.7345	3.2075	2.7407	0.0759	29	107	190	141	149	42
1992-32	9233	6.1429	4.7526	4.5909	3.6239	3.1538	2.4474	0.076	28	88	151	117	109	28
1992-33	9234	5.4211	4.9277	4.6467	3.7365	3.1811	2.6	0.0761	21	99	168	122	119	39
1992-34	9235	5.6129	4.7553	4.6615	3.5033	3.1314	2.6842	0.0762	20	86	163	153	133	36
1992-35	9236	5.5161	4.5856	4.6294	3.4752	3.2698	2.5185	0.0763	31	95	197	157	143	38
1992-36	9237	5.5667	4.5556	4.614	3.6452	3.2282	2.4359	0.0764	32	117	207	149	136	55
1992-37	9238	5.1429	4.75	4.5029	3.6913	3.12	2.4865	0.0765	36	110	192	158	166	41
1992-38	9239	5.4412	4.7156	4.6378	3.6242	3.2105	2.4571	0.0766	31	90	190	156	163	38
1992-39	9240	4.9375	4.598	4.5497	3.6953	3.2403	2.4865	0.0767	38	112	204	155	161	35
1992-40	9241	5.3429	4.7419	4.525	3.7069	3.1966	2.5	0.0768	33	109	193	132	143	37
1992-41	9242	5.9032	4.789	4.545	3.65	3.2313	2.8182	0.0769	36	97	174	123	129	32
1992-42	9243	5.4242	4.9333	4.5354	3.7967	3.4	2.6341	0.077	32	114	207	107	142	22
1992-43	9244	5.1071	4.7363	4.5455	3.6815	3.1226	2.7838	0.0771	34	75	209	129	121	41
1992-44	9245	5.1081	4.7561	4.5607	3.64	3.109	2.8667	0.0772	33	96	236	161	171	38
1992-45	9246	5.4375	4.6596	4.4444	3.5899	3.2185	2.5946	0.0773	39	127	258	157	162	48
1992-46	9247	5.3077	4.6374	4.5317	3.6336	3.1579	2.9231	0.0774	18	97	211	144	128	42
1992-47	9248	5.5	4.642	4.5172	3.7315	3.1973	2.7451	0.0775	26	93	222	137	144	43
1992-48	9249	5.7742	4.6582	4.5026	3.7094	3.1161	2.6154	0.0776	46	83	216	116	165	54
1992-49	9250	5.439	4.7439	4.4753	3.68	3.2901	2.55	0.0777	32	80	211	123	122	42
1992-50	9251	5.3333	4.78	4.5885	3.5631	3.0211	2.5938	0.0778	43	83	178	129	140	40
1992-51	9252	5.1379	4.5315	4.3905	3.6129	3.2405	2.2667	0.0779	27	104	202	112	156	35
1992-52	9253	5.72	4.7727	4.4365	3.6174	3.1	2.5806	0.078	29	112	223	193	181	47
1993-1	9301	5.2778	4.4746	4.3724	3.7	3.1628	2.5588	0.0781	19	61	157	123	94	36
1993-2	9302	5.2308	4.5784	4.4833	3.6993	3.0248	2.5385	0.0782	40	107	205	147	132	39
1993-3	9303	5.7805	4.5	4.5825	3.4892	3.1095	2.5319	0.0783	41	95	214	147	148	50
1993-4	9304	5.5588	4.625	4.4434	3.6323	2.9864	2.5577	0.0784	36	123	233	159	159	52
1993-5	9305	5.6207	4.495	4.434	3.4384	3.1104	2.4419	0.0785	29	103	232	157	166	46
1993-6	9306	5.4545	4.5566	4.4734	3.5329	3.0567	2.5588	0.0786	34	109	215	161	151	37
1993-7	9307	5.7391	4.7377	4.4327	3.5774	3.0764	2.9107	0.0787	50	126	220	177	175	59
1993-8	9308	5.6452	4.6759	4.4848	3.7368	2.8346	2.6	0.0788	34	113	180	137	134	56
1993-9	9309	5.3902	4.8384	4.4615	3.6096	3.1783	2.6	0.0789	44	102	183	151	139	41
1993-10	9310	5.3714	4.8125	4.6316	3.6772	3.1416	2.3556	0.079	38	101	201	136	123	47
1993-11	9311	5.6818	4.602	4.6243	3.6269	2.8359	2.4894	0.0791	24	101	181	140	136	49
1993-12	9312	5.625	4.7053	4.3951	3.6331	3.0381	2.6122	0.0792	41	97	173	145	114	50
1993-13	9313	5.5	4.7312	4.3681	3.6181	3.2288	2.4898	0.0793	47	97	200	149	127	51
1993-14	9314	5.3226	4.6827	4.5556	3.7376	3.0439	2.5789	0.0794	31	106	212	146	123	38
1993-15	9315	5.8	4.6914	4.7107	3.662	3.0571	2.9487	0.0795	33	85	171	150	114	39
1993-16	9316	5.5	4.7816	4.4745	3.7831	3.1613	2.8913	0.0796	47	91	206	172	132	48
1993-17	9317	5.3611	4.6972	4.5422	3.5105	3.1739	2.4107	0.0797	36	111	179	146	126	57
1993-18	9318	5.3636	4.875	4.4811	3.5828	3.1855	2.8182	0.0798	34	113	200	156	136	44
1993-19	9319	5.4375	4.5761	4.5171	3.5556	3.2432	2.7	0.0799	35	96	229	130	117	50
1993-20	9320	5.6757	4.5446	4.5231	3.5321	3.1265	2.4118	0.08	38	117	228	160	180	69
1993-21	9321	5.6552	4.605	4.6512	3.5521	3.194	2.5507	0.0801	29	122	185	170	145	75
1993-22	9322	5.697	4.63	4.6364	3.6646	3.313	2.4848	0.0802	35	104	215	165	129	69
1993-23	9323	5.6552	4.6771	4.6438	3.6029	3.4128	2.5641	0.0803	30	102	156	142	121	39
1993-24	9324	5.4	4.7222	4.4892	3.4902	2.876	2.6207	0.0804	39	114	202	162	143	60
1993-25	9325	5.1212	4.602	4.6354	3.5	2.945	2.7321	0.0805	37	99	200	182	123	56
1993-26	9326	5.7407	4.7863	4.6346	3.5306	3.0661	2.5192	0.0806	27	120	165	152	125	52
1993-27	9327	5.0526	4.7349	4.4966	3.5846	3.0902	2.4615	0.0807	19	88	158	137	132	39
1993-28	9328	5.575	4.6893	4.6121	3.6525	3.1019	2.6512	0.0808	43	110	174	148	112	43
1993-29	9329	4.9048	4.4524	4.4737	3.4522	3.2155	2.5952	0.0809	24	89	183	163	122	43
1993-30	9330	5.3235	4.5856	4.5466	3.5238	3.2121	2.7959	0.081	36	115	169	129	106	49
1993-31	9331	5	4.766	4.6438	3.5217	3.1688	2.2667	0.0811	28	94	154	119	79	30
1993-32	9332	5.68	4.5287	4.4218	3.6042	3	2.4583	0.0812	26	89	161	101	100	48
1993-33	9333	5.4	4.7788	4.6084	3.5469	3.211	2.54	0.0813	26	106	184	136	119	52
1993-34	9334	5.5625	4.7712	4.5094	3.519	3.1639	2.5106	0.0814	33	122	228	160	133	48
1993-35	9335	5.6452	4.7667	4.5291	3.5973	3.0971	2.7442	0.0815	32	96	205	152	112	46
1993-36	9336	5.6053	4.7652	4.5206	3.5263	3.1188	2.6	0.0816	42	121	209	121	104	36
1993-37	9337	5.641	4.713	4.5486	3.6176	3.1628	2.9375	0.0817	44	112	189	140	139	33
1993-38	9338	5.0833	4.5766	4.4407	3.4846	3.112	2.3684	0.0818	26	116	191	134	132	38
1993-39	9339	5.64	4.701	4.5185	3.6532	3.1508	2.4848	0.0819	26	98	201	126	131	35
1993-40	9340	5.0952	4.7262	4.471	3.5772	3.1296	2.4615	0.082	22	88	169	126	115	39
1993-41	9341	5.1304	4.6543	4.5865	3.6442	2.98	2.4375	0.0821	25	84	143	109	107	33
1993-42	9342	5.3793	4.7396	4.6	3.6296	3.0826	2.8947	0.0822	31	103	172	115	120	39
1993-43	9343	5.4839	4.5833	4.5928	3.6991	3.0192	2.6842	0.0823	31	86	179	115	111	40
1993-44	9344	5.4444	4.6893	4.5882	3.6475	3.0645	2.76	0.0824	37	105	150	130	104	51
1993-45	9345	5.32	4.6667	4.5986	3.74	3.0098	2.3056	0.0825	28	89	161	104	117	37
1993-46	9346	5.5185	4.6806	4.539	3.6417	3.1224	2.66	0.0826	27	74	152	123	105	50
1993-47	9347	5.2424	4.7755	4.3846	3.5917	3.1371	2.5	0.0827	34	101	173	126	131	39
1993-48	9348	5.4242	4.6444	4.5276	3.5478	3.1284	2.6444	0.0828	35	95	171	117	117	46
1993-49	9349	5.25	4.7582	4.6369	3.5439	3.0574	2.5111	0.0829	33	96	188	118	132	46
1993-50	9350	5.4706	4.9195	4.5202	3.5887	3.0086	2.3958	0.083	35	91	180	131	123	49
1993-51	9351	5.1563	4.6525	4.6302	3.5924	3.1783	2.5	0.0831	33	124	204	160	168	46
1993-52	9352	5.65	4.5195	4.5	3.6122	3.019	2.8966	0.0832	21	82	126	106	112	30
1994-1	9401	5.1481	4.9367	4.3556	3.4396	3.068	2.4	0.0833	29	83	142	95	110	43
1994-2	9402	5.0882	4.6778	4.3728	3.5191	3.0787	2.45	0.0834	38	92	177	132	135	41
1994-3	9403	5.1579	4.5847	4.538	3.5076	3.2481	2.4884	0.0835	41	122	170	137	141	45
1994-4	9404	5.6286	4.6556	4.474	3.6195	2.9338	2.6136	0.0836	36	91	167	118	158	45
1994-5	9405	5.25	4.6466	4.5514	3.6687	3.0759	2.6852	0.0837	37	117	195	171	164	56
1994-6	9406	5.1875	4.7456	4.2638	3.5641	2.9514	2.4237	0.0838	34	118	173	162	152	61
1994-7	9407	5.2143	4.625	4.4503	3.6721	2.8915	2.48	0.0839	30	108	156	127	143	52
1994-8	9408	5.3333	4.578	4.4044	3.688	2.9857	2.4865	0.084	32	110	149	130	148	38
1994-9	9409	5.8529	4.6754	4.2794	3.6803	3.0432	2.6316	0.0841	36	116	148	125	168	59
1994-10	9410	5.3056	4.6434	4.3671	3.681	3.0881	2.5556	0.0842	38	143	171	168	167	66
1994-11	9411	5.1316	4.4754	4.4058	3.6423	2.9735	2.6897	0.0843	41	128	141	141	153	59
1994-12	9412	5.0303	4.4962	4.3534	3.7794	2.9925	2.5	0.0844	35	141	141	139	138	68
1994-13	9413	5.1176	4.6356	4.5597	3.6	3.1875	2.5556	0.0845	55	126	149	143	146	56
1994-14	9414	5.4324	4.4483	4.4059	3.5822	2.9057	2.6047	0.0846	40	90	110	147	109	47
1994-15	9415	5.1129	4.5021	4.3728	3.6735	3.123	2.6104	0.0847	69	245	247	254	329	83
1994-16	9416	5.4	4.6376	4.4126	3.6306	3.0507	2.5529	0.0848	88	226	281	272	351	89
1994-17	9417	5.0789	4.7313	4.436	3.6448	3.0353	2.4824	0.0849	78	238	302	273	367	87
1994-18	9418	5.2973	4.7807	4.4356	3.675	3.0244	2.6053	0.085	38	119	170	123	171	38
1994-19	9419	5.2941	4.4615	4.461	3.6605	2.9348	2.5897	0.0851	37	113	154	167	192	40
1994-20	9420	4.825	4.6993	4.5755	3.6301	2.9885	2.3333	0.0852	41	146	147	154	183	38
1994-21	9421	5.119	4.5706	4.4255	3.4671	3.0994	2.2963	0.0853	44	166	148	157	180	27
1994-22	9422	5	4.6343	4.4458	3.61	3.0268	2.5068	0.0854	80	280	257	315	400	76
1994-23	9423	5.525	4.5	4.3846	3.7171	3.0165	2.6452	0.0855	42	128	160	160	199	34
1994-24	9424	4.8824	4.5775	4.4828	3.5866	3.0057	2.5135	0.0856	37	148	185	192	193	37
1994-25	9425	5	4.609	4.4899	3.6596	3.1005	2.4118	0.0857	38	165	160	145	208	34
1994-26	9426	4.9714	4.622	4.5033	3.5298	3.0924	2.359	0.0858	36	170	159	159	196	39
1994-27	9427	5.025	4.5784	4.3986	3.5327	3.0571	2.8	0.0859	43	104	149	110	150	26
1994-28	9428	5.3571	4.6224	4.5217	3.5161	3.0765	2.1739	0.086	32	102	150	130	211	24
1994-29	9429	4.9583	4.6901	4.6489	3.6074	2.9899	2.7273	0.0861	54	146	206	169	207	22
1994-30	9430	5.037	4.8209	4.4286	3.7578	2.9543	2.5714	0.0862	27	136	160	134	209	37
1994-31	9431	5.25	4.6667	4.5508	3.5455	3.0634	2.4444	0.0863	38	129	123	113	149	27
1994-32	9432	5.0833	4.6176	4.472	3.5705	3.1053	2.1875	0.0864	26	139	166	160	199	32
1994-33	9433	5.5714	4.6596	4.5432	3.5949	3	2.766	0.0865	37	152	177	164	225	47
1994-34	9434	5.0313	4.7468	4.5273	3.7256	2.9657	2.3158	0.0866	34	159	176	169	216	40
1994-35	9435	5.4615	4.5597	4.5247	3.5887	3.0324	2.3871	0.0867	54	139	175	145	226	32
1994-36	9436	5.4423	4.6382	4.2667	3.5789	3.1202	2.5294	0.0868	52	159	203	159	216	34
1994-37	9437	5.4103	4.6102	4.5235	3.544	2.9942	2.5517	0.0869	41	120	159	127	181	29
1994-38	9438	5.5294	4.6349	4.5689	3.6928	2.9802	2.6304	0.087	35	131	177	173	221	50
1994-39	9439	5.2162	4.6579	4.5368	3.6131	3.1512	2.375	0.0871	41	117	145	139	187	25
1994-40	9440	5.2571	4.5455	4.5032	3.7226	3.156	2.6667	0.0872	38	103	162	144	154	30
1994-41	9441	5.6667	4.5	4.2688	3.5797	3.125	2.5909	0.0873	30	113	169	143	173	47
1994-42	9442	5.4074	4.5354	4.3833	3.5048	3.1258	2.4615	0.0874	27	101	124	109	159	26
1994-43	9443	5.1667	4.7227	4.3869	3.6	3.1224	2.6857	0.0875	28	124	150	119	154	36
1994-44	9444	5.4688	4.5593	4.3846	3.5417	3.1283	2.5429	0.0876	32	122	162	128	195	36
1994-45	9445	5.1429	4.6	4.2764	3.6277	3.0802	2.5625	0.0877	29	125	136	142	170	35
1994-46	9446	5.3857	4.6337	4.3728	3.5179	3.017	2.6	0.0878	77	250	294	257	316	83
1994-47	9447	5.2687	4.5773	4.4126	3.7046	3.1231	2.3393	0.0879	72	202	302	245	295	58
1994-48	9448	5.2778	4.5815	4.5238	3.5023	3.1333	2.5814	0.088	81	236	288	228	329	88
1994-49	9449	5.1842	4.5307	4.3839	3.5549	2.9585	2.4557	0.0881	48	186	231	185	239	83
1994-50	9450	5.2456	4.6638	4.3598	3.6134	3.0192	2.3056	0.0882	57	239	251	210	278	72
1994-51	9451	5.4194	4.7184	4.3717	3.581	3.0902	2.2059	0.0883	34	107	119	111	144	35
1994-52	9452	5.1818	4.4861	4.4524	3.5857	3.2889	2.3333	0.0884	12	74	86	71	96	12
1995-1	9501	5.5758	4.4762	4.3115	3.5273	3.0504	2.7209	0.0885	33	107	129	116	143	44
1995-2	9502	5.6563	4.543	4.2465	3.4954	3.0881	2.7838	0.0886	36	157	154	112	167	39
1995-3	9503	5.2373	4.679	4.4448	3.6477	3.2422	2.6344	0.0887	65	280	338	274	353	94
1995-4	9504	5.1692	4.6067	4.299	3.6402	3.1304	2.6494	0.0888	67	275	322	275	340	79
1995-5	9505	4.9655	4.7063	4.3526	3.6077	3.1271	2.3143	0.0889	29	145	166	135	203	35
1995-6	9506	5.2778	4.6992	4.3018	3.6467	3.2431	2.4872	0.089	38	138	172	155	189	39
1995-7	9507	5.4048	4.7338	4.2804	3.7172	3.191	2.4884	0.0891	45	142	198	151	186	47
1995-8	9508	5.1644	4.5316	4.351	3.5972	3.1605	2.5802	0.0892	77	271	329	286	409	89
1995-9	9509	5.2381	4.6213	4.2625	3.6267	3.0727	2.7051	0.0893	86	282	318	226	353	79
1995-10	9510	5.2667	4.5414	4.4028	3.5313	3.0506	2.537	0.0894	31	163	153	100	165	56
1995-11	9511	5.0316	4.5802	4.3627	3.7151	2.9709	2.5673	0.0895	101	444	294	194	331	105
1995-12	9512	5.641	4.5	4.4895	3.5165	3.0791	2.5682	0.0896	41	225	148	93	193	45
1995-13	9513	5.3429	4.6413	4.2593	3.7103	3.1282	2.814	0.0897	38	194	150	109	168	44
1995-14	9514	5.5952	4.6686	4.2977	3.5688	3.0357	2.4894	0.0898	44	182	140	111	179	48
1995-15	9515	5.15	4.6458	4.224	3.596	2.9937	2.4464	0.0899	43	200	135	104	168	57
1995-16	9516	5.4722	4.4052	4.2733	3.5946	3.0625	2.7091	0.09	37	241	166	115	180	56
1995-17	9517	4.9412	4.5837	4.2609	3.7677	3.1133	2.5526	0.0901	36	217	144	104	160	40
1995-18	9518	5.3125	4.637	4.5045	3.6923	3.15	2.6579	0.0902	32	152	119	94	169	39
1995-19	9519	5.3333	4.537	4.2571	3.5755	3.1377	2.717	0.0903	22	173	148	107	174	55
1995-20	9520	5.2571	4.6108	4.4336	3.6129	3.0584	3.0732	0.0904	40	174	119	129	144	42
1995-21	9521	5.5882	4.4545	4.2821	3.6667	3.2109	2.6061	0.0905	35	138	118	90	136	33
1995-22	9522	5.5161	4.6316	4.4605	3.6033	3.1111	2.5854	0.0906	34	177	154	123	180	41
1995-23	9523	5.2353	4.4865	4.2881	3.7449	3.0515	2.7674	0.0907	36	152	127	101	149	44
1995-24	9524	5.0303	4.6467	4.4355	3.648	2.9677	2.6905	0.0908	33	187	136	128	165	44
1995-25	9525	5.5588	4.4941	4.3985	3.5351	3.2795	2.6909	0.0909	35	181	141	123	177	55
1995-26	9526	5.2647	4.66	4.3388	3.6609	3.1141	2.5385	0.091	35	156	126	117	158	54
1995-27	9527	4.963	4.6597	4.2419	3.5326	3.195	2.7333	0.0911	30	149	131	94	171	45
1995-28	9528	5.0882	4.6011	4.4419	3.6286	3.2267	2.6333	0.0912	36	186	139	109	183	60
1995-29	9529	5.2667	4.7129	4.4444	3.5802	3.3333	2.5246	0.0913	30	213	146	132	202	62
1995-30	9530	4.9231	4.6545	4.5139	3.5492	3.2196	2.4	0.0914	29	194	152	125	227	55
1995-31	9531	5.3636	4.6831	4.5317	3.5361	3.0353	2.6786	0.0915	22	149	130	99	182	29
1995-32	9532	5.25	4.5783	4.4846	3.8296	3.1189	2.6667	0.0916	48	172	137	140	189	46
1995-33	9533	5.0909	4.5814	4.491	3.6783	3.1244	2.8	0.0917	44	221	183	144	222	66
1995-34	9534	5.093	4.5964	4.3802	3.7054	3.2315	2.6545	0.0918	44	231	198	135	221	57
1995-35	9535	5.5758	4.5258	4.3812	3.7734	3.0753	2.6406	0.0919	37	205	191	133	199	65
1995-36	9536	5.5667	4.6061	4.3684	3.582	3.1257	2.7941	0.092	31	175	143	123	200	38
1995-37	9537	5.3846	4.5899	4.3511	3.6538	3.2326	2.7674	0.0921	46	143	135	136	182	44
1995-38	9538	5.3529	4.5291	4.6047	3.6091	3.242	2.8043	0.0922	41	194	138	115	170	46
1995-39	9539	5.3673	4.5114	4.442	3.681	3.2446	2.8302	0.0923	50	182	151	119	193	54
1995-40	9540	5.725	4.3176	4.4074	3.7545	3.0722	2.7436	0.0924	42	154	144	113	187	39
1995-41	9541	5.5625	4.5369	4.439	3.5579	3.2604	2.7027	0.0925	36	159	132	98	180	37
1995-42	9542	5.4324	4.5705	4.4876	3.6374	3.2535	2.6571	0.0926	39	156	129	97	148	36
1995-43	9543	5.303	4.6	4.392	3.7182	3.1299	2.439	0.0927	36	174	135	111	190	42
1995-44	9544	5.4333	4.4795	4.3712	3.617	3.1419	2.7949	0.0928	32	178	143	97	159	40
1995-45	9545	5.4667	4.559	4.3984	3.6092	3.2611	2.5455	0.0929	32	162	135	89	190	45
1995-46	9546	5.0294	4.7313	4.3389	3.4762	3.1909	2.7952	0.093	73	334	259	240	372	83
1995-47	9547	5.3171	4.5628	4.5523	3.7459	3.2727	2.8163	0.0931	44	211	183	129	229	52
1995-48	9548	5.48	4.6632	4.4358	3.6565	3.1902	2.6542	0.0932	80	296	278	235	325	108
1995-49	9549	5.2667	4.6142	4.4755	3.6571	3.3224	2.7143	0.0933	33	132	157	106	161	42
1995-50	9550	5.1429	4.5514	4.5523	3.7031	3.1226	2.5536	0.0934	36	222	186	134	229	56
1995-51	9551	5	4.6732	4.627	3.6893	3.129	2.6327	0.0935	39	155	129	108	168	51
1995-52	9552	5.1818	4.6885	4.5417	3.5952	3.1571	2.7222	0.0936	11	61	50	42	71	18
1996-1	9601	5.35	4.6569	4.4667	3.7679	3.2231	2.8333	0.0937	20	108	97	57	134	42
1996-2	9602	5.0811	4.7657	4.5099	3.5221	3.1762	2.7885	0.0938	38	180	159	115	205	54
1996-3	9603	5.1951	4.578	4.5	3.6875	3.0879	2.8182	0.0939	44	181	172	117	199	56
1996-4	9604	5.25	4.5663	4.2922	3.6455	3.2428	2.5455	0.094	37	169	165	114	190	47
1996-5	9605	5.0444	4.4898	4.5035	3.6733	3.1398	2.9216	0.0941	51	150	151	104	194	53
1996-6	9606	5.4231	4.5633	4.424	3.6364	3.2067	2.6557	0.0942	56	165	138	115	164	61
1996-7	9607	5.3158	4.6575	4.3696	3.5887	3.1905	2.4655	0.0943	40	149	140	128	160	58
1996-8	9608	5.12	4.7241	4.4154	3.6829	3.2143	3.025	0.0944	26	150	138	87	162	41
1996-9	9609	5.3243	4.5223	4.2284	3.6129	3.1844	2.8472	0.0945	39	162	168	124	190	73
1996-10	9610	5.1579	4.6667	4.3907	3.7807	3.1104	2.5741	0.0946	42	148	157	117	168	54
1996-11	9611	5.22	4.5115	4.298	3.5505	3.2674	2.8571	0.0947	54	178	160	111	199	85
1996-12	9612	5.0811	4.4036	4.3836	3.5917	3.119	2.5412	0.0948	37	174	166	124	176	87
1996-13	9613	5.2692	4.5789	4.3007	3.6458	3.191	2.8406	0.0949	26	177	153	102	184	72
1996-14	9614	5.1282	4.6715	4.3724	3.5952	3.2222	2.5417	0.095	42	143	154	131	170	49
1996-15	9615	5.2188	4.3357	4.3307	3.5636	3.2067	2.6438	0.0951	35	145	137	111	189	74
1996-16	9616	4.8857	4.6791	4.1857	3.614	3.1667	2.8209	0.0952	35	139	143	115	162	70
1996-17	9617	5.4857	4.6763	4.2252	3.5745	3.1961	2.697	0.0953	36	143	155	96	160	69
1996-18	9618	5.087	4.6697	4.2252	3.7215	3.1716	2.6047	0.0954	24	114	122	81	138	43
1996-19	9619	5.2414	4.5369	4.2583	3.6395	2.9932	2.8276	0.0955	36	155	126	89	156	58
1996-20	9620	5.3103	4.664	4.3866	3.5	2.9846	2.6034	0.0956	30	127	122	97	137	58
1996-21	9621	4.9714	4.6569	4.3929	3.5789	3.072	2.4464	0.0957	36	139	120	99	133	57
1996-22	9622	5.2963	4.5481	4.2308	3.5224	3.1417	2.7442	0.0958	28	108	121	67	129	43
1996-23	9623	5.2432	4.5769	4.3636	3.44	3.1377	2.5122	0.0959	37	136	139	77	146	45
1996-24	9624	5.375	4.5593	4.4554	3.6923	3.0496	2.8	0.096	34	121	110	81	127	51
1996-25	9625	5.2973	4.3394	4.301	3.5432	2.9167	2.8036	0.0961	38	112	113	84	165	58
1996-26	9626	5.4762	4.7568	4.4863	3.5327	3.1257	2.6667	0.0962	42	151	153	110	179	63
1996-27	9627	5.4643	4.6769	4.3465	3.5667	3.2069	2.5625	0.0963	30	134	131	92	152	51
1996-28	9628	5.1667	4.7353	4.4251	3.3462	3.2833	2.6349	0.0964	50	176	171	109	193	63
1996-29	9629	5.32	4.5114	4.4505	3.5614	3.1585	2.7647	0.0965	26	92	94	60	91	38
1996-30	9630	5.9231	4.7286	4.3295	3.6981	3.1047	2.6765	0.0966	15	72	91	55	93	34
1996-31	9631	5.4	4.6533	4.4857	3.5918	3.0471	2.6563	0.0967	17	82	71	51	92	32
1996-32	9632	5.3684	4.6923	4.5488	3.7619	3.2432	2.5957	0.0968	21	97	87	43	116	50
1996-33	9633	5	4.5833	4.4545	3.5156	3.2095	2.9355	0.0969	18	87	93	65	109	32
1996-34	9634	5	4.5385	4.2593	3.6105	3.1438	2.6531	0.097	31	135	142	96	162	52
1996-35	9635	5.3429	4.6192	4.2874	3.6497	3.2573	2.4828	0.0971	74	290	275	199	334	88
1996-36	9636	5.2973	4.4599	4.4034	3.69	3.1645	2.7273	0.0972	37	140	125	102	165	46
1996-37	9637	5.4444	4.3839	4.3846	3.6351	3.32	2.8	0.0973	28	122	136	79	186	45
1996-38	9638	5.5313	4.5833	4.4575	3.6058	3.1027	2.6364	0.0974	34	160	163	110	201	57
1996-39	9639	5.2857	4.6455	4.5	3.5	3.089	2.7429	0.0975	23	113	120	61	159	38
1996-40	9640	5.1351	4.5403	4.4727	3.5921	3.2331	2.8431	0.0976	40	126	115	80	152	52
1996-41	9641	5.2045	4.578	4.6111	3.5758	3.0826	2.6207	0.0977	47	177	174	103	233	58
1996-42	9642	5.2647	4.5211	4.3907	3.6893	3.1143	2.7966	0.0978	35	152	162	108	187	60
1996-43	9643	5.6	4.6726	4.6087	3.4247	3.2209	2.825	0.0979	26	120	119	78	173	41
1996-44	9644	5.375	4.7266	4.3881	3.4419	3.1971	2.6429	0.098	25	150	145	90	145	43
1996-45	9645	5.2273	4.6803	4.5727	3.6486	3.2041	3.0444	0.0981	22	127	118	79	156	45
1996-46	9646	5.619	4.4655	4.5172	3.6604	3.0576	2.8235	0.0982	23	118	126	54	145	52
1996-47	9647	5.1	4.5446	4.4068	3.4068	3.209	2.7879	0.0983	21	107	123	60	140	33
1996-48	9648	5	4.3661	4.4088	3.5278	3.1957	2.8246	0.0984	27	117	143	76	145	58
1996-49	9649	5	4.4196	4.5083	3.6622	3.1626	2.6296	0.0985	26	117	128	76	132	54
1996-50	9650	5.1154	4.4836	4.3652	3.6833	3.3537	2.7419	0.0986	29	126	126	61	161	64
1996-51	9651	5.3462	4.4754	4.3071	3.6375	3.2013	2.9833	0.0987	29	127	149	80	166	61
1996-52	9652	4.375	4.8511	4.4545	3.6216	3.1077	2.3333	0.0988	16	47	61	39	69	22
