35.4118624192515
35.9165699921359
37.1348892552543
36.6878726556883
39.1790760483195
39.4334883062607
40.681691213616
40.6324993078201
38.7298334620742
39.2173431022552
38.5486705347928
37.3363094051889
37.5366487582469
37.2424488990721
39.2810386828047
38.7556447501522
41.146081222882
40.1995024844835
42.9068759058499
42.2729227756965
40.3856410126173
40.6078810084939
39.8246155034797
38.7298334620742
38.6910842443062
38.2491829978106
40.5955662603689
39.9374510954317
42.154477816716
42.7083130081252
44.6542271235322
42.8368999812078
42.2729227756965
41.2189276910499
40.4103947023535
40.5585995813465
39.9624824053762
39.7114593033296
41.3400532171888
41.9046536795139
44
45.2990066116245
45.8802789878178
44.8998886412873
43.7492857084547
43.8748219369606
42.7083130081252
42.0119030752
41.4849370253831
41.8568990729127
43.7492857084547
43.0929228528305
46.4650406219558
46.8508271004899
47.8225888048734
47.7074417675062
45.7820925690384
45.3321078265725
44.7660585711988
43.8634243989226
43.0232495285979
42.8835632847831
44.9332838773219
44.0113621693308
47.6445169982864
47.4447046571058
48.8057373676497
48.6209831245729
46.1410879802373
45.9347363114234
45.5192267069642
44.497190922574
44.6654228682546
43.9545219516718
46.593991028887
46.4973117502507
49.8898787330657
49.2341345003647
51.3906606301184
51.2835256198323
48.2078831727758
49.1121166312347
47.7912125813941
46.7546789102438
46.7332857821917
46.3033476111609
48.7749935930288
48.8159809898357
52.1248501196886
52.6687763290548
55.2358579185659
53.7680202350803
51.1175116765282
50.9901951359278
49.9299509312797
49.0917508345343
48.8876262463213
49.6286207747102
51.1468474101777
52.2876658496055
54.4977063737548
55.9016994374947
57.8100337311785
56.630380539071
54.4426303552648
54.0277706369604
52.5737577123797
52.2685373814879
51.2054684579684
51.9422756528822
54.3139024560011
53.8052042092584
56.5685424949238
58.3780780773057
60.654760736483
58.9321643926302
56.1604843283959
55.7404700374871
55.2449092677325
54.018515344278
52.7825728815866
52.3354564325181
55.9016994374947
55.0726792520575
59.042357676502
60.5061980296234
62.6657801355732
62.0564259364008
58.7877538267963
58.2237065120385
57.2712842531054
56.2672195865408
55.4977477020464
55.3985559378582
57.7927331071995
57.5325994545701
61.6279157525224
62.3137224052616
64.7379332385581
64.9076266705231
61.367743970265
60.2328813855024
59.3295878967653
57.6367938039582
57.0087712549569
57.3323643328966
59.5986577030054
58.6515131944607
64.4437739428721
65.3069674690228
68.2275604136627
67.0223843204642
63.6474665638782
62.984124983999
61.7008914036094
60.3241245274227
60.390396587537
59.6657355607052
62.6817357768593
62.1128006130781
66.9701426010128
68.5346627627217
70.5478560978291
68.3739716558867
67.7938050267132
67.014923711066
64.2417309853961
64.3739077577243
63.3561362458286
63.1981012372998
65.7267069006199
66.332495807108
70.7248188403477
71.3512438574129
73.9662085009094
72.0624728967859
70.6894617322837
68.8258672302791
67.4240313241503
67.0671305484288
65.9545297913646
64.8536814683638
68.869441699494
67.6904720030818
72.0485947121802
73.8715100698503
76.752850109947
74.953318805774
71.8192174839019
70.9224929059886
69.2820323027551
68.2202316032422
66.7308024828115
66.6333249958307
70.3206939669967
69.1953755680248
73.6545993132812
75.538069872085
77.8524244966077
76.4591394144611
72.4016574395918
73.5391052434009
71.5122367151245
71.0070419043069
70.7672240518165
68.2422156732912
73.2051910727648
72.0624728967859
76.752850109947
77.3304597167248
79.9374755668454
79.7872170212748
75.8683069535626
75.0999334220743
73.6817480791546
73.4710827468876
73.5730929076656
71.7007670809734
75.4652237789036
74.5251635355468
79.8060148109151
81.1911325207378
84.303024856763
83.168503653727
79.7057087039567
78.7718223732319
76.3544366752843
75.1398695766768
73.3416661932356
74.0877857679658
76.3151361133556
76.8570100901668
80.5108688314814
82.4317899842045
83.8331676605387
82.3164625090267
79.2085853932514
79.7621464104371
77.0713954719908
77.1880819816116
75.953933407033
76.7267880208731
79.7934834431985
78.5175139698144
82.8733974204026
84.8587060943072
87.1837140755084
87.0689382041609
84.2021377400835
82.7103379270089
80.049984384758
80.2184517427256
78.587530817554
78.3453891432036
81.9573059586514
80.4363102087608
85.5102333057278
88.1078884096083
90.3935838431025
88.2496458916408
85.5043858524228
81.7251491280377
81.8779579618349
82
80.9444253793922
80.1685723959208
84.291162051546
82.8794304999738
87.6527238595584
89.8999443826302
92.4932429964481
91.5751057875447
86.9079973305104
86.0116271209887
84.332674569232
82.981925742899
84.1249071321924
82.5832912882503
86.1742420912421
84.5162706228806
90.890043459116
90.7744457432817
94.7470316157715
94.8208837756746
89.5879456177001
88.9438024822416
86.6602561731732
85.9127464349732
85.8254041645013
86.104587566517
88.4533775499839
86.7409937688058
90.9890103254233
93.3113069247238
97.3960984844875
94.7259204230817
90.7248587764125
90.5869747811461
89.0337014843256
89.4371287553441
88.5098864534352
86.7236991830953
91.016482023862
89.4371287553441
94.5515732285825
96.8555625661221
100.38924245157
98.9747442532689
92.038035615717
92.5850959928216
90.2773504263389
90.37698822156
90.3659227806588
88.8988188897918
92.768529146473
89.8387444257765
95.8018788959799
99.3629709700752
102.352332655392
96.4157663455516
93.9042065085478
93.2577074562741
91.5478017212866
91.0659101969557
89.1178994366452
89.4483090952534
93.5093578204876
91.6351460958076
95.4725091322104
98.8584847142621
101.774260007135
99.2421281513047
95.3047742770529
95.6190357617143
93.8083151964686
93.4933152690608
92.1520482680662
93.7816613203242
96.7160793250016
93.7869927015468
100.359354322355
100.866248071394
106.423681575108
103.653268158799
99.025249305417
98.6914383318026
96.8142551487125
96.1457227337753
96.9896901737499
93.9521154631443
99.3981891183134
96.7677632272235
102.85912696499
104.398275847832
108.106429041015
106.207344378814
101.034647522521
101.054440773278
98.6154146165801
98.5951317256587
99.2270124512473
96.9896901737499
101.316336293808
99.8498873309329
103.927859595009
106.047159320747
110.304125036193
107.601115235856
103.174609279609
103.01941564579
100.518654985032
101.725119808236
101.306465736398
99.8649087517733
103.937481208657
102.024506859872
107.042047812997
108.834737101718
112.066944278855
109.863551735778
105.929221652951
106.480045078878
103.735239913927
104.938076978759
104.513157066467
103.874924789383
106.897146828154
103.86529738079
108.498847920151
110.0181803158
112.401067610588
113.013273556693
108.46197490365
109.343495462693
107.91663449163
108.397416943394
107.168092266308
105.820602908885
110.747460467498
108.185026690388
111.440567119878
115.147731197796
118.088949525347
117.639279154541
111.296900226376
112.008928215567
109.717819883554
109.439480992921
111.067547015319
108.595580020551
113.476869889859
109.192490584289
115.351636312624
118.27087553578
118.33004690272
119.733036376766
113.432799489389
112.787410644983
111.575086824972
112.632144612451
113.181270535367
109.612955438671
113.525327570547
111.494394477929
116.185196991699
114.078920050989
119.565881421081
118.848643240047
113.212190156361
113.410757867144
111.575086824972
111.754194552151
112.343224094736
111.265448365609
114.118359609661
110.914381393938
115.494588617822
117.579760163048
120.116610008774
118.957975772959
115.563835173466
114.429017298935
112.498888883402
111.512331156693
115.269250019248
111.507847257491
114.930413729352
113.212190156361
117.243336697656
119.411054764624
120.789072353421
119.808180021232
115.126017910809
116.034477634882
115.334296720446
116
114.764977236089
111.879399354841
116.142154276559
111.843640856331
117.409539646487
117.98728745081
120.84287318663
121.445461010282
116.361505662311
116.004310264748
115.078234258264
116.576155366353
116.133543819174
113.030969207558
117.524465538032
114.157785542643
119.448733773113
120.303782151685
123.93143265532
120.237265437966
