 1254 
 1290 
 1379 
 1346 
 1535
 1555
 1655
 1651
 1500
 1538
 1486
 1394
 1409
 1387
 1543
 1502
 1693
 1616
 1841
 1787
 1631
 1649
 1586
 1500
 1497
 1463
 1648
 1595
 1777
 1824
 1994
 1835
 1787
 1699
 1633
 1645
 1597
 1577
 1709
 1756
 1936
 2052
 2105
 2016
 1914
 1925
 1824
 1765
 1721
 1752
 1914
 1857
 2159
 2195
 2287
 2276
 2096
 2055
 2004
 1924
 1851
 1839
 2019
 1937
 2270
 2251
 2382
 2364
 2129
 2110
 2072
 1980
 1995
 1932
 2171
 2162
 2489
 2424
 2641
 2630
 2324
 2412
 2284
 2186
 2184
 2144
 2379
 2383
 2717
 2774
 3051
 2891
 2613
 2600
 2493
 2410
 2390
 2463
 2616
 2734
 2970
 3125
 3342
 3207
 2964
 2919
 2764
 2732
 2622
 2698
 2950
 2895
 3200
 3408
 3679
 3473
 3154
 3107
 3052
 2918
 2786
 2739
 3125
 3033
 3486
 3661
 3927
 3851
 3456
 3390
 3280
 3166
 3080
 3069
 3340
 3310
 3798
 3883
 4191
 4213
 3766
 3628
 3520
 3322
 3250
 3287
 3552
 3440
 4153
 4265
 4655
 4492
 4051
 3967
 3807
 3639
 3647
 3560
 3929
 3858
 4485
 4697
 4977
 4675
 4596
 4491
 4127
 4144
 4014
 3994
 4320
 4400
 5002
 5091
 5471
 5193
 4997
 4737
 4546
 4498
 4350
 4206
 4743
 4582
 5191
 5457
 5891
 5618
 5158
 5030
 4800
 4654
 4453
 4440
 4945
 4788
 5425
 5706
 6061
 5846
 5242
 5408
 5114
 5042
 5008
 4657
 5359
 5193
 5891
 5980
 6390
 6366
 5756
 5640
 5429
 5398
 5413
 5141
 5695
 5554
 6369
 6592
 7107
 6917
 6353
 6205
 5830
 5646
 5379
 5489
 5824
 5907
 6482
 6795
 7028
 6776
 6274
 6362
 5940
 5958
 5769
 5887
 6367
 6165
 6868
 7201
 7601
 7581
 7090
 6841
 6408
 6435
 6176
 6138
 6717
 6470
 7312
 7763
 8171
 7788
 7311
 6679
 6704
 6724
 6552
 6427
 7105
 6869
 7683
 8082
 8555
 8386
 7553
 7398
 7112
 6886
 7077
 6820
 7426
 7143
 8261
 8240
 8977
 8991
 8026
 7911
 7510
 7381
 7366
 7414
 7824
 7524
 8279
 8707
 9486
 8973
 8231
 8206
 7927
 7999
 7834
 7521
 8284
 7999
 8940
 9381
10078
 9796
 8471
 8572
 8150
 8168
 8166
 7903
 8606
 8071
 9178
 9873
10476
 9296
 8818
 8697
 8381
 8293
 7942
 8001
 8744
 8397
 9115
 9773
10358
 9849
 9083
 9143
 8800
 8741
 8492
 8795
 9354
 8796
10072
10174
11326
10744
 9806
 9740
 9373
 9244
 9407
 8827
 9880
 9364
10580
10899
11687
11280
10208
10212
 9725
 9721
 9846
 9407
10265
 9970
10801
11246
12167
11578
10645
10613
10104
10348
10263
 9973
10803
10409
11458
11845
12559
12070
11221
11338
10761
11012
10923
10790
11427
10788
11772
12104
12634
12772
11764
11956
11646
11750
11485
11198
12265
11704
12419
13259
13945
13839
12387
12546
12038
11977
12336
11793
12877
11923
13306
13988
14002
14336
12867
12721
12449
12686
12810
12015
12888
12431
13499
13014
14296
14125
12817
12862
12449
12489
12621
12380
13023
12302
13339
13825
14428
14151
13355
13094
12656
12435
13287
12434
13209
12817
13746
14259
14590
14354
13254
13464
13302
13456
13171
12517
13489
12509
13785
13921
14603
14749
13540
13457
13243
13590
13487
12776
13812
13032
14268
14473
15359
14457
