7.13409372119287
7.16239749735572
7.2291138777933
7.20489251020467
7.3362856600213
7.34923082461334
7.41155628781116
7.40913644392013
7.3132203870903
7.33823815006559
7.3038432252777
7.23993259132047
7.25063551189868
7.23489842031483
7.34148385236316
7.31455283232408
7.43425738213314
7.38770923908104
7.51806418123308
7.48829351515943
7.39694860262101
7.4079243225596
7.36897040219479
7.3132203870903
7.31121838441963
7.28824440102012
7.40731771046942
7.37462901521894
7.48268182815465
7.50878717063428
7.59789795052178
7.51479976048867
7.48829351515943
7.43779512167193
7.39817409297046
7.40549566319947
7.37588214821501
7.36327958696304
7.44366368311559
7.47079377419506
7.56837926783652
7.62657020629066
7.65207074611648
7.60887062919126
7.5569505720129
7.56268124672188
7.50878717063428
7.4759059693674
7.45066079621154
7.46851327149634
7.5569505720129
7.52671756135271
7.67740043051481
7.69393732550927
7.73499619402278
7.73017479524622
7.64778604544093
7.62803112693034
7.60290046220476
7.56216163122565
7.5234813125735
7.51697722460432
7.61035761831284
7.568895663407
7.72753511047545
7.71912984090673
7.77569574991524
7.76811037852599
7.66340766489348
7.65444322647011
7.63626960337937
7.59085212368858
7.59839932932396
7.56631101477246
7.68294316987829
7.67878899819915
7.81963630236759
7.7931743471892
7.87891291229713
7.87473912517181
7.7510451179718
7.78821155784708
7.7336835707759
7.68982866873648
7.6889133368648
7.67042852219069
7.77443551030296
7.77611547709874
7.90728360942635
7.92804560087478
8.02322468471667
7.96935774201635
7.86825426552061
7.86326672400957
7.82124208352356
7.7873820264847
7.77904864492556
7.80913539812054
7.86940171257709
7.9135210172839
7.99631723179675
8.0471895621705
8.11432470915534
8.07309119969315
7.99429498641598
7.97899637085412
7.92443418488756
7.91278922069068
7.87169266432364
7.9002660367677
7.98956044933386
7.9707403900071
8.07090608878782
8.13388088794921
8.21039625510477
8.15277405274408
8.05642676752298
8.04141290939305
8.02355239240435
7.97865372908273
7.93236215433975
7.91534816926308
8.0471895621705
8.01730750768858
8.15651022607997
8.20549161312024
8.27563105457801
8.25608813381491
8.14786712992395
8.1285852003745
8.09559870137819
8.06022424044096
8.03268487596762
8.02910705461974
8.11372608597075
8.10470346837111
8.24222989137223
8.26436332973167
8.34069464792507
8.34593026197902
8.2337687092171
8.19643681123503
8.16621626859214
8.10832229017324
8.08641027532378
8.09773057366422
8.17526610411206
8.14322675036744
8.33158624363076
8.35819745992578
8.44569718971117
8.41005331585834
8.30671904320269
8.28576542051433
8.2445967563825
8.19946419761216
8.20166019080868
8.17751582384608
8.27614021955846
8.25790419346567
8.4084937744929
8.454679286027
8.51258257885855
8.44998444172279
8.43294163896865
8.40983067308774
8.32530602975258
8.32941678393932
8.29754352935628
8.29254851397576
8.37101068123816
8.38935981990635
8.51759311143756
8.53522955390234
8.60721669406383
8.55506684384432
8.51659301134421
8.46315930292375
8.42200300441249
8.41138813251926
8.37793112408273
8.34426735626264
8.46442512587758
8.42989086301344
8.55468163582723
8.60465446718623
8.68118104152169
8.63373100766419
8.54830418644129
8.52317526309378
8.47637119689598
8.44548234386224
8.4013333053217
8.39840965542627
8.50613224405681
8.47386806667786
8.59877317840866
8.64927353177345
8.70963008195128
8.67351294567119
8.56445838388335
8.5956346177228
8.53973715585113
8.52555810774787
8.51879191277993
8.44612674298238
8.58653266949485
8.55506684384432
8.68118104152169
8.69617584694468
8.76248954737158
8.75872660784204
8.65799806800726
8.6376393444921
8.59951023390545
8.59378379357795
8.59655874679698
8.5450028920555
8.64734387588128
8.62227366786674
8.75919775037136
8.79361207158931
8.8688354928269
8.84173742860058
8.75668242126653
8.73311069763871
8.67077227934454
8.63870260881343
8.59025776227324
8.61050136854989
8.66974258987652
8.68389336730724
8.77678438370149
8.82394232658524
8.85765744930699
8.82114223633189
8.74416938875062
8.75809807230909
8.68946441235669
8.69249013327323
8.66025403425689
8.68050180902826
8.75888368001702
8.72664341559844
8.83462822201737
8.88197518424887
8.93603509656604
8.9334003960563
8.86644061952617
8.830689198761
8.7653024887482
8.76950712003023
8.72842609170461
8.72225423517968
8.81239690526686
8.77493138749495
8.89727211313399
8.95712413640568
9.00834657938471
8.96033936649209
8.89713534229332
8.80672355472564
8.81045964216192
8.81343849452851
8.78752562553291
8.76826314537129
8.8685540405312
8.83477381421388
8.94676537486764
8.99739464563842
9.05427118632629
9.03431892773071
8.92970011431345
8.9089649723924
8.86953877719374
8.83724564389847
8.86460536807578
8.82761475083751
8.91274263473702
8.87388813515497
9.01930092456251
9.01675562290352
9.10242102975669
9.10397935598477
8.99044155082686
8.9760094750214
8.92399074475818
8.90666440977005
8.90463009700501
8.91112538371068
8.96495121171465
8.92585319042092
9.02147746713881
9.07188257882862
9.15757230643753
9.10197534729806
9.01566279297264
9.01262087300213
8.97802993283716
8.98707181284882
8.96622851422578
8.9254543868264
9.02208122251548
8.98707181284882
9.09829086816756
9.14644164612595
9.21811010924054
9.18972941807206
9.04440384443155
9.05625635659347
9.00577320623491
9.0079793598445
9.00773447187952
8.97499771320498
9.06021491339854
8.99603266932437
9.12456459495478
9.19755903761145
9.2568422056276
9.13733947909169
9.08455036591788
9.07073341758977
9.03372251809891
9.0231670644512
8.9799204116912
8.98732181285012
9.07612302985637
9.03562977818356
9.11767668711276
9.18737876033884
9.24551444698384
9.1951252061697
9.11415981350221
9.12074383816443
9.0825070004663
9.07577987858049
9.04687982282315
9.08193865717166
9.14355933828583
9.08205235167465
9.21751457572418
9.22759072538271
9.33485624667375
9.28210273820307
9.19074972221118
9.18399639663658
9.14558849474648
9.13172997139427
9.14920937197195
9.08557048502023
9.19826779074191
9.1446278286108
9.26672070541229
9.29642632088931
9.36623239193316
9.33078652505205
9.23092700558457
9.23131877836138
9.18245516848665
9.18204377282107
9.19482056031815
9.14920937197195
9.23649532945303
9.20733586295588
9.28739400141847
9.32776778885215
9.40648264778745
9.35686202463895
9.27284557732758
9.26983494376182
9.22068666403033
9.24454854330592
9.23630047364572
9.20763672040187
9.28757915231698
9.25042609551547
9.34644345496852
9.37966111659288
9.43819281901813
9.39847831409158
9.32554230166487
9.33591519488425
9.28368376620039
9.3067408662625
9.29862593684354
9.28637505825218
9.34373425514671
9.28618968425962
9.37347910935336
9.40129125546819
9.44414687145864
9.45501055383467
9.37279929967389
9.38898852340383
9.36271805239706
9.3716085195723
9.3487971151232
9.32349046990884
9.41450495669259
9.36768594269996
9.42698283694803
9.49243184611472
9.54287630006159
9.53524597222593
9.4244028145542
9.43715716865669
9.39582359210772
9.39074342294751
9.42027709580311
9.37526141408997
9.46319805327378
9.38622458680613
9.49597034030183
9.54595509818327
9.54695545553714
9.57052913521471
9.46242117318499
9.45100945015621
9.42939557738179
9.44825430219384
9.45798139489078
9.39391114817057
9.46405192485681
9.42794863179172
9.51037088760883
9.47378098005493
9.56773505683926
9.55570155601464
9.45852769372982
9.46203250669481
9.42939557738179
9.43260353586309
9.44311737225863
9.42383754623859
9.4744723039677
9.41751712976831
9.49844735414104
9.53423382639054
9.57692604202343
9.55754057195237
9.49964612554406
9.47990938900104
9.44588669000744
9.4282703562375
9.49454139259131
9.42818993482928
9.48865369442386
9.45852769372982
9.52850315168155
9.56514356528212
9.58809164151683
9.57178392799002
9.49205467264817
9.50777473587064
9.49566967884437
9.50718038221273
9.48577272199905
9.43484299932802
9.50962981746968
9.43420366421474
9.5313363234579
9.54115377038857
9.58898226604047
9.5989305628595
9.51340354646627
9.50725469574154
9.49122438992696
9.51708950714519
9.50948153751686
9.45532368989485
9.53329305850988
9.47516315028188
9.56577454647878
9.5800401236376
9.63945690041563
9.57893400530844
