 3923  
 4436  
 4806  
 4418
 4339
 4811
 5259
 4735
 4608
 5196
 5616
 4977
 4883
 5744
 6035
 5514
 5387
 6211
 6659
 5983
 5709
 6458
 6875
 6162
 6098
 7075
 7595
 6882
 6707
 7874
 8555
 7503
 7469
 8829
 9513
 8415
 8270
 9503
10306
 9077
 8650
10180
11234
 9836
 9489
10991
12170
10470
10089
11858
13198
11413
11136
13040
14248
12762
12328
14493
15661
13781
13299
15230
16667
14484
13838
15919
17149
15564
15024
17064
18512
16467
16249
18515
20377
17681
16692
19184
20078
18260
18023
20234
22272
19684
19031
21545
23270
20107
20084
22634
24494
21396
21323
23644
25994
22802
22604
24510
26690
24132
23639
26320
28345
24890
24675
27122
28590
25371
24687
27285
29290
26684
26641
29042
31876
28357
28114
30843
33175
29658
29518
32017
34390
31065
31039
33712
35850
33111
33140
34664
37170
35352
34948
37382
40171
36561
37006
39217
41205
37856
37713
38944
41238
37800
38024
39466
41934
38185
38930
40822
42198
40222
39177
40215
42855
