5985.7     
6040.6     
6054.2     
6038.3
6031.3
6036.1
6005.4
6024.3
6045.9
6033.8
6125.4
5971.3
6050.7
6096.2
6087.7
6075.6
6095.7
6103.9
6078.5
6157.8
6164.0
6188.8
6257.2
6112.9
6207.2
6278.7
6224.9
6273.4
6269.9
6314.1
6281.4
6360.0
6320.2
6342.0
6426.6
6253.0
6356.5
6428.1
6426.3
6412.4
6413.9
6425.3
6393.7
6502.7
6445.3
6433.3
6506.9
6355.5
6432.4
6497.4
6431.6
6440.9
6414.3
6425.9
6379.3
6443.5
6421.1
6367.0
6370.2
6172.2
6264.1
6310.4
6254.5
6272.8
6266.5
6295.0
6241.1
6358.2
6336.2
6377.5
6456.4
6251.4
6365.4
6503.2
6477.6
6489.7
6499.0
6528.7
6466.1
6579.8
6553.2
6576.1
6636.0
6452.4
6595.7
6657.4
6588.8
6658.0
6659.4
6703.4
6675.6
6814.7
6771.1
6882.0
6910.8
6753.6
6861.9
6961.9
6997.9
6979.0
7007.7
6991.5
6918.6
7040.6
7030.4
7034.2
7116.8
6902.5
7022.3
7133.4
7109.6
7103.6
7128.9
7175.6
7092.3
7186.5
7177.4
7182.2
7330.7
7169.4
7247.4
7397.4
7383.4
7354.9
7378.3
7383.1
7353.4
7503.2
7477.3
7508.7
7622.9
7424.9
7569.7
7638.3
7683.2
7729.3
7720.5
7751.8
7727.6
7854.4
7817.8
7870.7
7941.6
7712.6
7809.1
7877.5
7894.3
7916.1
7910.0
7932.9
7825.0
7925.5
7870.5
7849.9
7941.2
7668.8
7739.3
7746.5
7750.5     

