    0.483650
    0.517116
    0.422778
    0.373466
    0.377338
    0.414860
    0.372129
    0.336572
    0.356177
    0.455263
    0.405456
    0.388456
    0.360718
    0.434937
    0.221226
    0.219295
    0.243287
    0.302294
    0.256283
    0.202789
    0.234445
    0.313521
    0.322464
    0.258554
    0.278321
    0.349923
    0.341700
    0.202368
    0.259761
    0.237556
    0.329850
    0.257625
    0.270052
    0.327037
    0.300633
    0.334553
    0.348408
    0.412298
    0.452476
    0.328752
    0.438240
    0.436328
    0.449047
    0.413313
    0.362877
    0.325474
    0.374781
    0.308219
    0.295579
    0.288231
    0.310007
    0.308405
    0.315159
    0.312250
    0.378891
    0.327895
    0.325557
    0.384476
    0.383004
    0.355856
    0.365831
    0.386268
    0.396554
    0.372153
    0.397213
    0.434838
    0.484178
    0.363508
    0.504287
    0.453626
    0.480325
    0.333190
    0.347529
    0.385990
    0.409865
    0.347110
    0.125838
    0.365349
    0.407702
    0.305115
    0.359703
    0.345737
    0.190074
    0.202323
    0.248246
    0.243638
    0.332409
    0.195154
