 -1.17314    Simulated Data from EXPAR model
  1.23459 
 -1.12570 
  0.98113 
 -0.37644 
  0.23064 
  0.04166 
  0.01385 
 -0.01995 
  0.37280 
 -0.26207 
  0.46287 
 -0.59627 
  1.32241 
 -1.39464 
  1.78391 
 -1.75897 
  1.88969 
 -0.92429 
  1.60460 
 -1.57191 
  1.05479 
 -1.09906 
  1.62481 
 -1.29381 
  2.05383 
 -1.99211 
  2.10652 
 -2.00456 
  2.05136 
 -2.43220 
  2.05732 
 -2.12891 
  1.81069 
 -1.77691 
  1.76542 
 -1.54576 
  0.98631 
 -0.51471 
  0.75235 
 -1.42635 
  1.26406 
 -1.43307 
  0.95381 
 -1.05764 
  1.15872 
 -0.75338 
  0.58622 
 -1.15095 
  0.0
