 2537 
 3379 
 2999 
 2809 
 2516
 2799
 3230
 3759
 3122
 3641
 3584
 3610
 3035
 3620
 3518
 3487
 3708
 4190
 3959
 4026
 3605
 4057
 3970
 4211
 4011
 4113
 3841
 4083
 4201
 4232
 4492
 4905
 4583
 4894
 4460
 4754
 4723
 5447
 4728
 5016
 5675
 5838
 5752
 5926
 6223
 6482
 6032
 6725
 6773
 6916
 6859
 6845
 6753
 7355
 7155
 6693
 6693
 6833
 6254
 6460
 7006
 7234
 7069
 7458
 7388
 7384
 7436
 7761
 8481
 8124
 7631
 7830
 7979
 8590
 7957
 8289
 8195
 8866
 8888
 9173
 8820
10058
 9468
 9258
 8611
 9220
 8671
 9236
 8693
 8740
 9320
 9868
 9448
 9724
 8479
 8999
 8885
10141
 9774
10542
10819
11199
11272
12050
11372
12457
11684
12169
12284
13457
12820
13794
13606
15114
14769
13514
13916
14931
14089
14877
14745
15274
15450
15512
16099
16956
17008
17925
18184
19138
18076
18585
18766
20427
19159
19878
20475
21998
21583
22025
21955
23180
22085
21853
