 464  
 530
 481
 477
 510
 538
 488
 499
 510
 521
 527
 530
 594
 587
 588
 600
 660
 658
 660
 662
 627
 645
 643
 646
 643
 660
 647
 651
 684
 690
 714
 711
 698
 743
 762
 788
 788
 793
 822
 836
 848
 860
 861
 872
 877
 914
 910
 936
 946
 951
 950
 988
 993
1005
1016
1029
1049
1037
1061
1060
1063
1088
1123
1131
1180
1192
1206
1262
1281
1324
1405
1444
1602
1677
1720
1773
1820
1859
1937
2020
2137
2185
2253
2293
2289
2310
2337
2339
2328
2338
2342
2352
2384
2385
2440
2444
2486
2494
2588
2506
