2585
3368
3210
3111
3756
4216
5225
4426
3932
3816
3661
3795
2285
2934
2985
3646
4198
4935
5618
5454
3624
2898
3802
3629
2369
2511
3079
3728
4151
4326
5054
5138
3310
3508
3790
3446
2127
2523
3017
3265
3822
4027
4420
5255
4009
3074
3465
3718
1954
2604
3626
2836
4042
3584
4225
4523
2892
2876
3420
3159
2101
2181
2724
2954
4092
3470
3990
4239
2855
2897
3433
3307
1914
2214
2320
2714
3633
3295
4377
4442
2774
2840
2828
3758
1610
1968
2248
3262
3164
2972
4041
3402
2898
2555
3056
3717
1755
2193
2198
2777
3076
3389
4231
3118
2524
2280
2862
3502
1558
1940
2226
2676
3145
3224
4117
3446
2482
2349
2986
3163
1651
1725
2622
2316
2976
3263
3951
2917
2380
2458
2883
2579
1330
1686
2457
2514
2834
2757
3425
3006
2369
2017
2507
3168
1545
1643
2112
2415
2862
2822
3260
2606
2264
2250
2545
2856
1208
1412
1964
2018
2329
2660
2923
2626
2132
1772
2526
2755
1154
1568
1965
2659
2354
2592
2714
2294
2416
2016
2799
2467
1153
1482
1818
2262
2612
2967
3179
    
