1.42600 
1.64600 
1.48400 
0.55900 
1.08400
1.20100
1.14000
0.87300
1.30100
1.02000
0.38700
1.14000
1.42900
0.92500
0.95400
0.30100
0.96300
0.76900
1.03500
0.95700
0.82400
0.83200
0.67600
1.06200
0.64100
0.76600
1.07100
1.22500
0.55200
0.24200
1.26900
0.63000
0.67800
0.73400
1.16700
1.34400
0.66600
1.30100
1.22600
1.34100
1.09800
1.23300
1.09200
0.68900
0.64900
0.94600
0.58200
0.55700
1.08800
1.25400
0.82600
0.86600
1.17300
0.97000
1.07900
1.01300
1.38800
1.14600
1.09900
1.49200
1.67000
0.73000
0.40000
0.92400
0.97200
0.78600
1.15800
0.60800
0.93200
1.30500
0.78700
0.47600
0.35100
1.16700
1.57100
1.44400
1.01600
0.66500
1.51100
1.11000
0.88100
0.84200
1.00300
1.20100
1.22900
1.00900
1.29500
1.29400
1.33600
1.14900
0.45300
0.83600
1.30400
1.09400
1.21700
1.54800
0.68500
0.77200
0.79500
0.58000
0.44600
0.44900
0.77500
1.06300
0.76800
1.23600
0.54300
0.47100
1.16900
1.06400
0.62200
0.92400
0.97900
0.69000
0.85900
0.88200
0.88600
1.05000
1.07200
1.15400
1.08700
1.10600
1.15600
1.14800
1.07600
0.92300
1.49300
1.39300
0.96500
1.27100
1.40200
1.14900
0.97400
1.05200
0.67700
0.90300
0.88100
0.67600
1.43900
1.09300
1.35500
1.31700
1.40700
1.68000
0.23800
0.76800
1.45100
1.58200
1.76400
1.12200
1.14900
0.66900
1.59800
1.88100
0.93400
1.18000
1.05200
1.11800
1.08800
0.91900
0.80100
0.55100
1.15800
1.01600
0.41100
1.27800
0.67400
0.95300
0.74800
0.98500
1.30300
0.64600
1.15700
1.45900
0.87300
0.64900
0.75600
1.05700
1.46400
0.76600
1.59100
0.82900
0.54300
0.64100
0.68100
0.74700
1.02900
0.43400
1.33300
0.82300
0.69000
0.64700
0.66500
1.15400
1.24700
0.91200
1.31100
1.42500
1.18900
1.38200
1.14800
0.35400
0.69100
1.01700
1.38500
0.91000
1.29700
0.91900
0.80500
0.99200
0.86700
0.65800
0.75800
0.33800
1.18900
0.60400
1.57200
0.77500
0.92700
0.51500
0.76100
1.05700
1.12100
1.11300
1.06300
1.00500
1.24200
1.58900
0.82000
1.00300
1.31900
1.43700
1.20100
1.16800
1.16400
0.94600
0.70200
1.23900
1.36100
0.88800
1.34300
1.28900
1.24200
0.57900
1.14100
1.24600
0.85700
0.35200
1.35400
0.98000
1.26400
0.69000
1.33300
0.74000
0.98500
1.36400
0.93200
1.09600
0.92300
0.70700
1.33400
1.16200
1.10700
1.12400
0.98900
0.80800
0.77100
1.14700
0.72300
0.56500
1.13800
0.90600
1.00300
0.91300
1.16000
1.44400
1.53500
1.08400
1.27100
1.13400
0.91900
1.01800
0.85700
0.74400
0.65500
1.15300
1.35300
1.23500
1.05500
1.19200
0.83200
1.14800
0.84200
1.41100
0.85000
0.90500
0.86700
1.16700
1.03900
1.44300
1.00300
0.90000
1.07500
0.88100
1.22200
1.22900
0.72900
0.84100
1.20100
1.34200
1.00700
1.06800
0.61100
0.64900
1.23100
0.96500
1.29100
1.49300
1.48000
1.12400
0.97500
0.90200
0.73100
1.34900
1.28200
1.51600
1.59700
1.41300
1.41300
1.08100
0.93000
1.12200
1.29300
1.28300
0.89400
1.23700
0.96200
0.73700
1.43500
0.60900
1.15100
1.28800
1.02600
0.74700
0.95700
1.40600
0.94100
1.24100
1.12700
0.89900
1.07900
1.34200
1.68000
1.06700
1.02500
0.80500
1.09900
0.82400
0.68300
0.67500
0.96500
1.38700
1.05200
1.23600
1.13400
1.05200
0.94200
0.72000
0.80800
0.85200
0.89800
1.18600
0.96400
0.85800
1.04600
0.48900
0.60500
0.96800
0.69500
0.90800
0.78800
0.78800
0.98100
1.02300
1.15100
0.99300
0.75300
0.77100
1.04100
0.76300
0.87500
1.30000
1.05200
1.09300
0.32300
0.74700
1.19100
1.20600
0.76100
0.88600
0.69100
0.68000
0.68000
1.14700
0.90900
0.79700
0.92700
0.91500
1.12800
1.04000
0.93600
0.37900
0.71600
1.18300
0.93500
0.37900
1.20200
0.99900
0.66200
1.08500
0.68600
0.87100
0.81300
1.03200
1.06800
0.69000
1.10100
1.40200
1.14300
1.08400
0.72400
0.82000
0.89100
0.66400
0.74400
0.52300
1.12100
0.85500
1.06900
1.13700
0.99600
0.67500
1.16500
1.22200
1.11100
1.20900
0.66700
1.08800
0.77800
1.19500
1.40300
1.30300
0.57300
0.87600
0.60100
0.66800
0.89600
0.42700
1.12400
0.94700
0.81800
1.04700
1.11800
1.06700
1.33500
0.59200
0.83700
0.73100
1.23800
1.20900
1.28200
1.34800
1.08200
1.14700
1.40500
1.17000
1.07800
1.41500
1.25200
1.00100
1.20600
1.36100
1.78300
1.14100
1.32500
1.14600
1.27600
1.15900
0.88500
1.06200
0.53800
0.82200
1.10900
0.82900
1.10800
1.34600
1.42900
1.38000
0.14300
0.97700
0.93100
0.97700
0.42200
0.76700
0.81100
1.21700
0.87300
1.15900
0.92000
0.75100
0.81000
0.70400
1.07700
0.97800
0.63400
0.93400
0.99800
1.19700
1.02500
1.13000
1.37200
0.79300
0.49400
0.80100
0.92900
1.08700
1.18600
0.83800
1.04800
1.33200
1.09000
1.04400
1.23600
1.57000
0.73200
1.15300
0.59500
1.48700
1.07800
0.98300
0.77000
1.37800
1.46300
1.02300
1.33300
0.71700
1.20800
1.08400
0.99100
0.83500
0.72400
0.74800
1.25500
0.79800
0.93200
0.91100
0.82500
1.28300
0.87700
1.17200
0.74400
1.10400
0.80400
0.58600
1.13800
1.23200
1.06800
0.84900
0.81500
1.05500
0.97000
0.73500
0.65200
0.88200
1.07300
0.87600
1.02000
1.38200
0.74600
1.00800
1.04600
1.02500
1.43300
1.06200
1.01400
1.22300
0.85200
1.17100
1.00100
1.10100
0.59200
0.89700
0.78500
1.46700
1.00200
1.42000
0.74600
1.41700
1.17400
1.21300
1.02600
0.91500
1.10800
1.03500
0.87500
1.05100
1.12600
0.57400
0.66600
1.11500
1.01500
0.93300
0.84600
0.92200
0.94000
1.22200
1.32700
1.41800
0.89700
1.01000
1.04100
1.12300
0.96700
0.63500
0.85100
0.88900
0.55300
0.98600
0.66100
0.75900
0.91300
0.90000
0.74900
0.88200
0.73100
1.20700
0.71700
0.79700
0.81700
0.51500
0.67600
0.64100
0.78200
0.44900
1.09100
1.10900
0.53300
0.50000
0.69400
0.82100
0.97700
1.03200
1.12000
1.33700
0.95500
1.21800
0.79200
1.12500
0.96500
0.97600
1.18600
1.29000
1.10800
1.05400
1.32700
0.93200
1.37100
0.68400
1.07800
0.88600
0.64700
1.00600
0.77000
0.90200
1.10700
0.99400
1.25900
1.27500
1.19900
1.32900
1.17300
1.05900
1.24500
1.67200
0.96200
1.16600
1.22700
1.24100
0.99400
1.20200
1.02000
0.81600
1.08500
0.68300
1.05300
1.26000
1.30100
0.66600
0.78900
0.68500
1.04300
0.73400
1.03900
0.84100
0.85600
1.05300
0.77500
1.09900
0.98100
0.99300
1.04000
1.10900
1.04500
1.65700
1.04600
1.09000
0.96800
1.48800
1.39900
1.30800
1.50800
1.43600
0.74600
1.11100
1.01700
1.10800
1.18400
0.74700
1.08600
0.94400
1.12000
0.76500
0.70200
0.86100
0.91600
0.98600
0.78100
0.70800
0.92500
0.59400
0.99200
1.01000
0.79700
0.98400
1.07400
0.60600
0.66300
1.02400
1.21100
0.89600
0.76800
0.99600
0.94300
0.52300
0.93600
0.65800
0.97100
0.98100
1.02900
0.97000
0.91900
0.98800
1.29600
0.77200
1.20100
1.15600
1.16100
1.34300
1.19500
1.05400
0.85400
1.11200
1.13500
1.13400
0.53900
1.09800
0.63500
0.85900
1.13100
1.01800
0.93700
1.09000
1.00300
1.16100
1.19100
0.93800
0.90000
1.19700
