1.48400  
1.11900  
1.05700  
1.08100  
1.07300
1.19500
0.80700
0.79500
1.23200
0.95700
0.94900
0.80300
1.07600
1.02300
1.22300
0.95200
0.51300
1.04300
0.68700
0.49200
1.27400
0.65000
0.83500
0.87600
1.42300
0.74500
0.82700
1.01200
0.80600
0.99800
1.47600
0.96600
0.82400
0.72800
1.31300
1.40900
1.04800
1.46600
1.62100
1.29500
1.23400
0.82400
1.23200
1.56700
1.14800
1.60300
0.78900
1.16500
0.76300
0.31000
1.03600
1.01400
1.22300
0.96600
1.00000
1.02400
0.71900
0.23300
0.76300
1.31400
1.19500
1.31600
1.56900
1.05400
1.28100
0.98800
0.44900
0.60700
0.63200
1.01500
0.89900
0.94400
0.97400
0.85700
1.00400
1.01000
1.13800
0.96100
0.99700
1.11100
1.01800
1.00600
1.48300
0.95100
0.99000
0.99300
1.17300
1.19500
1.10200
1.09300
1.44700
0.48600
0.57900
0.76600
0.68600
1.08400
1.18000
1.29500
0.94200
1.31900
1.07200
1.42700
0.93400
1.07200
1.14100
1.45000
1.18500
0.94600
0.81400
0.98300
0.98000
0.94100
0.99600
0.70700
0.92000
0.75300
0.72200
1.13800
1.06300
0.37200
0.62000
0.69100
1.08700
0.76500
0.92100
1.24000
1.15500
1.19700
1.02400
0.94500
1.07500
0.98800
1.40600
0.85600
0.65500
1.57900
1.51500
0.27200
0.86300
1.23900
0.98800
0.50600
0.88700
0.99400
0.94000
0.91700
0.87700
0.94000
0.86200
0.94600
0.90200
1.19700
1.11800
1.12200
0.91300
0.84100
0.77000
0.91000
0.82000
0.64600
0.94800
1.00700
1.23400
0.77700
0.54600
0.55500
0.97600
1.12300
1.47400
1.31300
1.20400
1.36000
1.19300
0.84700
1.21400
1.26700
1.37900
1.32800
1.01700
0.98500
0.93400
0.96300
0.87700
0.42800
0.81200
0.92900
0.92800
0.94700
1.16300
0.62700
0.63400
0.76400
0.35600
0.51400
0.97800
1.12500
0.83100
1.39300
1.09600
0.96500
1.04500
0.90300
0.58400
1.30200
1.24900
1.04800
1.14500
1.31800
0.99800
0.68700
1.23400
1.70200
1.04500
0.99600
0.59700
0.90100
0.88900
0.91600
0.97200
0.96100
1.02500
0.82000
1.12000
0.84400
0.93000
1.19000
1.19600
0.54400
0.45500
1.04000
0.80700
0.83100
0.80500
1.04000
1.06000
0.71200
0.95900
1.09500
1.36900
1.20100
1.25100
1.17700
0.78500
0.77600
0.94200
0.74900
0.74700
0.81900
1.00600
0.95600
0.88700
0.88700
0.86300
0.98000
0.94200
1.35500
1.05300
0.96300
1.23200
1.17600
0.52500
0.47400
0.71700
0.80100
0.76300
0.99000
0.57700
0.85300
0.97700
0.75300
0.35500
0.32200
1.01500
1.41300
1.29200
1.10100
0.78300
1.29100
1.03600
0.71100
0.67700
0.94800
1.22600
1.18200
1.05600
1.19900
1.28000
1.17300
1.09200
0.61500
0.84600
1.22100
1.05800
1.06700
1.29400
0.71700
0.79000
0.94100
0.79800
0.82000
0.74700
0.94500
1.17900
1.16400
1.33800
0.76700
0.62100
1.03300
0.94800
0.59100
1.00400
1.01900
0.80000
0.88500
0.80600
0.79400
0.93500
1.07300
1.05800
0.90500
0.95800
1.00900
1.10600
0.79600
0.91200
1.27800
1.21000
0.97100
1.36300
1.26400
0.95600
0.87500
0.90900
0.61700
0.96400
1.06400
0.95700
1.34900
1.02300
1.30700
1.52100
1.48300
1.61600
0.45400
0.83100
1.19700
1.61600
1.60800
1.08300
1.15900
0.82300
1.50200
1.65200
0.90600
1.06800
1.13200
1.20200
0.99800
1.09600
0.86200
0.82300
1.12200
0.97400
0.64300
1.22800
0.75100
0.95400
0.72000
1.07200
1.26000
0.87000
1.36800
1.38800
0.86600
0.68600
0.96800
1.45500
1.60800
0.85600
1.42800
0.71900
0.63100
0.59700
0.66900
0.78000
0.95600
0.53800
1.06900
0.87200
0.72200
0.64100
0.77400
1.12500
1.16700
1.02400
1.26800
1.29700
1.27900
1.41100
0.99000
0.43100
0.78300
0.97400
1.25000
0.97600
1.13300
0.99200
1.03900
1.01900
0.88400
0.70900
0.92300
0.51800
1.19500
0.68300
1.34700
0.93200
0.83700
0.48700
0.71500
0.94000
0.98100
1.04200
0.96300
0.87500
0.92300
1.21200
0.70900
0.81300
0.97900
1.07700
0.83200
0.87500
1.18500
0.85200
0.84700
1.10700
1.27200
0.90400
1.05600
1.08600
1.05400
0.66200
0.95800
1.02600
0.71600
0.40300
1.13900
0.87100
1.10200
0.73000
1.20000
0.78900
1.12700
1.21000
0.86600
1.13900
0.86100
1.01900
1.28700
1.06500
1.00100
0.98400
0.86500
0.62700
0.74200
0.98300
0.65100
0.58000
1.06200
0.82100
0.92200
0.84600
1.05000
1.20200
1.40200
0.97800
1.06900
1.02100
0.80300
0.90200
0.74200
0.73400
0.71000
1.06600
1.23700
1.18200
1.05000
1.10000
0.81500
1.19100
0.77100
1.03900
0.75200
0.94700
0.87600
1.02200
0.89500
1.16300
0.77900
0.81100
0.93600
0.84000
0.95600
1.03500
0.72800
0.81300
0.99800
1.19900
0.79700
0.82300
0.45100
0.60700
1.03000
0.88500
1.21300
1.34000
1.36300
1.11000
0.96100
0.81500
0.68300
1.18800
1.12000
1.25600
1.32600
1.31600
1.24800
1.04800
0.87500
0.99100
1.24700
1.06800
0.94000
1.09200
0.81900
0.78000
1.16500
0.56900
1.11000
1.14600
1.02300
0.92500
0.90200
1.24600
0.92500
1.14900
1.09200
0.96500
0.93400
1.17800
1.44900
1.02900
1.03700
0.89300
1.08300
0.92100
0.78800
0.60900
0.83000
1.16400
0.99000
1.08900
0.95100
0.95900
0.90700
0.55300
0.78100
0.82300
0.91600
1.06300
0.92300
0.90500
0.95500
0.56100
0.68900
0.88800
0.56700
0.83400
0.83600
0.76900
0.90100
0.95500
1.27800
1.14900
0.85200
0.85000
1.12900
0.92800
0.96600
1.36800
1.21200
1.13000
0.46900
0.81000
1.27500
1.37000
1.04500
1.10600
0.92200
0.88900
1.00200
1.33700
0.96500
0.97100
1.18700
1.14500
1.35200
1.24400
0.95800
0.45900
0.71000
1.28200
0.90600
0.48600
1.20600
1.05300
0.83300
1.19400
0.92200
1.09400
1.13200
1.23500
1.21500
0.92800
1.32400
1.64300
1.11600
1.13000
0.84000
0.97600
1.06000
0.85800
0.86800
0.68300
1.16700
0.90600
1.12200
1.24800
1.07300
0.82500
1.26100
1.30700
1.16700
1.21500
0.68600
1.08300
0.86600
1.15600
1.42800
1.17000
0.60000
0.84600
0.63000
0.68200
0.92500
0.52700
1.05200
1.00000
0.90100
1.05400
1.19100
1.14600
1.34600
0.60100
0.74300
0.76800
1.27900
1.25000
1.23700
1.35400
1.03200
1.13800
1.35800
1.10000
1.07800
1.37400
1.21600
1.06200
1.22900
1.31900
1.62400
1.09700
1.28300
1.08600
1.28400
1.22000
0.88800
1.07400
0.53900
0.75900
1.04000
0.81100
1.05900
1.28700
1.38200
1.34700
0.17400
0.91700
0.98700
0.96200
0.43900
0.80800
0.83100
1.17600
0.91300
1.06900
0.87700
0.78000
0.76500
0.75600
1.02100
0.92300
0.68400
0.96100
1.03600
1.14000
0.98700
1.06400
1.36200
0.79200
0.65600
0.91300
1.02300
1.11600
1.16500
0.90200
1.21700
1.45300
1.19600
1.20500
1.43300
1.61200
0.86400
1.22000
0.64900
1.48900
1.01500
0.99300
0.77100
1.31100
1.39200
1.01900
1.27400
0.72500
1.13100
1.08900
0.96800
0.91500
0.75300
0.77800
1.18200
0.84000
0.90800
0.85300
0.89200
1.20500
0.87900
1.05100
0.78600
1.07600
0.84800
0.61700
1.16500
1.24200
1.04100
0.77200
0.78400
1.03100
0.99200
0.82300
0.78800
0.93600
1.15800
0.90300
1.11400
1.38000
0.85700
1.05800
1.02700
0.98800
1.43900
1.11600
1.08900
1.18800
0.88200
1.16500
0.97900
1.09600
0.56900
0.82200
0.74100
1.33500
0.88600
1.36600
0.73300
1.31500
1.16300
1.21800
1.07700
0.94800
1.08600
1.01000
0.82800
1.04800
1.08400
0.48500
0.57400
1.09700
0.94200
0.92400
0.96100
0.92300
1.01700
1.22200
1.33200
1.36500
0.82400
1.01400
1.10800
1.11900
0.99400
0.76300
0.91200
0.97400
0.64700
1.07800
0.70400
0.82800
1.05400
0.91400
0.72800
0.81400
0.76300
1.15800
0.72400
0.77400
0.77500
0.50100
0.71800
0.78400
0.80800
0.47000
1.02100
1.06600
0.50300
0.51500
0.67100
0.89100
0.82100
0.90000
1.00900
1.22100
0.90000
1.19900
0.80800
1.06600
0.92300
0.93100
1.19500
1.26700
1.03300
1.02500
1.30200
0.93200
1.31900
0.72500
1.07300
0.89000
0.66100
1.00600
0.79000
0.89500
1.12700
1.01000
1.23400
1.24100
1.20300
1.35500
1.22200
1.12000
1.23300
1.72100
1.08500
1.27000
1.17900
1.14300
1.01300
1.19900
1.01900
0.81200
1.02300
0.65900
1.00600
1.16400
1.27600
0.64000
0.73900
0.69800
1.18200
0.82000
1.05900
0.86600
0.90000
1.10400
0.78800
1.05800
0.99500
0.98400
1.04400
1.05400
1.04500
1.64900
1.00100
1.00100
0.95100
1.42300
1.32000
1.19200
1.41300
1.35100
0.73600
1.10200
0.95400
1.05900
1.18200
0.80300
1.12800
1.03100
1.26300
0.86800
0.78200
0.90400
0.91200
1.04200
0.84000
0.74400
0.96700
0.63300
1.01100
1.09200
0.79800
1.00000
1.15300
0.66200
0.66500
1.06200
1.30200
0.96800
0.85900
1.09100
1.03600
0.63300
1.09600
0.68200
0.93700
1.08900
1.06700
0.99100
0.96200
1.05200
1.34600
0.81800
1.25300
1.20300
1.10200
1.28600
1.16800
1.03800
0.79900
1.07300
1.09500
1.11000
0.60400
1.07100
0.69600
0.81800
1.05600
0.97400
0.89000
1.01500
0.97600
1.12500
1.07500
0.83300
0.84200
1.06300
