  5149  
  6372  
  7068  
  5908
  5359
  6531
  7365
  5982
  5244
  6785
  7576
  6036
  5317
  6889
  7702
  6247
  5582
  7534
  8388
  6605
  5592
  7428
  8377
  6426
  5730
  7660
  8494
  6647
  5899
  7891
  8905
  6721
  5983
  8135
  8958
  6922
  6088
  8377
  9116
  6911
  6067
  8494
  9717
  7280
  6236
  8599
 10150
  7258
  6193
  9263
 10784
  7902
  6615
  9654
 13262
 10646
 12439
 17789
 22958
 19656
 18696
 24244
 28065
 23768
 24083
 33855
 39663
 34572
 34459
 40881
 47617
 39426
 37674
 47976
 51563
 42660
 39177
 49424
 55003
 46824
 44225
 57572
 65088
 53760
 49312
 63723
 74308
 57734
 55753
 70994
 77700
 65012
 58554
 74172
 87601
 71143
 68305
 91494
103355
 82828
 87838
109885
119783
100887
 92566
116031
126610
 97691
 91901
118398
123589
104150
 97129
116333
130379
111173
102607
119591
131551
107312
 98451
126824
136760
112228
106125
129905
158412
123315
115582
136809
157408
125375
116596
149075
161341
127719
113154
137614
151347
122942
111133
141270
159795
125346
117445
150854
174613
129196
106065
149055
162808
138060
127455
159058
184202
