27743 
31304 
27411 
27119 
29374 
32657
28326
26880
28499
32365
28850
28917
30694
35038
30634
30276
32883
37830
32392
32505
35051
39973
35124
35045
36862
40689
35197
35602
37804
43631
39033
37638
39798
45774
38548
39883
42615
50705
42873
42239
45193
51867
45693
45689
48077
53674
47935
47787
50518
57085
47787
49930
51658
59437
51832
52062
54528
62594
54467
53348
55204
62859
54560
56607
56826
64417
56860
57861
60025
66269
57992
58514
60772
65973
58547
60007
62323
70224
64357
62059
64059
72487
63610
64188
66246
74960
65054
67404
69069
77288
65816
67725
68801
74854
64769
66686
69508
79026
70978
72304
74662
83164
73046
76377
79283
86353
76011
77181
79941
87986
77961
 8167
 8499
 9268
  829
 8468
 8824
 9590
  864
 8943
 9166
 9884
  894
 9105
 9155
 9841
  880
 8860
 9010
 9749
  891
 9094
 9273
10070
  911
 9467
 9640
10539
  954
 9944
10235
10971
 9922
10321

