 26390 
 30297 
 26649 
 29043 
 28048
 31743
 28440
 28599
 28088
 32088
 29043
 30356
 30078
 34873
 31285
 31026
 32107
 36936
 32539
 34581
 33779
 39874
 34787
 36352
 35669
 40882
 34727
 36856
 37510
 43345
 38647
 38853
 39735
 45790
 38020
 41347
 41800
 50385
 42431
 44316
 44408
 50559
 45790
 47529
 47799
 53581
 47884
 49149
 50346
 56270
 47249
 51586
 51405
 57708
 51395
 53886
 52086
 61577
 54112
 53496
 53834
 61172
 53569
 58085
 56804
 63254
 56824
 59738
 59226
 66163
 57022
 61483
 59664
 66010
 57139
 62563
 61847
 70432
 63534
 65391
 63913
 73614
 62719
 67220
 66576
 74450
 64022
 70031
 69423
 78273
 65375
 70960
 69160
 75475
 64240
 68951
 69022
 80489
 69300
 74172
 72966
 83027
 72389
 78759
 78832
 87964
 74389
 79727
 79202
 88605
 77109
 82261
 83412
 92778
 81551
 85126
 85918
 95949
 83237
 89738
 90491
 98892
 86491
 90640
 90415
 98824
 86583
 90167
 91640
 99301
 88538
 92409
 94041
102748
 92162
 95420
 95648
107692
 95335
 99945
102019
110859
 97613
103260
