19737  
22016  
19495  
19503  
20850
22937
19971
19370
20282
22738
20436
20777
21806
24503
21606
21838
23327
26508
22884
23339
24910
27969
24814
25172
26314
28633
25067
25676
27000
30297
27399
27567
28479
31985
27988
28929
30386
34884
30330
31027
32570
36757
32302
33159
34626
38126
34119
34594
36278
40380
35272
36083
37108
42106
36984
37536
39204
44187
38748
38700
39325
44346
38812
40317
40292
45253
40416
41361
42498
46556
41300
41869
43086
46308
41644
42903
44114
49025
45221
44111
45200
51155
44886
45305
46690
52825
45889
47490
48699
54475
46412
47749
48545
52805
45637
46990
48946
55663
50157
50747
52231
58842
51355
53632
55517
61201
53452
54646
56163
62584
55109
57328
59470
65227
58010
59188
61184
67322
60400
62301
64004
69565
62089
63541
63746
69401
61406
61876
62913
68870
61933
63226
64463
