1894  
2889  
1667  
 902
1569
3049
2097
 907
1882
3104
1927
1062
2024
3462
2155
1130
2012
3394
2294
1210
1969
3609
2662
1067
1787
3239
1995
1062
1889
3934
2922
1062
1852
3769
1645
1092
2100
4821
2745
1274
1557
3735
3592
 741
1681
3314
3423
 910
1891
3986
3440
 956
1709
3623
2054
 706
1448
4228
3288
 625
1596
4551
2891
1141
2062
5158
2508
1381
2362
4501
3135
1384
2578
4859
2213
1335
2351
5541
4422
1337
2145
5910
2426
1252
2051
4826
1976
1185
1875
6433
2285
1403
2279
4276
1667
 926
2057
6886
3267
1395
2317
6316
2413
1949
2474
5967
2322
1915
2558
5810
2772
2068
2676
5641
2314
1927
2559
5880
2135
1991
2796
6336
2436
2183
2936
6599
2512
2435
2725
5476
2689
2659
2803
5744
3553
