26169   
28492   
26032   
26731   
28033
29649
26317
26539
26950
29318
27127
28386
28974
31489
28574
29824
31133
34381
30253
31872
33407
36251
32649
34589
35554
37522
33606
35305
36431
39247
36065
37976
38553
41779
38046
39872
41023
44927
40364
42671
44596
48549
42386
46163
47388
50861
45105
48037
49532
53440
46718
50098
50868
56204
50382
52375
54063
58599
51764
54092
54101
58532
52211
55911
55060
59270
54803
57180
57894
61690
55483
57886
58510
61005
56793
59376
60175
64225
59871
61070
61918
66917
61219
62862
64059
70227
63042
66051
67061
71120
63526
66156
66517
70744
63039
65597
67339
72476
67752
70674
71556
75631
70204
74924
76210
80012
72760
76153
76856
80928
74478
79277
81011
85705
79626
82606
84545
89412
83040
87699
88633
92060
85895
88690
88590
91645
84832
86943
88171
91942
85976
88732
90004
94745
88057
92190
93177
98349
92349
96878
99463
104664
96897
101289

