306.25
299.50
303.45
296.75
304.40
298.35
304.00
304.00
301.25
302.50
302.45
305.80
306.90
307.00
306.85
302.15
301.90
299.25
298.60
303.50
303.00
304.90
304.80
301.25
301.75
303.45
302.50
300.60
300.00
303.45
302.80
303.40
304.90
304.95
302.90
302.85
302.00
298.80
290.00
285.00
290.75
290.50
288.10
288.30
288.85
286.70
289.30
289.00
290.25
288.75
290.10
290.25
289.90
293.70
307.25
333.25
312.50
320.75
315.90
316.00
329.90
328.75
329.80
324.65
317.00
321.10
317.00
999999
999999
323.10
323.30
329.00
331.25
330.30
331.50
327.00
325.50
327.70
328.10
326.00
322.60
322.40
322.50
323.00
324.65
315.60
314.25
313.70
999999
311.25
313.35
314.50
313.55
316.75
324.75
322.85
320.40
319.80
323.65
316.50
317.40
316.40
316.35
999999
313.90
311.20
315.00
313.15
316.85
316.25
314.75
314.90
315.00
310.75
313.25
313.75
314.10
315.75
317.25
321.65
325.20
322.00
315.25
314.10
315.90
316.50
316.25
316.50
313.35
310.85
310.40
310.70
310.90
312.20
314.80
314.70
313.80
315.05
317.15
316.80
321.70
322.25
319.00
317.40
322.75
318.50
319.40
317.60
323.00
323.25
328.10
326.75
319.65
323.00
321.40
320.65
322.90
322.40
326.60
328.50
326.20
328.90
335.40
339.25
335.50
335.75
337.60
333.60
999999
335.25
339.30
338.40
335.75
335.45
332.70
325.00
326.00
318.75
320.20
320.00
322.00
318.00
321.75
318.85
318.70
315.50
315.90
319.20
328.10
328.40
328.70
330.40
328.95
326.50
323.15
324.75
324.35
330.55
326.25
326.10
326.95
325.55
325.80
326.60
326.85
325.90
324.60
326.25
326.50
325.90
326.90
325.95
325.65
326.50
326.55
326.80
325.75
324.65
325.60
324.55
324.75
323.60
322.10
323.25
322.70
324.50
325.00
324.55
323.75
324.10
325.05
325.75
326.00
330.50
331.50
330.45
326.75
327.40
323.95
322.50
324.50
322.50
322.50
320.15
316.10
316.80
316.05
317.90
318.25
321.90
321.10
323.40
323.55
325.75
324.85
999999
999999
324.80
326.15
327.00
999999
327.10
326.00
327.80
328.90
330.90
333.90
339.45
340.75
338.80
345.30
359.60
357.25
353.25
356.50
352.75
349.50
355.25
361.75
353.80
354.40
355.40
354.00
347.35
338.50
335.95
337.10
337.90
340.50
337.20
338.35
335.40
329.50
333.00
332.40
343.70
339.25
339.00
343.35
351.40
345.10
337.85
338.25
339.45
337.90
342.20
343.00
342.00
341.80
341.65
344.50
349.80
347.60
348.20
350.80
349.25
350.60
351.35
352.40
352.90
344.90
345.50
999999
999999
333.70
335.50
336.60
335.60
336.50
340.65
338.65
338.15
340.25
343.20
340.25
340.75
339.30
341.00
342.45
344.15
347.25
346.00
344.30
344.40
342.35
344.75
345.60
341.60
999999
341.55
342.15
344.60
344.25
344.90
343.80
342.75
342.50
342.75
342.05
340.30
338.60
339.40
340.85
999999
341.15
341.60
342.75
343.35
343.00
341.85
341.40
341.50
341.50
341.85
347.55
347.50
347.95
347.40
346.50
337.30
338.50
338.70
338.90
340.50
340.75
343.25
343.80
343.55
345.50
345.65
344.00
343.50
343.80
344.45
346.50
350.35
347.50
347.65
346.20
345.85
348.35
346.90
347.10
353.00
353.50
351.75
348.50
349.00
350.80
353.30
351.35
375.75
360.50
358.75
358.50
360.85
360.85
361.85
394.50
386.10
391.25
384.00
386.40
377.25
372.50
379.00
381.75
384.65
999999
397.30
377.80
384.00
386.00
392.00
395.50
407.20
404.00
418.25
419.00
412.50
414.50
407.00
418.75
416.00
413.55
413.60
415.70
423.00
442.75
435.15
434.00
432.25
434.00
429.45
421.20
425.50
425.50
436.90
436.50
442.00
439.40
435.80
428.15
431.40
431.25
426.25
426.00
420.00
420.00
426.80
426.60
425.40
413.00
409.60
409.55
407.75
404.00
401.50
400.30
408.50
410.25
405.00
408.30
409.90
407.40
407.45
406.85
409.00
393.25
388.00
391.50
387.00
389.50
380.40
380.75
384.00
382.30
390.00
399.60
394.30
385.25
391.20
388.60
390.50
389.20
387.25
388.75
389.70
394.60
393.70
393.40
392.50
394.15
395.35
392.75
391.00
999999
999999
391.40
389.40
390.90
999999
402.40
399.00
401.70
399.50
401.60
402.25
409.90
408.60
414.40
415.00
414.50
421.25
417.40
408.50
410.60
403.55
403.35
408.70
416.50
411.00
407.30
406.45
402.00
401.75
402.60
402.70
402.95
404.40
402.90
402.00
395.55
397.20
396.85
392.25
392.60
397.50
403.00
401.95
406.70
403.10
408.70
404.40
403.70
407.65
411.45
406.50
404.85
405.00
406.85
408.00
409.25
404.65
406.00
406.40
405.05
405.00
406.60
410.30
415.00
411.30
415.90
421.80
419.00
418.50
420.25
418.65
420.55
419.80
423.20
421.50
423.30
436.50
440.25
445.50
441.00
999999
999999
454.30
446.80
453.00
462.60
476.60
455.75
451.75
454.50
452.15
999999
464.50
456.75
457.40
456.70
454.75
460.25
459.50
460.00
466.70
476.50
471.35
479.95
468.60
473.60
999999
459.65
447.90
453.35
451.75
443.40
449.30
453.35
450.25
454.70
454.40
452.05
456.65
456.40
460.80
450.35
452.75
448.25
451.10
452.25
443.60
438.10
443.00
439.00
441.40
446.00
447.10
449.50
447.40
443.00
443.10
444.80
442.15
445.30
444.25
443.70
447.15
448.25
452.90
452.50
449.65
452.50
454.45
454.75
454.00
453.10
454.20
459.50
457.20
464.20
473.25
476.00
469.85
468.85
464.00
459.50
463.20
461.00
462.00
457.40
454.80
454.90
457.65
457.40
454.10
455.80
458.50
457.40
458.25
455.90
999999
453.10
456.55
462.15
464.40
463.35
462.75
458.00
461.00
460.90
456.60
458.35
458.50
458.80
461.35
458.85
463.15
461.05
463.85
461.00
460.90
458.90
459.15
454.10
455.00
455.15
456.85
458.55
458.25
461.75
461.85
459.65
459.45
461.75
464.25
479.50
481.60
466.65
469.80
472.65
474.85
473.45
479.65
474.05
468.00
469.95
470.10
467.00
459.70
458.60
463.50
458.75
461.30
463.00
464.20
461.75
463.55
464.20
465.80
466.25
468.25
476.95
478.75
477.65
477.80
493.90
486.90
490.00
488.95
485.75
480.90
483.00
485.30
484.50
495.00
502.75
593.70
487.05
487.75
484.55
481.00
481.60
483.25
483.75
999999
999999
489.55
486.90
486.50
999999
484.10
477.30
481.60
483.95
479.50
485.30
482.05
481.40
480.90
484.80
475.85
476.75
477.75
476.50
477.85
471.40
471.40
469.40
468.00
465.25
454.65
455.15
447.10
437.60
444.15
443.05
439.25
443.80
440.20
440.30
443.60
444.25
444.40
446.25
443.45
445.10
443.95
438.00
433.95
432.65
423.75
429.15
431.55
429.15
430.75
436.00
435.70
436.10
437.25
444.10
441.90
442.25
447.15
445.35
442.80
446.50
449.40
450.00
453.90
451.50
453.10
454.70
454.00
458.00
999999
999999
456.00
450.80
446.25
448.60
450.15
450.20
448.50
447.00
453.85
457.55
456.55
458.00
454.00
453.15
449.75
448.25
449.10
452.15
449.75
999999
444.30
441.95
445.35
445.95
443.60
447.10
449.35
448.65
451.05
453.40
453.15
452.70
456.65
459.50
460.25
458.60
458.60
453.00
452.50
999999
454.00
457.00
454.60
464.85
464.10
463.40
458.75
455.00
457.10
450.50
450.80
450.30
452.65
449.80
453.90
451.70
449.80
447.60
447.00
442.00
443.85
434.90
436.85
436.50
437.15
437.40
438.10
439.15
438.90
439.65
434.50
436.20
439.05
438.10
437.65
437.25
445.00
443.20
443.20
442.20
430.15
431.70
428.75
432.70
436.40
432.90
431.25
433.40
431.45
431.85
428.25
426.95
429.00
428.40
431.15
432.00
429.00
430.20
432.40
429.70
432.70
432.10
434.80
433.75
999999
429.40
426.35
430.30
430.30
427.00
427.65
427.00
428.00
428.90
418.00
420.80
421.90
421.50
417.30
409.00
410.40
401.60
399.60
399.30
389.05
397.00
397.65
398.60
396.15
394.20
397.35
397.25
403.00
404.25
406.25
408.00
404.70
408.60
406.50
411.15
413.05
410.80
411.40
410.55
406.30
406.60
407.50
407.15
407.30
412.30
411.00
412.50
422.90
419.50
422.00
421.85
419.50
422.25
420.75
420.65
422.80
422.60
423.30
419.75
416.60
416.10
417.95
419.85
422.60
421.40
422.10
421.30
425.50
423.80
430.40
429.00
425.35
423.30
422.20
421.00
420.05
419.60
421.40
412.60
413.65
413.20
413.85
415.60
417.55
999999
999999
413.65
413.10
410.15
999999
413.60
410.50
408.00
408.45
404.45
405.50
403.50
404.85
403.50
401.75
402.10
402.85
402.30
404.50
407.75
407.80
404.75
406.00
402.25
394.30
394.85
392.00
392.70
390.85
390.25
391.45
390.40
394.10
393.80
386.70
385.65
381.70
384.25
378.95
382.15
382.75
386.00
389.00
389.25
390.75
386.75
386.10
384.10
384.10
388.40
386.30
393.10
392.50
397.00
393.10
394.30
394.45
391.00
389.25
395.30
394.10
393.40
396.00
999999
999999
391.25
383.30
384.00
382.30
