2826   
3033   
2786   
3297
2803
3194
2970
3475
3044
3320
3113
3630
3136
3435
3245
3791
3297
3498
3400
4038
3578
3929
3716
4268
4158
4411
3992
4589
4417
4641
4411
5037
4779
5146
5060
5468
4917
5146
4790
5566
5134
5550
4951
5718
5400
5731
5238
5811
5615
5811
5542
6092
5682
5945
5769
6472
6296
6423
6164
6696
6642
7028
6560
7447
7208
7491
7194
7801
7582
7849
7376
7957
7685
8082
7711
8348
8187
8514
7858
8486
8058
8709
7987
8910
8296
9178
8444
9215
8879
8990
8115
9457
8590
9294
8997
9574
9051
9724
9120
10143
9746
10074
9578
10817
10116
10779
9901
11266
10686
10961
10121
11333
10677
11325
10698
11624
11052
11393
10609
12077
11376
11777
11225
12231
11884
12109
11576

