1361
1278
1443
1524
1483
1404
1450
1517
1324
1533
1622
1564
1244
1456
1534
1689
1641
1588
1614
1639
1763
1779
1622
1491
1603
1820
1517
1448
1467
1550
1562
1569
1455
1524
1486
1484
1361
1433
1423
1438
1478
1488
1529
1432
1482
1452
1460
1656
1370
1378
1394
1352
1265
1194
1086
1119
1046
843
961
990
1067
1123
1056
1091
1304
1248
1364
1407
1421
1491
1538
1308
1380
1520
1466
1554
1408
1405
1512
1495
1556
1569
1630
1548
1769
1705
1561
1524
1583
1528
1368
1358
1507
1381
1229
1327
1085
1305
1319
1264
1290
1385
1517
1399
1534
1580
1647
1893
1828
1741
1910
1986
2049
2026
2083
2158
2041
2128
2182
2295
2494
2390
2334
2249
2221
2254
2252
2382
2481
2485
2421
2366
2481
2289
2365
2084
2266
2067
2123
2051
1874
1677
1724
1526
