81.9 
79.0
122.4
143.0
133.9
123.5
100.0
103.7
91.9
79.1
75.1
62.3
61.7
63.2
92.9
115.9
134.2
131.6
126.1
130.2
125.8
137.0
120.2
83.1
82.7
87.2
128.6
164.9
144.5
142.5
142.3
141.0
139.5
143.3
129.5
99.3
105.8
94.6
135.6
159.9
157.7
150.5
126.5
127.5
132.9
125.8
97.4
85.3
69.2
77.2
117.8
130.6
127.3
141.9
143.5
131.5
133.8
143.8
128.3
124.1
114.8
104.6
169.3
203.6
203.5
196.8
197.0
205.9
175.6
181.7
176.4
155.3
150.9
153.6
205.8
213.2
227.9
226.2
207.5
231.0
204.4
218.2
187.1
152.7
147.3
139.5
201.1
205.4
234.2
203.4
203.2
199.9
148.9
149.5
134.6
90.6
86.2
109.6
127.2
160.9
149.9
149.5
127.2
114.0
99.6
97.2
75.1
54.9
