0.33900 
1.09300 
1.29900
0.75300
1.38600
0.75400
0.87400
0.92800
0.94700
1.24100
0.90000
1.02300
0.95500
0.77700
1.38100
0.78000
0.94300
1.12600
0.89600
0.85400
0.66200
0.58000
0.77400
0.49100
0.88400
0.92400
0.61700
1.31900
1.10500
1.22800
0.70000
0.79400
0.82100
1.00400
1.03100
0.64000
0.77600
0.71400
0.79700
0.60300
0.50700
0.49800
0.56500
1.15100
1.44400
1.34900
1.48000
1.86400
1.10100
1.05500
1.07400
0.88400
1.20100
1.22500
1.23500
0.94300
1.69700
1.39200
1.24500
1.07700
1.26100
0.98500
0.50100
0.73500
0.91000
1.57500
1.23700
1.03400
0.87100
0.88800
0.89900
0.39900
1.26500
0.49600
0.77600
0.68600
1.04200
0.77000
0.62900
0.66000
0.73300
0.58900
0.71600
0.90500
0.82800
1.25500
1.19900
1.06100
0.87900
0.79900
1.16500
1.73200
0.91700
1.15600
1.22800
1.32800
1.48000
1.11700
0.99300
0.84200
0.63900
0.68200
0.59400
0.49100
0.85200
1.02400
1.17600
1.37600
0.53500
0.74300
0.85100
1.18700
1.29300
1.02500
1.31900
1.14700
1.98500
1.25600
1.44800
1.35300
1.13700
0.96800
0.96500
1.12500
1.34700
1.31400
0.57900
1.04200
0.73700
1.19800
0.82900
0.72300
1.39000
1.23800
0.64000
1.30200
1.08500
0.91600
0.97400
0.94600
0.47900
1.08200
1.07800
1.15700
1.15300
0.70400
1.16000
1.12500
1.56000
1.18800
1.98000
1.35500
0.95100
0.58600
1.32000
0.81800
0.95200
1.17800
1.44900
0.84600
0.67700
0.54700
0.85500
0.75600
1.23700
0.36900
0.68100
0.84900
1.06600
1.20700
0.84800
1.11900
0.90800
0.95400
1.42200
0.90500
0.94100
1.19400
1.39700
1.81100
1.58600
1.10200
1.28500
1.23100
0.88500
0.74200
0.64500
0.78400
0.82700
1.04600
1.00100
1.01200
1.44500
1.24100
1.41300
1.27200
1.16800
1.07200
0.67900
0.85800
0.78900
1.09000
1.38000
1.10300
0.75200
0.86300
1.17400
1.11600
1.15500
1.21700
1.07400
0.63900
1.02300
1.05300
0.98100
0.80700
0.69500
0.79000
1.25600
0.99800
0.73500
1.02000
0.80700
0.88800
0.97100
0.51100
0.33200
0.90300
1.07600
0.90000
0.84500
1.00500
0.98200
0.78600
0.79900
1.33900
0.63900
0.63300
0.95700
0.86900
1.15100
0.89300
0.76200
0.42500
1.15500
1.17700
1.30900
0.85100
1.20100
0.74100
0.44700
0.85300
0.61400
1.24200
1.26800
1.04200
0.91700
1.71000
1.46100
1.09800
1.18300
1.05100
0.90000
1.16400
0.81500
1.04500
0.94900
1.08700
1.40600
1.44300
0.82100
0.81400
0.80400
0.88000
1.38500
1.48000
1.43100
1.17300
0.98000
1.05000
0.90400
1.01800
0.64800
1.22600
0.93000
0.61800
0.68000
0.75400
1.34300
0.95500
0.63900
0.67700
1.13900
0.99300
1.27200
1.04900
0.70600
1.37800
0.94500
1.12900
1.47600
0.70800
0.78900
0.84500
0.91000
0.75500
0.87700
1.00800
1.04300
0.94100
0.96700
1.71100
0.63600
1.44100
1.20400
0.50800
0.91300
1.36800
1.12500
1.29000
1.02100
0.74600
0.92500
0.77600
1.30100
0.84400
1.38700
1.00100
1.07900
0.98200
0.88800
0.79200
1.17300
1.37000
1.21800
0.98500
0.95600
1.02300
0.97200
0.41000
1.06400
0.78400
0.74500
1.06700
1.02400
1.01200
0.93600
1.28000
0.70100
0.97200
0.55900
0.60400
0.70600
1.13800
0.66500
0.75100
0.89000
0.65900
0.59400
0.78500
0.61300
1.01100
0.79500
0.85100
0.81300
0.95200
0.65900
0.56100
0.95900
1.17900
0.95700
0.82500
1.23600
0.72600
1.29400
0.94300
1.55300
1.28000
1.06800
0.86900
0.88300
1.20000
0.84200
1.09800
1.17000
1.52400
1.32800
1.60700
0.78900
1.19600
1.22400
1.29300
1.60900
1.64000
1.04600
1.08800
1.22300
0.84400
0.89100
1.27000
1.00600
0.63500
1.27000
1.00800
1.03800
1.04000
1.17900
0.95900
1.34200
0.97300
1.10700
0.75600
0.91600
1.51100
1.28800
1.07500
1.41800
0.80500
0.74400
1.10600
0.85300
1.03500
1.25200
1.20000
1.07700
0.66200
0.90400
0.78300
0.79800
1.40200
0.85500
1.41600
0.48700
1.14500
1.11300
0.95200
0.78900
0.90100
0.95800
0.66100
0.96300
0.55700
0.88800
0.95300
0.70100
0.46500
0.98000
0.67300
0.92900
1.19500
0.79200
0.98900
0.88000
1.03600
0.73600
0.82800
1.13200
0.86700
0.80000
0.97200
1.06100
1.31100
0.71800
0.72700
1.10000
1.12100
1.16300
0.95800
0.91700
0.81100
1.13900
1.52400
1.08000
1.23400
0.77800
1.13200
0.76500
0.92100
1.10700
1.17600
1.23400
0.78000
0.74300
0.95100
0.92200
1.21400
1.08300
0.94200
1.51800
1.46500
0.73400
1.33900
1.41700
