  8385 
  9127
  6911
  6354
  7912
 10199
 10837
 18875
 27382
 22520
 23322
 22633
 48386
 58640
 65365
 45374
 76242
 79340
 38914
 68069
 84066
 80289
104565
 69994
 78615
114371
154416
234968
226527
297024
295984
379466
371603
368645
427833
200877
200436
251306
123126
121282
153640
 91918
 91985
176282
193418
248120
318568
315722
277680
352768
387203
321350
404806
459803
313339
227498
169986
141857
138469
177826
457257
669431
788992
603322
518595
395346
334203
490109
546889
444427
455302
560319
579663
439730
285631
258536
343267
230832
229299
311715
448572
487918
648743
857046
812870
026499
100499
285349
782870
751786
041570
878587
838172
197892
218480
326700
298826
295403
110618
141132
430001
805228
309556
522919
706896
294314
304488
335175
307255
279678
241700
 97139
 35576
 23068
 29470
 34956
 36329
 50244
 67895
 82998
 70756
 51776
 28781
 23725
 28551
 38119
108721
147292
170570
188317
249187
205717
265520
170434
208177
237790
321625
326867
253265
260686
265398
271344
283763
