  27418       
  30592       
  23910       
  25509       
  27003
  20943
  25333
  17004
  20249
  21384
  19565
  21253
  23041
  23026
  23860
  22295
  27286
  23928
  29008
  18387
  26340
  21437
  27105
  30316
  22101
  34180
  32133
  29867
  27710
  25342
  29021
  28961
  27995
  29217
  28804
  27979
  32920
  33006
  33220
  37703
  38679
  30287
  39730
  32205
  31998
  30802
  33324
  40905
  37808
  38598
  43236
  42834
  44740
  34983
  41918
  39886
  31988
  38448
  41927
  44844
  44472
  47571
  48929
  44346
  48339
  43879
  48500
  39912
  50887
  53891
  50401
  52531
  59044
  54300
  36587
  61092
  60590
  57143
  50531
  52125
  50404
  50268
  38713
  37771
  43622
  76892
  51947
  60594
  70539
  47899
  60827
  75188
  54016
  58675
  78072
  65174
  73784
  74549
  77458
  91716
  91965
  60324
 105841
  87211
  88854
  98492
 121904
 113115
 138696
 143828
 125827
 163372
 135675
 109045
 111746
  81967
  85920
  98854
 113218
 112810
 113540
 124316
 121351
 137219
 126031
 121922
 146690
 121795
 149695
 134872
 146562
 165519
 159668
 181979
 165070
 196300
 204972
 152772
 177387
 178049
 197014
 188348
 173982
 184446
 187267
 183766
 176065
 175365
 188566
 140012
 167156
 143348
 189439
 182139
 185964
 193248
 227234
 214183
 206294
 258372
 232309
 169525
 210104
 169559
 198897
 160296
 190960
 191847
 183544
 219075
 161688
 228335
 221298
 167991
 257647
 230014
 197181
 214386
 214505
 230727
 245417
 258265
 284005
 321274
 265418
 310891
 382344
 303195
 355551
 313744
 343600
 315420
 365349
 353349
 338449
 351661
 412065
 326009
 349156
 332799
 477186
 334576
 470887
 415610
 407495
 380644
 471066
 428948
 433759
 290394
 297557
 300496
 366013
 359488
 361559
 413015
 492792
 458631
 408515
 445952
 468563
 370503
 431432
 406605
 438078
 384882
 553442
 506836
 560370
 519189
 458543
 620742
 521693
 436935
 534253
 491395
 624499
 537128
 680066
 582908
 763389
 655079
 631641
 783934
 660866
 756536
 741444
 657000
 628369
 693027
 625136
 650768
 747126
 694458
 738350
 705528
 501249
 599747
 629710
 624525
 652949
 590177
 531311
 729379
 718268
 547579
 622058
 665272
 661735
 621014
 574889
 677734
 717075
 653612
 690697
 665864
 830701
 789303   
 617808
 805775
 909449
 599973
 955874
 799494
 876097
 823300
 900079
 860754
 923882
1121084
 741757
 966066
 901978
 648659
 852732
 706036
 835792
 722489
 714262
 739459
 816834
 743082
 683375
1006000
 866000
 644000
 703000
 699000
 713000
 688000
 672000
 600000
 847000
 697000
 687000
 973000
 796000
 658000
 709000
 798000
 820000
 776000
 699000
 828433
 942131
 792916
 864942
 982689
 948143
 874863
 735794
 854605
1284216
 961585
 818379
1079498
1095091
1008925
 967118
1127715
