 3148 
 3276 
 3456 
 3804 
 3925
 3960
 4018
 3525
 3090
 2986
 3392
 3676
 3804
 3780
 3827
 4030
 4088
 3978
 4320
 4743
 4946
 5056
 5039
 5392
 5798
 5369
 4865
 4917
 5153
 5077
 5428
 5639
 5550
 5550
 6237
 6072
 6201
 6059
 5860
 6145
 6551
 6561
 6402
 6657
 6653
 6452
 6290
 6587
 6871
 6402
 6115
 5765
 5824
 6204
 6567
 6861
 7747
 8120
 8589
 8959
10108
 9053
 7729
 7331
 7856
 7868
 8254
 8278
 9213
 8751
 9001
 8685
 8674
 8054
 8636
 8673
 9105
 9253
 9062
 9208
 8852
 9328
 9557
 8904
 9909
 9922
 9976
10223
11040
10766
11331
11409
11219
10303
 9577
 9640
10258
10165
10891
11539
13167
12393
11787
12228
13483
12823
11840
12136
12106
11877
11091
11957
12885
12943
12881
13135
14934
16051
16241
16984
18116
17144
16662
15629
17504
16119
15128
15345
16891
16943
15884
16636
18371
18345
16889
17596
19443
18950
18599
19746
22849
22792
22085
22449
