177        
-112       
203
690
772
406
708
35
-246
-423
125
73
479
203
639
-311
280
-186
250
505
414
492
496
574
746
229
-43
-91
324
-440
268
552
716
-134
492
211
660
-47
147
548
783
-114
160
934
1143
120
329
429
483
-80
11
171
66
-617
-154
174
-374
317
1094
1046
1441
900
-338
-178
-477
-272
625
52
551
316
411
1086
404
-313
-50
-29
50
-58
154
411
464
849
65
326
780
169
-98
27
590
300
140
-244
619
-724
-1152
-1183
-140
-650
273
198
1010
219
87
-231
992
267
761
-197
-265
-248
167
-460
888
18
-143
-414
1081
581
904
145
1521
245
811
-1256
-172
-869
179




