1.36200  
1.52400  
1.82300  
1.46200  
1.41800
1.30500
0.90700
0.87800
0.78100
0.61600
0.69600
0.76200
0.97500
0.87900
1.09100
0.95500
0.95200
0.64500
0.56400
0.51000
0.69300
0.73100
0.55900
0.88400
1.24800
1.24400
1.37100
1.22500
1.27400
1.05200
1.07600
1.03200
0.82600
0.91400
1.12800
0.99500
0.94200
0.74000
1.08500
1.47700
1.16200
1.13400
1.10200
1.47700
1.15500
1.21500
0.75800
1.17300
0.60700
1.05600
0.78600
1.11600
1.20500
1.29900
1.09900
1.13900
1.09300
1.09200
0.97000
0.83300
1.27800
0.85200
0.74600
0.82400
0.83400
0.62500
0.80100
0.65200
0.66200
0.94000
1.15200
1.35200
0.89800
0.86100
0.98500
0.82300
0.71800
0.96700
1.05500
1.09400
1.05500
1.18500
1.11400
1.26900
1.45200
1.14500
1.26400
1.51200
1.48000
1.15200
1.13000
1.22300
1.00800
0.88800
0.93000
0.97300
0.85700
0.70500
0.88100
0.85100
1.01300
0.93600
1.06000
0.84300
1.09900
1.11900
1.15200
1.10700
1.06800
1.11400
1.20000
1.06300
1.08100
1.00800
1.04100
0.81500
0.81700
0.89100
0.98200
0.87400
1.16500
1.22400
0.71500
0.86800
0.80200
0.65600
0.75700
0.86700
1.06100
0.97400
1.00900
1.05200
1.10400
0.98000
1.00100
1.10900
1.11700
1.08500
0.93200
0.91000
0.88700
0.92300
0.79500
0.60500
0.81000
0.65400
0.60100
0.92900
0.70800
0.66400
0.91200
0.73400
1.02400
0.99400
0.98000
1.26900
1.29100
1.25300
1.10500
1.08800
1.29800
1.08400
1.30000
1.18100
0.95100
1.12400
1.11600
1.14100
1.28000
1.25100
1.31900
1.11400
1.15900
1.37000
1.16200
1.23700
1.09300
0.92500
0.95100
1.15900
0.99700
0.78200
0.81700
0.71200
0.74300
0.80500
0.68900
0.92400
1.04300
1.05500
0.93400
1.04800
1.18200
0.86900
1.07900
1.03100
1.13400
1.04800
1.02300
1.01300
0.88100
0.90500
0.80100
0.89600
0.82300
0.79900
0.94900
0.93600
0.85400
0.92500
1.04200
1.13400
1.15800
0.95800
1.02200
1.09800
1.46600
1.09500
1.07900
0.76900
0.75000
0.68900
0.81400
0.74500
0.89500
0.93400
0.94700
0.67300
0.94600
0.85400
1.11500
1.15000
1.25700
1.29700
1.13400
0.93900
1.06600
0.91700
1.03700
1.07700
1.07900
0.70300
0.76100
0.74900
0.87400
0.90000
0.83300
0.96000
0.79300
0.86600
0.97800
0.97700
1.27000
1.01500
1.05600
1.00900
1.01200
0.66700
0.69800
0.67300
0.76000
0.93400
0.89600
0.79100
0.82300
0.87000
0.92600
0.70900
0.85700
0.93800
0.93800
0.73200
1.03300
0.92800
1.17400
1.16700
1.10700
0.86900
0.95200
0.85300
0.88300
0.68800
0.90500
0.95100
1.06800
1.12400
1.00900
0.99900
1.19000
1.35800
1.65700
1.45000
1.39500
1.17700
1.12800
1.14900
0.97700
1.06100
1.04200
1.06100
1.25700
1.10700
1.07100
1.08500
1.15900
1.12100
1.10100
0.91600
1.06800
1.01400
0.99300
0.80500
0.88300
0.93900
0.96500
0.97700
0.92700
1.00400
1.06700
1.13600
1.04300
1.08600
0.96600
1.11900
0.91800
0.88400
1.03200
1.21000
1.54600
1.14600
1.03000
1.26400
1.25300
1.07200
1.08000
0.93800
1.02000
0.92300
1.00500
1.10000
1.09500
1.01200
1.07500
1.02500
1.26700
1.40200
1.19500
1.17400
1.11300
0.93100
1.03600
0.77200
0.74600
0.73800
0.96800
0.99000
1.06300
1.15100
0.96300
0.76400
0.77400
0.80500
0.83100
0.82300
0.62600
0.72300
0.79200
0.78900
0.72400
0.80700
0.83600
0.79500
0.77600
1.02800
1.36700
1.10100
1.16400
