 4.94
 4.99
 5.00
 5.03
 5.03
 5.25
 5.26
 5.30
 5.45
 5.49
 5.52
 5.70
 5.68
 5.65
 5.80
 6.50
 6.45
 6.48
 6.45
 6.35
 6.40
 6.43
 6.43
 6.44
 6.45
 6.48
 6.40
 6.35
 6.40
 6.30
 6.32
 6.35
 6.13
 5.70
 5.58
 5.18
 5.18
 5.17
 5.15
 5.21
 5.23
 5.05
 4.65
 4.65
 4.60
 4.67
 4.69
 4.68
 4.62
 4.63
 4.90
 5.44
 5.56
 6.04
 6.06
 6.06
 8.07
 8.07
 8.10
 8.05
 8.06
 8.07
 8.06
 8.11
 8.60
10.80
11.00
11.00
11.00
 9.48
 9.18
 8.62
 8.30
 8.47
 8.44
 8.44
 8.46
 8.49
 8.54
 8.54
 8.50
 8.44
 8.49
 8.40
 8.46
 8.50
 8.50
 8.47
 8.47
 8.47
 8.48
 8.48
 8.54
 8.56
 8.39
 8.89
 9.91
 9.89
 9.91
 9.91
 9.90
 9.88
 9.86
 9.86
 9.74
 9.42
 9.27
 9.26
 8.99
 8.83
 8.83
 8.83
 8.82
 8.83
 8.83
 8.79
 8.79
 8.69
 8.66
 8.67
 8.72
 8.77
 9.00
 9.61
 9.70
 9.94
 9.94
 9.94
 9.95
 9.94
 9.96
 9.97
10.83
10.75
11.20
11.40
11.54
11.50
11.34
11.50
11.50
11.58
12.42
12.85
13.10
13.12
13.10
13.15
13.10
13.20
14.20
14.75
14.60
14.60
14.45
14.50
14.80
15.85
16.20
16.50
16.40
16.40
16.35
16.10
13.70
13.50
14.00
12.30
12.00
14.35
14.60
12.50
12.75
13.70
13.45
13.55
12.60
12.00
11.00
11.60
12.05
12.35
12.70
12.45
12.55
12.20
12.10
11.15
11.85
12.10
12.50
12.90
12.50
13.20
13.65
13.65
13.50
13.45
13.35
14.45
14.30
15.05
15.55
15.65
14.65
14.15
13.30
12.65
12.70
12.80
14.50
15.10
15.15
14.30
14.25
14.05
14.70
15.05
14.05
13.80
13.25
13.00
12.85
12.60
11.80
13.00
12.35
11.45
11.35
11.55
10.85
10.90
12.30
11.70
12.05
12.30
12.90
13.05
13.30
13.85
14.65
15.05
15.15
14.85
15.70
15.40
15.10
14.80
15.80
15.80
15.0
14.40
13.80
