 -0.88
 -0.12
 -0.89
 -1.38
 -0.07
 1.03
 2.14
 0.35
 -1.10
 -1.78
 -2.76
 -1.77
 0.98
 1.00
 -0.70
 -1.01
 -1.30
 -0.85
 -0.46
 1.63
 0.06
 -0.17
 -1.01
 -1.04
 -0.66
 -1.12
 -0.51
 -0.71
 -0.20
 -0.13
 0.14
 1.59
 -0.76
 -1.08
 -1.77
 -1.20
 0.45
 -0.07
 -0.63
 -0.35
 -0.87
 -0.62
 0.28
 1.90
 2.14
 1.05
 0.31
 1.07
 2.67
 2.44
 1.31
 1.10
 1.94
 0.33
 1.82
 1.15
 0.61
 -1.08
 -1.62
 -0.39
 0.19
 -1.59
 -2.25
 0.29
 1.73
 2.30
 0.80
 -0.40
 0.30
 -0.50
 -2.11
 -2.43
 0.72
 3.09
 4.96
 1.81
 -0.46
 -0.33
 0.04
 0.82
 -1.63
 -2.29
 -0.77
 1.91
 1.92
 0.85
 -0.65
 0.35
 0.78
 1.62
 3.24
 1.86
 0.76
 2.24
 0.76
 -0.15
 0.18
 0.60
 0.92
 -0.70
 -0.03
 1.07
 0.28
 -1.38
 -0.63
 -1.48
 0.19
 -1.14
 0.31
 0.39
 -0.17
 0.70
 2.14
 1.24
 0.42
 0.61
 -0.76
 -1.75
 -0.37
 1.21
 1.40
 2.46
 1.74
 0.78
 0.90
 1.11
 2.20
 0.52
 -0.22
 1.12
 1.02
 1.10
 1.72
 1.80
 -0.46
 -1.27
 0.39
 0.93
 0.55
 -0.45
 -0.87
 -0.90
 0.64
 2.29
 2.75
 1.43
 0.47
 1.80
 0.46
 0.32
 -0.81
 -1.81
 -2.07
 0.96
 1.20
 0.77
 -0.98
 -1.46
 -1.30
 -2.29
 -1.81
 -1.61
 -1.01
 -1.36
 -1.78
 0.04
 1.44
 2.58
 0.54
 0.27
 -0.75
 -0.70
 0.45
 -0.13
 -1.03
 -1.19
 -0.31
 1.77
 1.89
 0.88
 0.58
 0.70
 -0.32
 -1.62
 1.08
 1.25
 0.19
 -0.93
 -0.61
 0.83
 0.46
 1.12
 0.11
 -1.11
 -0.85
 -1.86
 -0.74
 -1.04
 -0.42
 0.16
 0.55
 -0.37
 -0.62
 -1.23
 -0.76
 -0.79
 -1.99
 -1.56
 -0.36
 1.00
 0.02
 -0.30
 -0.23
 -0.63
 -1.61
 -1.66
 -0.80
 -1.71
 -0.87
 -0.74
 1.55
 1.39
 1.51
 2.39
 1.68
 -0.04
 -1.24
 -2.24
 -1.31
 -0.10
 0.46
 1.06
 1.37
 1.67
 0.29
 -0.31
 -2.08
 -2.67
 -1.50
 -1.71
 -0.70
 -1.25
 -0.25
 0.14
 1.43
 0.47
 -1.16
 -3.68
 -3.41
 -1.43
 1.06
 2.86
 0.72
 -1.79
 -2.26
 -1.87
 -1.53
 -0.25
 1.40
 3.37
 0.85
 -0.36
 0.25
 1.57
 -0.08
 0.78
 -0.56
 -1.22
 0.07
 -0.33
 -0.15
 1.56
 2.23
 2.01
 0.42
 -0.75
 -0.47
 1.55
 3.60
 2.07
 1.32
 0.06
 0.87
 0.51
 -0.25
 0.12
 1.54
 1.37
 1.97
 0.81
 -0.67
 -2.41
 -1.82
 -0.45
 0.31
 0.12
 -1.01
 -1.12
 -1.69
 -1.52
 -0.82
 -0.81
 -0.33
 -0.65
 -1.86
 -0.94
 0.50
 1.05
 1.40
 1.52
 0.20
 0.64
 1.95
 1.55
 1.74
 -0.22
 -2.14
 -2.33
 -1.01
 0.42
 2.54
 0.86
 0.10
 -0.04
 -1.18
 -0.40
 -0.53
 0.70
 -0.14
 -0.20
 0.47
 1.07
 0.85
 -0.35
 -0.69
 -0.63
 -2.08
 -1.56
 -1.00
 0.55
 2.08
 1.74
 -0.34
 -1.85
 -1.29
 1.74
 2.58
 1.64
 1.85
 -0.01
 -0.16
 -0.29
 -0.66
 -3.41
 -2.33
 -2.57
 -1.78
 -1.31
 -2.69
 -1.77
 -0.57
 1.58
 1.78
 1.09
 -0.54
 0.29
 -0.26
 0.01
 1.05
 0.94
 -0.91
 -2.09
 -2.01
 -1.12
 -0.02
 0.98
 0.50
 2.12
 1.68
 2.28
 2.59
 3.04
 1.16
 0.50
 0.56
 0.45
 0.35
 0.10
 2.16
 2.60
 1.40
 0.62
 0.36
 -0.09
 1.93
 1.80
 1.13
 -1.34
 -1.94
 -0.89

 
