-143.0000
-114.0000
4609.000
7309.000
3372.000    
-2305.000
-885.0000
6750.000
9453.000
2705.000    
-4159.000
-2192.000
5697.000
10021.00
5265.000    
-3613.000
-5073.000
3978.000
11252.00
6387.000    
-2903.000
-3578.000
3737.000
8423.000
5460.000    
220.0000
-636.0000
2385.000
4768.000
4436.000    
2388.000
1385.000
2873.000
3788.000
2116.000    
1195.000
2915.000
4690.000
4508.000
2387.000    
-160.0000
110.0000
4193.000
7234.000
4307.000    
-828.0000
-718.0000
3518.000
5307.000
3764.000    
2353.000
2233.000
2239.000
2094.000
2912.000    
4469.000
4185.000
1824.000
1315.000
3277.000    
3268.000
1630.000
3067.000
5462.000
3138.000    
-884.0000
345.0000
4791.000
5893.000
3503.000    
821.0000
-353.0000
1791.000
5900.000
6255.000    
1642.000
-1291.000
1486.000
5374.000
5260.000    
2756.000
1600.000
1799.000
2176.000
3066.000    
3905.000
3607.000
2877.000
2611.000
2260.000    
1415.000
1292.000
3279.000
5626.000
4749.000    
1084.000
-859.0000
969.0000
3998.000
5660.000    
5715.000
3439.000
-962.0000
-2186.000
3435.000    
9252.000
6440.000
-1816.000
-3725.000
3482.000    
8978.000
5067.000
-1797.000
-1843.000
4082.000    
7267.000
3923.000
-473.0000
92.00000
4564.000    
8977.000
10341.00
6017.000
776.0000
2624.000    
4891.000
-2723.000
-10045.00
-3306.000
6223.000    
2759.000
-3525.000
318.0000
5871.000
5398.000    
4405.000
5541.000
4640.000
1613.000
1088.000    
4075.000
6975.000
7297.000
4979.000
-191.0000    
-5025.000
-3218.000
3544.000
7349.000
6868.000    
4538.000
1515.000
1324.000
4150.000
4074.000    
193.0000
-1834.000
816.0000
5342.000
7432.000    
5095.000
220.0000
-2140.000
1378.000
6289.000    
5903.000
2783.000
1975.000
1998.000
1745.000    
2526.000
3559.000
4088.000
4095.000
2742.000    
-67.00000
-1822.000
1117.000
7147.000
8849.000    
3393.000
-2309.000
-1612.000
3196.000
6526.000    
5602.000
1122.000
-2172.000
-596.0000
3867.000    
6623.000
4783.000
375.0000
-493.0000
4133.000    
8130.000
6212.000
1578.000
226.0000
1631.000    
1726.000
1497.000
2557.000
2472.000
1263.000    
1653.000
3812.000
5814.000
5501.000
3352.000    
3078.000
5254.000
5064.000
276.0000
-3685.000    
-1595.000
3693.000
6262.000
3930.000
-781.0000    
-1890.000
3853.000
10947.00
10879.00
3778.000    
-2685.000
-3859.000
67.00000
5663.000
6362.000    
1082.000
-1972.000
1631.000
5441.000
4123.000    
2599.000
5431.000
7553.000
4107.000
-1406.000    
-2660.000
1787.000
6081.000
4416.000
-607.0000    
-2576.000
495.0000
5969.000
8858.000
5126.000    
-898.0000
71.00000
6174.000
6341.000
628.0000    
-1168.000
1638.000
2851.000
2242.000
1838.000    
760.0000
781.0000
4677.000
8211.000
5836.000    
1447.000
2082.000
5767.000
4912.000
-1362.000    
-5416.000
-1855.000
5210.000
8475.000
6496.000    
3173.000
1949.000
2737.000
3216.000
1719.000    
-368.0000
503.0000
4256.000
6034.000
4098.000    
2317.000
2730.000
2989.000
2036.000
1653.000    
1866.000
1388.000
1152.000
2073.000
2958.000    
3135.000
3946.000
5788.000
5347.000
1964.000    
2102.000
7708.000
9717.000
3210.000
-3099.000    
-1800.000
2360.000
3930.000
4092.000
3639.000    
1428.000
-555.0000
1086.000
4571.000
4616.000    
1131.000
-1037.000
207.0000
3113.000
5563.000    
6037.000
4636.000
3403.000
3254.000
3124.000    
2879.000
3339.000
3632.000
1623.000
-2856.000    
-5016.000
374.0000
8624.000
9511.000
3058.000    
-1576.000
-118.0000
4406.000
7735.000
7118.000    
3226.000
36.00000
4.000000
1891.000
3434.000    
3492.000
2456.000
1613.000
1417.000
1080.000    
1374.000
4124.000
6499.000
3757.000
-976.0000    
-413.0000
4594.000
6630.000
4044.000
2158.000    
3193.000
4010.000
2609.000
787.0000
1259.000    
3561.000
3974.000
1464.000
-790.0000
-867.0000    
862.0000
3544.000
5094.000
4646.000
3892.000    
3586.000
3736.000
4579.000
5266.000
5349.000    
4348.000
1290.000
-1397.000
-1196.000
121.0000    
2490.000
6070.000
4555.000
-3067.000
-4757.000    
4658.000
12036.00
6339.000
-3779.000
-3667.000    
4996.000
9090.000
5300.000
1385.000
1486.000    
3034.000
3884.000
3593.000
2095.000
991.0000    
1769.000
3411.000
4161.000
3122.000
823.0000    
-76.00000
2832.000
7157.000
7023.000
2142.000    
31.00000
4167.000
7564.000
3821.000
-2903.000    
-4204.000
1542.000
7786.000
7704.000
2078.000    
-1767.000
791.0000
5715.000
6333.000
2225.000    
-1557.000
-1010.000
3092.000
6537.000
5921.000    
1469.000
-2341.000
-617.0000
4717.000
6984.000    
4885.000
2362.000
948.0000
545.0000
2832.000    
6816.000
6504.000
-106.0000
-4552.000
637.0000    
9090.000
9658.000
2236.000
-3550.000
-1831.000    
3419.000
6073.000
5333.000
3013.000
621.0000    
699.0000
3987.000
6409.000
4126.000
-999.0000    
-3515.000
-558.0000
4179.000
5091.000
3561.000    
4247.000
5226.000
3726.000
3200.000
4981.000    
5164.000
3138.000
1255.000
-2.000000
384.0000    
3091.000
4754.000
2668.000
-216.0000
-120.0000    
1607.000
1807.000
1233.000
2705.000
5463.000    
5744.000
3747.000
3276.000
4424.000
4526.000    
3767.000
3379.000
2506.000
397.0000
-956.0000    
883.0000
3590.000
2569.000
2.000000
1637.000    
5246.000
4848.000
1936.000
1318.000
3188.000    
5299.000
5832.000
3612.000
261.0000
-194.0000    
3080.000
5704.000
3950.000
487.0000
776.0000    
4750.000
6997.000
4913.000
1661.000
644.0000    
1442.000
2222.000
1760.000
503.0000
1144.000    
4368.000
6387.000
3696.000
-822.0000
-263.0000    
5224.000
7065.000
2171.000
-2309.000
-683.0000    
4843.000
8557.000
6480.000
519.0000
-2618.000    
108.0000
4519.000
6045.000
4812.000
2200.000    
-1118.000
-1834.000
2494.000
7146.000
6758.000    
3524.000
1927.000
1775.000
1640.000
2655.000    
4304.000
3303.000
-505.0000
-1934.000
3460.000    
11061.00
10635.00
1612.000
-4845.000
-1798.000    
5141.000
6917.000
2145.000
-2211.000
-298.0000    
4421.000
5248.000
3024.000
2008.000
1754.000    
1217.000
2595.000
5892.000
7066.000
4113.000    
611.0000
887.0000
3506.000
3291.000
-697.0000    
-3200.000
70.00000
6225.000
8939.000
5820.000    
307.0000
-1083.000
3963.000
8313.000
4520.000    
-2793.000
-3475.000
2678.000
6673.000
3813.000    
-787.0000
89.00000
5633.000
8181.000
4136.000    
-779.0000
938.0000
7670.000
10150.00
4386.000    
-3763.000
-6609.000
-1834.000
5249.000
6443.000    
1510.000
-1702.000
1005.000
6061.000
8518.000    
7238.000
4255.000
1533.000
5.000000
-35.00000    
1236.000
4095.000
7223.000
6329.000
948.0000    
-1703.000
2533.000
6961.000
4497.000
-2398.000    
-6287.000
-2551.000
5733.000
9697.000
5977.000    
764.0000
-939.0000
35.00000
3261.000
7864.000    
8169.000
1227.000
-4885.000
-591.0000
9574.000    
11194.00
855.0000
-7645.000
-3255.000
6580.000    
9274.000
5529.000
3299.000
3613.000
3294.000    
2189.000
718.0000
-933.0000
-578.0000
2426.000    
4494.000
3076.000
1520.000
3779.000
6578.000    
4525.000
-66.00000
-1594.000
91.00000
2473.000    
4141.000
3783.000
1669.000
-14.00000
1046.000    
5594.000
9371.000
6213.000
-1063.000
-1836.000    
5329.000
8561.000
2172.000
-3146.000
1071.000    
7231.000
5723.000
-579.0000
-2326.000
2441.000    
5684.000
2397.000
-753.0000
2588.000
7123.000    
5491.000
-51.00000
-1973.000
1752.000
5520.000    
4723.000
2458.000
3577.000
5715.000
3549.000    
233.0000
3295.000
9460.000
8147.000
271.0000    
-2328.000
3803.000
9393.000
7869.000
3353.000    
1526.000
2235.000
3385.000
3632.000
599.0000    
-5471.000
-8116.000
-2661.000
5192.000
6925.000    
2756.000
-1052.000
-1010.000
1663.000
4125.000    
4199.000
1668.000
-980.0000
-1333.000
-570.0000    
-417.0000
385.0000
2299.000
3659.000
4452.000    
4846.000
3507.000
2379.000
5996.000
12603.00    
14597.00
9924.000
4292.000
2152.000
2894.000    
5094.000
7564.000
7632.000
4345.000
956.0000    
-686.0000
-2655.000
-4497.000
-3109.000
-268.0000    
-232.0000
-1325.000
376.0000
3546.000
5449.000    
6411.000
6212.000
3730.000
1458.000
2681.000    
5558.000
6660.000
6118.000
5254.000
4383.000    
4448.000
5742.000
5984.000
4241.000
2614.000    
1028.000
-1869.000
-3714.000
-2907.000
-1928.000    
-1434.000
-323.0000
-28.00000
-421.0000
1815.000    
5343.000
3447.000
-4086.000
-7733.000
-2624.000    
4217.000
5732.000
3334.000
1922.000
4349.000    
9477.000
11395.00
6182.000
535.0000
3159.000    
9674.000
9945.000
4570.000
1028.000
1306.000    
2520.000
2127.000
-495.0000
-2841.000
-2494.000    
-1224.000
-481.0000
1682.000
5151.000
6183.000    
3881.000
1921.000
2541.000
4551.000
6639.000    
7214.000
4103.000
-1286.000
-3507.000
336.0000    
6268.000
7861.000
3668.000
-1461.000
-2120.000    
2003.000
6514.000
6922.000
2985.000
53.00000    
2478.000
6475.000
6549.000
3976.000
1819.000    
390.0000
266.0000
1843.000
3518.000
3174.000    
-39.00000
-2461.000
1229.000
6850.000
4872.000    
-2319.000
-3501.000
3854.000
11259.00
10305.00    
2377.000
-3261.000
-1353.000
3784.000
5191.000    
2499.000
1778.000
5295.000
7323.000
4171.000    
749.0000
2551.000
7671.000
9487.000
4094.000    
-3692.000
-4008.000
3775.000
7893.000
1661.000    
-6102.000
-4847.000
3041.000
7472.000
4040.000    
-1532.000
-964.0000
5241.000
7961.000
2795.000    
-2622.000
-155.0000
5662.000
5640.000
1478.000    
1744.000
7069.000
9497.000
5950.000
2464.000    
2534.000
2219.000
656.0000
2027.000
4126.000    
908.0000
-3587.000
-487.0000
7522.000
9774.000    
4518.000
280.0000
1731.000
4797.000
5241.000    
3684.000
2535.000
2396.000
1525.000
-373.0000    
-91.00000
3098.000
4419.000
2204.000
1483.000    
4384.000
6570.000
5042.000
1409.000
-1148.000    
-600.0000
1506.000
1098.000
-2046.000
-2326.000    
2446.000
6134.000
5844.000
6532.000
8344.000    
6203.000
1950.000
615.0000
1873.000
4502.000    
7298.000
5655.000
-326.0000
-2698.000
1390.000    
5859.000
6195.000
3541.000
824.0000
68.00000    
904.0000
1255.000
1211.000
2424.000
3356.000    
2049.000
832.0000
1700.000
2805.000
3000.000    
3100.000
2476.000
1377.000
3264.000
7509.000    
7892.000
3711.000
810.0000
729.0000
432.0000    
-190.0000
270.0000
849.0000
705.0000
656.0000    
1495.000
3318.000
4915.000
4653.000
3330.000    
2728.000
2041.000
560.0000
699.0000
3521.000    
5329.000
3242.000
1157.000
4300.000
9191.000    
8170.000
2769.000
842.0000
3548.000
5554.000    
4096.000
1845.000
2115.000
4177.000
5347.000    
5154.000
4552.000
3945.000
2808.000
-161.0000    
-4008.000
-4691.000
-875.0000
4020.000
6313.000    
4273.000
-173.0000
-810.0000
4846.000
10151.00    
8393.000
2266.000
-208.0000
3071.000
6150.000    
4875.000
1125.000
-3491.000
-7673.000
-7084.000    
-731.0000
4858.000
3513.000
-2012.000
-3071.000    
2589.000
8035.000
8260.000
5080.000
2259.000    
2094.000
3997.000
5604.000
6354.000
6724.000    
5586.000
1991.000
-1172.000
1113.000
7126.000    
7661.000
401.0000
-5217.000
-2947.000
1938.000    
2616.000
-332.0000
-2255.000
-938.0000
2359.000    
5040.000
5536.000
5216.000
6564.000
8820.000    
8214.000
3717.000
193.0000
2665.000
8303.000    
9234.000
3596.000
-1969.000
-2246.000
462.0000    
2066.000
2129.000
1621.000
203.0000
-2041.000    
-2721.000
166.0000
4231.000
4834.000
2286.000    
1986.000
5441.000
7909.000
7047.000
5685.000    
4764.000
2658.000
1158.000
2993.000
5365.000    
4235.000
1352.000
857.0000
3042.000
5063.000    
4650.000
1910.000
-126.0000
1403.000
4286.000    
3934.000
963.0000
-409.0000
-168.0000
-1342.000    
-3263.000
-2049.000
3153.000
8111.000
8879.000    
6120.000
3120.000
2452.000
3450.000
2555.000    
-339.0000
-497.0000
1625.000
961.0000
-91.00000    
3646.000
8262.000
8000.000
5385.000
5300.000    
7257.000
7110.000
3353.000
229.0000
1294.000    
3186.000
1282.000
-3508.000
-6390.000
-3203.000    
4630.000
8816.000
4175.000
-2471.000
-2608.000    
1809.000
4885.000
5173.000
3697.000
2334.000    
3413.000
6328.000
7197.000
4687.000
2390.000    
2661.000
3133.000
1685.000
328.0000
1068.000    
1890.000
1669.000
3315.000
6583.000
6752.000    
4538.000
5060.000
6273.000
3161.000
-667.0000    
-362.0000
423.0000
-1255.000
-1347.000
1319.000    
1609.000
-1670.000
-2121.000
3514.000
9094.000    
8600.000
4932.000
3921.000
5309.000
5578.000    
4708.000
4474.000
3824.000
785.0000
-2953.000    
-3121.000
1327.000
5842.000
5272.000
172.0000    
-3633.000
-1643.000
4252.000
7985.000
5926.000    
1130.000
-66.00000
2838.000
4017.000
2164.000    
2058.000
3781.000
3217.000
1984.000
4249.000    
7501.000
6496.000
2562.000
1101.000
2540.000    
3130.000
1765.000
50.00000
-933.0000
-344.0000    
1033.000
-391.0000
-4483.000
-4465.000
2147.000    
7766.000
6669.000
2691.000
713.0000
1585.000    
4849.000
7481.000
5210.000
343.0000
-414.0000    
3499.000
7097.000
7352.000
5379.000
4125.000    
4315.000
5217.000
7802.000
10197.00
7173.000    
423.0000
-1844.000
2115.000
5661.000
3441.000    
-1648.000
-2120.000
2054.000
2837.000
-1405.000    
-4043.000
-2200.000
988.0000
2052.000
-38.00000    
-1949.000
908.0000
6074.000
6753.000
3662.000    
3761.000
7882.000
9883.000
6646.000
2378.000    
3259.000
8218.000
8413.000
827.0000
-5276.000    
-2398.000
4202.000
5520.000
1172.000
-2667.000    
-3058.000
-1176.000
2260.000
5165.000
3853.000    
-218.0000
-1223.000
1664.000
4490.000
5949.000    
6017.000
3651.000
1666.000
4600.000
10155.00    
11496.00
6869.000
2096.000
3400.000
8737.000    
9402.000
1618.000
-7494.000
-9137.000
-4111.000    
491.0000
906.0000
-1937.000
-4722.000
-2935.000    
3764.000
9743.000
11146.00
8353.000
2697.000    
-599.0000
3674.000
9846.000
8174.000
-313.0000    
-6258.000
-3054.000
7024.000
13107.00
7242.000    
-3691.000
-6084.000
2468.000
10673.00
8300.000    
-528.0000
-3398.000
1788.000
5432.000
3899.000    
1943.000
-237.0000
-3962.000
-3572.000
3158.000    
7702.000
4101.000
-1599.000
-993.0000
4736.000    
8283.000
7534.000
6313.000
6995.000
7461.000    
5082.000
2645.000
4684.000
6329.000
-580.0000    
-10095.00
-10258.00
-3541.000
80.00000
-119.0000    
-775.0000
-2826.000
-4616.000
-644.0000
7332.000    
10641.00
6715.000
2301.000
3616.000
9128.000    
12653.00
11447.00
8513.000
6354.000
4784.000    
5361.000
8093.000
7121.000
357.0000
-4526.000    
-2558.000
472.0000
-1349.000
-5101.000
-4736.000    
-631.0000
897.0000
-1392.000
-1015.000
4136.000    
8036.000
7074.000
4952.000
5876.000
8302.000    
8936.000
8472.000
8070.000
6232.000
3554.000    
2522.000
1102.000
-3582.000
-6497.000
-1843.000    
4333.000
2694.000
-3429.000
-3787.000
2456.000    
6267.000
2581.000
-2169.000
45.00000
6415.000    
8258.000
4785.000
2650.000
3441.000
3022.000    
2269.000
4479.000
5585.000
1439.000
-2921.000    
-1746.000
3273.000
7054.000
5963.000
1083.000    
-798.0000
3769.000
7867.000
5187.000
717.0000    
728.0000
2524.000
2255.000
956.0000
-478.0000    
-1250.000
16.00000
566.0000
-1764.000
-2205.000    
1319.000
2223.000
-2255.000
-4980.000
-782.0000    
5993.000
8950.000
7133.000
4434.000
5314.000    
8830.000
8735.000
4786.000
4842.000
9491.000    
9624.000
3968.000
2177.000
8163.000
13567.00    
9988.000
763.0000
-3249.000
1606.000
6665.000    
3221.000
-4289.000
-4561.000
1776.000
3839.000    
319.0000
-1283.000
-86.00000
368.0000
344.0000    
457.0000
-498.0000
-1407.000
818.0000
6247.000    
11331.00
12910.00
10777.00
7823.000
7448.000    
8994.000
7781.000
1829.000
-4656.000
-7457.000    
-6739.000
-4556.000
-3651.000
-5081.000
-5305.000    
-1878.000
2173.000
3495.000
2724.000
2878.000    
4407.000
3654.000
659.0000
1132.000
4239.000    
1918.000
-4456.000
-4322.000
2785.000
7297.000    
6464.000
4574.000
3631.000
3977.000
5807.000    
7354.000
6510.000
3620.000
1122.000
1080.000    
2794.000
4192.000
4893.000
4551.000
1726.000    
-870.0000
2261.000
7962.000
6743.000
-1086.000    
-5331.000
-760.0000
7125.000
8765.000
1919.000    
-4042.000
-461.0000
8224.000
11664.00
7874.000    
4340.000
6518.000
10236.00
9260.000
4967.000    
2442.000
2356.000
1643.000
-1538.000
-5969.000    
-8234.000
-5438.000
621.0000
3595.000
441.0000    
-4285.000
-4697.000
-681.0000
2980.000
2146.000    
-2484.000
-5787.000
-4636.000
-2451.000
-2966.000    
-4359.000
-3502.000
-536.0000
2616.000
5676.000    
10000.00
15513.00
20075.00
21666.00
19950.00    
16717.00
14487.00
13901.00
12651.00
7675.000    
-141.0000
-5344.000
-4726.000
-2210.000
-3617.000    
-8173.000
-9735.000
-5118.000
2285.000
5486.000    
1259.000
-5143.000
-6696.000
-3113.000
1441.000    
3027.000
-489.0000
-5541.000
-4587.000
3214.000    
10563.00
11981.00
8139.000
4329.000
6814.000    
13999.00
15790.00
8134.000
-700.0000
-2403.000    
1149.000
1969.000
-3941.000
-11191.00
-11289.00    
-4600.000
-198.0000
-2723.000
-6813.000
-5735.000    
437.0000
6285.000
7912.000
6225.000
4335.000    
4644.000
7449.000
10313.00
11313.00
11692.00    
11616.00
9379.000
7604.000
10578.00
15553.00    
16126.00
12282.00
9764.000
11070.00
13226.00    
13811.00
12054.00
6385.000
-1061.000
-3852.000    
-1259.000
345.0000
-1297.000
-1444.000
1409.000    
2009.000
-845.0000
-1615.000
836.0000
1979.000    
-260.0000
-4077.000
-7024.000
-8398.000
-8582.000    
-8138.000
-8646.000
-9881.000
-8423.000
-3456.000    
1840.000
5081.000
5462.000
4381.000
5865.000    
10224.00
11421.00
6260.000
-268.0000
-2865.000    
-2431.000
-2189.000
-3335.000
-5122.000
-5742.000    
-3723.000
-159.0000
964.0000
-2844.000
-7637.000    
-7026.000
-2320.000
-960.0000
-3636.000
-3493.000    
2088.000
8686.000
12709.00
15372.00
18296.00    
19710.00
17595.00
13190.00
8821.000
5543.000    
3284.000
125.0000
-5282.000
-9051.000
-6885.000    
-2505.000
-2351.000
-5898.000
-8783.000
-9261.000    
-7149.000
-2401.000
3098.000
6031.000
5056.000    
2868.000
4509.000
11331.00
17656.00
18539.00    
17141.00
19048.00
24170.00
27920.00
27465.00    
24061.00
20506.00
17843.00
13991.00
7301.000    
1275.000
460.0000
3214.000
4907.000
4141.000    
220.0000
-6811.000
-10032.00
-3595.000
3594.000    
-731.0000
-11909.00
-16165.00
-11566.00
-6822.000    
-6835.000
-10099.00
-12563.00
-9406.000
-310.0000    
7694.000
9350.000
8979.000
12028.00
15492.00    
14594.00
11763.00
11305.00
10314.00
3397.000    
-6025.000
-8423.000
-1999.000
4280.000
3493.000    
518.0000
2962.000
9553.000
14886.00
16100.00    
11696.00
4192.000
922.0000
3632.000
4616.000    
-1246.000
-9948.000
-16045.00
-17196.00
-12808.00    
-7236.000
-9190.000
-18803.00
-23537.00
-16119.00    
-5309.000
-1367.000
-2868.000
-3798.000
-2582.000    
1330.000
8983.000
16227.00
16881.00
12635.00    
11907.00
18837.00
26669.00
25417.00
17511.00    
14244.00
15171.00
10332.00
309.0000
-6509.000    
-10127.00
-16002.00
-23307.00
-26413.00
-23649.00    
-19465.00
-17826.00
-16640.00
-11710.00
-3043.000    
4380.000
5990.000
5367.000
9942.000
16926.00    
17739.00
14286.00
13097.00
12472.00
11314.00    
14312.00
18771.00
16194.00
8899.000
7325.000    
12204.00
13578.00
7187.000
-328.0000
-3027.000    
-2805.000
-4447.000
-8677.000
-12822.00
-16216.00    
-18676.00
-17585.00
-13398.00
-11341.00
-13354.00    
-14334.00
-8503.000
3071.000
13480.00
17342.00    
16639.00
20274.00
32369.00
42428.00
39731.00    
30752.00
26888.00
26947.00
24025.00
15991.00    
4185.000
-7606.000
-14912.00
-18245.00
-21953.00    
-26598.00
-28860.00
-27381.00
-22001.00
-12254.00    
-3103.000
-1491.000
-2291.000
5685.000
18624.00    
22556.00
16504.00
12316.00
15471.00
20100.00    
19914.00
15051.00
9543.000
6742.000
7170.000    
8463.000
7284.000
2770.000
-1758.000
-2066.000    
1510.000
3603.000
1070.000
-2320.000
-2388.000    
-969.0000
-2089.000
-5693.000
-7368.000
-5352.000    
-4210.000
-5629.000
-3951.000
2233.000
5929.000    
4088.000
2701.000
5824.000
9520.000
10636.00    
11500.00
13187.00
13003.00
10224.00
8532.000    
9991.000
11311.00
9563.000
5604.000
1126.000    
-1863.000
-1942.000
-1108.000
-1483.000
-1661.000    
-1247.000
-2178.000
-3493.000
-2434.000
-261.0000    
-915.0000
-4748.000
-8190.000
-8965.000
-7503.000    
-4247.000
21.00000
3478.000
5946.000
8601.000    
11462.00
14620.00
17792.00
17534.00
11461.00    
4123.000
1436.000
1986.000
689.0000
-3005.000    
-5958.000
-6776.000
-7865.000
-10728.00
-10705.00    
-4515.000
1130.000
1097.000
2338.000
9907.000    
16845.00
16542.00
11488.00
8574.000
11073.00    
13379.00
8811.000
1116.000
-1972.000
-503.0000    
596.0000
-1041.000
-4114.000
-6189.000
-6827.000    
-7677.000
-9252.000
-10672.00
-11446.00
-9937.000    
-4024.000
2695.000
4480.000
5283.000
12470.00    
21457.00
23265.00
20413.00
19888.00
19782.00    
16225.00
12509.00
11405.00
8811.000
877.0000    
-9150.000
-14409.00
-13079.00
-10654.00
-12361.00    
-17081.00
-20790.00
-21085.00
-17096.00
-9495.000    
-1287.000
3401.000
3794.000
5221.000
11872.00    
20658.00
28231.00
33499.00
32637.00
25100.00    
18718.00
18530.00
18452.00
9928.000
-5503.000    
-17744.00
-22162.00
-23702.00
-25907.00
-26320.00    
-23176.00
-18167.00
-13234.00
-8161.000
-489.0000    
10733.00
20746.00
23736.00
21715.00
22229.00    
27166.00
30162.00
25901.00
17937.00
13098.00    
11068.00
6876.000
-636.0000
-9468.000
-17779.00    
-22556.00
-21864.00
-20424.00
-24064.00
-28087.00    
-22730.00
-8775.000
3789.000
10126.00
14630.00    
21432.00
28700.00
34505.00
38691.00
37853.00    
29144.00
16518.00
5621.000
-2101.000
-7628.000    
-12971.00
-20938.00
-30459.00
-34522.00
-28498.00    
-17225.00
-8847.000
-5821.000
-4530.000
337.0000    
11347.00
24659.00
31771.00
29220.00
24173.00    
24699.00
27937.00
24909.00
14493.00
4632.000    
460.0000
-1814.000
-7757.000
-15938.00
-20710.00    
-20959.00
-20505.00
-21626.00
-22101.00
-18014.00    
-8665.000
1314.000
8009.000
14647.00
24433.00    
32246.00
32528.00
28844.00
27790.00
27963.00    
22446.00
10229.00
-2541.000
-10833.00
-15130.00    
-19662.00
-27025.00
-33417.00
-32356.00
-23454.00    
-12261.00
-2600.000
4685.000
10067.00
16690.00    
25784.00
32870.00
34741.00
32482.00
26873.00    
19036.00
10874.00
1442.000
-9179.000
-16010.00    
-17661.00
-20036.00
-24174.00
-22496.00
-12587.00    
-1771.000
4199.000
6867.000
9841.000
14113.00    
18739.00
21787.00
20857.00
16351.00
11777.00    
8546.000
4630.000
-1768.000
-10072.00
-17024.00    
-18902.00
-15705.00
-11390.00
-9385.000
-8366.000    
-3198.000
7451.000
17175.00
20864.00
21997.00    
24532.00
25441.00
21316.00
14966.00
9702.000    
3092.000
-6118.000
-12199.00
-12559.00
-13662.00    
-19115.00
-22449.00
-17907.00
-8436.000
1078.000    
8480.000
12195.00
13505.00
17449.00
24172.00    
25911.00
18947.00
9764.000
3831.000
-543.0000    
-4168.000
-5396.000
-6721.000
-10653.00
-12379.00    
-8285.000
-4670.000
-6480.000
-6832.000
493.0000    
8671.000
9984.000
8391.000
9187.000
10415.00    
12307.00
17072.00
17410.00
7683.000
-715.0000    
2151.000
7472.000
5003.000
-2143.000
-7055.000    
-7709.000
-5542.000
-3202.000
-3000.000
-4975.000    
-6267.000
-3795.000
1154.000
3510.000
2116.000    
2465.000
7652.000
12576.00
12673.00
10547.00    
9531.000
9694.000
10470.00
9714.000
4620.000    
-2213.000
-4904.000
-3381.000
-2909.000
-5892.000    
-9498.000
-9870.000
-6552.000
-2516.000
-55.00000    
1282.000
2618.000
4634.000
8262.000
12640.00    
14167.00
11933.00
9680.000
10460.00
13623.00    
14507.00
8105.000
-2115.000
-6531.000
-3782.000    
-2227.000
-6864.000
-13372.00
-14684.00
-8812.000    
-321.0000
4007.000
2325.000
639.0000
5525.000    
15688.00
23151.00
21711.00
14052.00
8360.000    
7549.000
7614.000
4755.000
-2517.000
-12867.00    
-19894.00
-18243.00
-11713.00
-7278.000
-4820.000    
-341.0000
6766.000
15209.00
23140.00
25791.00    
20585.00
12983.00
8700.000
6429.000
2504.000    
-4447.000
-12486.00
-16732.00
-14122.00
-7427.000    
-2569.000
-1342.000
232.0000
4390.000
9066.000    
12987.00
14575.00
10892.00
4446.000
1609.000    
3359.000
5786.000
5586.000
2644.000
364.0000    
1453.000
4080.000
4339.000
1660.000
-77.00000    
379.0000
-863.0000
-3074.000
-869.0000
2861.000    
975.0000
-3401.000
-2454.000
2854.000
5848.000    
3940.000
3.000000
-1320.000
2764.000
9534.000    
11942.00
7818.000
4473.000
8381.000
14551.00    
13762.00
6038.000
-964.0000
-3086.000
-1969.000    
-817.0000
-3366.000
-10234.00
-14071.00
-8264.000    
704.0000
1540.000
-3505.000
-1888.000
8939.000    
18138.00
17908.00
12157.00
9526.000
12875.00    
14989.00
8207.000
-2677.000
-7747.000
-7977.000    
-10149.00
-12810.00
-10904.00
-6309.000
-2461.000    
3046.000
11487.00
17458.00
17691.00
16546.00    
16681.00
14065.00
7224.000
802.0000
-2580.000    
-5111.000
-8299.000
-11053.00
-12256.00
-10711.00    
-5653.000
-175.0000
1655.000
1485.000
4317.000    
11055.00
17505.00
19049.00
15650.00
12262.00    
11669.00
9367.000
1791.000
-5911.000
-8704.000    
-9974.000
-13396.00
-15347.00
-11761.00
-4856.000    
1504.000
6091.000
8712.000
10741.00
14265.00    
17069.00
15469.00
11377.00
8199.000
4716.000    
-261.0000
-3845.000
-4780.000
-6712.000
-10670.00    
-10992.00
-4340.000
4030.000
7446.000
6224.000    
7117.000
14513.00
21759.00
17789.00
4813.000    
-2485.000
1565.000
6156.000
853.0000
-10191.00    
-14887.00
-9469.000
-2048.000
-115.0000
-2168.000    
-2749.000
911.0000
7491.000
13150.00
14754.00    
13062.00
11240.00
10026.00
8249.000
5527.000    
1811.000
-1707.000
-2678.000
-1509.000
-497.0000    
812.0000
2907.000
3549.000
1965.000
-343.0000    
-2300.000
-3264.000
-3577.000
-4426.000
-5073.000    
-4338.000
-3004.000
-59.00000
6597.000
13409.00    
14597.00
11781.00
10742.00
12111.00
12611.00    
10331.00
5409.000
137.0000
-2399.000
-2604.000    
-3517.000
-4924.000
-4430.000
-2968.000
-3151.000    
-3887.000
-1864.000
2547.000
5455.000
5185.000    
4468.000
5963.000
8080.000
7911.000
5970.000    
3977.000
1306.000
-1791.000
-2001.000
1612.000    
4828.000
4627.000
3176.000
3975.000
7491.000    
9757.000
6459.000
35.00000
-2772.000
-609.0000    
1511.000
486.0000
-1321.000
-1340.000
-54.00000    
1905.000
4565.000
6501.000
5354.000
834.0000    
-2932.000
-840.0000
4953.000
6714.000
2527.000    
-1579.000
-60.00000
6456.000
11991.00
10992.00    
4997.000
1352.000
3840.000
8102.000
7658.000    
1330.000
-5740.000
-7121.000
-1989.000
2685.000    
63.00000
-6818.000
-8291.000
-564.0000
9209.000    
11294.00
5702.000
2066.000
5520.000
10610.00    
11517.00
7899.000
1627.000
-3722.000
-4796.000    
-2380.000
368.0000
737.0000
-1800.000
-3003.000    
1618.000
9103.000
12476.00
10423.00
7465.000    
6427.000
6532.000
5831.000
1947.000
-3968.000    
-5980.000
-2848.000
-1670.000
-6213.000
-9759.000    
-4812.000
5645.000
11629.00
9156.000
5366.000    
8329.000
15285.00
16676.00
10590.00
4787.000    
2989.000
574.0000
-3825.000
-5941.000
-5952.000    
-7571.000
-9150.000
-6718.000
-1640.000
2107.000    
4535.000
8471.000
13399.00
14998.00
11753.00    
7915.000
6985.000
6293.000
1926.000
-4976.000    
-9711.000
-9440.000
-5962.000
-2604.000
-558.0000    
346.0000
2180.000
7911.000
14366.00
14985.00    
11442.00
9646.000
8700.000
5981.000
2692.000    
-1888.000
-8387.000
-11228.00
-6652.000
-753.0000    
-548.0000
-3409.000
-1552.000
6655.000
13546.00    
11944.00
5947.000
4646.000
7961.000
8793.000    
4609.000
-1055.000
-4292.000
-4317.000
-3075.000    
-2569.000
-2762.000
-1428.000
2801.000
6615.000    
6381.000
5910.000
10164.00
14348.00
11627.00    
5401.000
2193.000
1027.000
-1536.000
-4946.000    
-6776.000
-5864.000
-4229.000
-4365.000
-3602.000    
1307.000
7243.000
10015.00
9807.000
8535.000    
8319.000
10076.00
10493.00
5732.000
-595.0000    
-979.0000
3612.000
4596.000
48.00000
-3118.000    
-1821.000
103.0000
311.0000
-108.0000
-731.0000    
-1160.000
888.0000
5674.000
8330.000
5643.000    
3137.000
6679.000
10986.00
8108.000
969.0000    
-1979.000
1003.000
4622.000
3357.000
-2249.000    
-5346.000
-2534.000
863.0000
526.0000
-475.0000    
1423.000
4857.000
6201.000
5051.000
5551.000    
8848.000
10539.00
9050.000
6288.000
2183.000    
-2378.000
-4211.000
-3813.000
-5260.000
-9296.000    
-11305.00
-6945.000
1950.000
8520.000
9168.000    
8884.000
13257.00
18402.00
16981.00
10167.00    
5152.000
4240.000
3021.000
-2243.000
-9327.000    
-12369.00
-8336.000
-1670.000
130.0000
-2930.000    
-3175.000
3010.000
10243.00
12443.00
10179.00    
7784.000
7480.000
7723.000
5164.000
-356.0000    
-3657.000
-1693.000
650.0000
-1388.000
-3739.000    
-433.0000
5938.000
9184.000
8807.000
6878.000    
3747.000
1687.000
3184.000
4367.000
682.0000    
-4415.000
-5678.000
-3165.000
930.0000
4373.000    
4944.000
3306.000
3168.000
6342.000
10305.00    
11677.00
9591.000
5907.000
2730.000
477.0000    
-213.0000
876.0000
253.0000
-4814.000
-9147.000    
-5507.000
2895.000
5601.000
1293.000
-1008.000    
3084.000
9103.000
11626.00
8093.000
880.0000    
-1765.000
4207.000
10355.00
7252.000
-837.0000    
-3033.000
1179.000
3625.000
1771.000
-729.0000    
-2097.000
-1807.000
1288.000
5147.000
5254.000    
2202.000
2489.000
7603.000
9668.000
4657.000    
554.0000
3395.000
6771.000
4227.000
-745.0000    
-2894.000
-1636.000
1382.000
3335.000
1898.000    
-463.0000
1463.000
7340.000
10704.00
9063.000    
6471.000
4557.000
1797.000
-511.0000
-1323.000    
-2380.000
-3720.000
-4527.000
-4855.000
-2771.000    
2127.000
5158.000
4160.000
4026.000
7644.000    
9679.000
5960.000
2692.000
5824.000
9086.000    
5627.000
92.00000
-1571.000
-696.0000
668.0000    
2554.000
3282.000
1101.000
-1504.000
301.0000    
6232.000
9312.000
5823.000
865.0000
-79.00000    
2202.000
4267.000
3649.000
447.0000
-1728.000    
112.0000
3744.000
4632.000
1427.000
-1697.000    
352.0000
5311.000
6365.000
3145.000
1241.000    
2630.000
4558.000
5249.000
4616.000
2351.000    
-714.0000
-2208.000
-941.0000
1995.000
3779.000    
1629.000
-2072.000
-1216.000
4234.000
7878.000    
6937.000
5401.000
6316.000
6919.000
5982.000    
7103.000
9430.000
6836.000
-959.0000
-6081.000    
-3053.000
2469.000
985.0000
-6125.000
-9148.000    
-4832.000
1491.000
5001.000
5841.000
6093.000    
6374.000
7012.000
9341.000
11794.00
9421.000    
2763.000
-644.0000
1900.000
4402.000
2113.000    
-2365.000
-4110.000
-2708.000
-552.0000
2256.000    
5128.000
4506.000
20.00000
-2828.000
351.0000    
6682.000
8716.000
3758.000
-1802.000
-1428.000    
3320.000
7684.000
9346.000
6983.000
1409.000    
-1439.000
2979.000
8719.000
6629.000
-1018.000    
-4001.000
315.0000
4691.000
2796.000
-3443.000    
-6261.000
-2122.000
2942.000
2699.000
355.0000    
2581.000
8268.000
10624.00
8436.000
7049.000    
8314.000
8060.000
4182.000
262.0000
-447.0000    
-57.00000
-2204.000
-5950.000
-6439.000
-1624.000    
3730.000
4073.000
1907.000
4222.000
10224.00    
11459.00
5988.000
2277.000
5292.000
8111.000    
3660.000
-3392.000
-5150.000
-2739.000
-1233.000    
-442.0000
1248.000
1758.000
942.0000
2964.000    
8025.000
10717.00
8855.000
5485.000
2775.000    
1229.000
1800.000
3209.000
1914.000
-1912.000    
-3838.000
-1670.000
2452.000
4957.000
3678.000    
1392.000
3247.000
7221.000
6392.000
2235.000    
1968.000
4711.000
4393.000
1183.000
-221.0000    
1189.000
1994.000
333.0000
-903.0000
1167.000    
4339.000
4662.000
2579.000
1613.000
3529.000    
7001.000
8434.000
5188.000
27.00000
-1299.000    
2015.000
4506.000
2065.000
-2335.000
-2665.000    
1721.000
5358.000
5388.000    
