  26.0 
  28.0 
  25.7 
  21.9 
  16.4 
  14.1 
  13.6 
  14.5 
  16.7 
  18.6 
  19.5 
  24.5 
  25.1 
  27.0 
  23.5 
  20.5 
  18.2 
  14.2 
  14.0 
  15.6 
  19.3 
  19.8 
  20.7 
  25.3 
  26.9 
  26.1 
  21.6 
  21.0 
  16.7 
  13.7 
  13.3 
  14.5 
  18.1 
  20.3 
  19.9
  25.2
  28.6
  25.4
  26.0
  19.2
  17.8
  14.5
  13.8
  14.5
  15.8
  18.4
  19.8
  23.1
  23.9
  26.8
  22.9
  19.2
  18.1
  13.9
  15.7
  14.0
  17.7
  18.7
  22.5
  24.2
  25.0
  27.0
  24.0
  20.2
  16.7
  14.3
  14.1
  14.8
  16.3
  17.0
  21.3
  25.0
  25.3
  26.2
  23.6
  18.5
  16.4
  13.3
  12.8
  16.5
  15.4
  21.0
  21.4
  23.7
  24.0
  24.7
  22.6
  19.5
  18.4
  14.1
  13.3
  13.8
  17.1
  20.0
  21.7
  21.8
  28.0
  26.1
  25.2
  19.0
  16.5
  15.6
  13.9
  14.6
  16.9
  19.6
  22.2
  26.0
  24.3
  24.5
  22.9
  21.6
  18.5
  13.8
  13.8
  16.4
  19.2
  20.7
  22.9
  26.6
  29.5
  27.8
  23.2
  22.2
  17.1
  14.1
  13.8
  14.7
  18.7
  20.3
  21.7
  23.6
  27.4
  26.2
  25.4
  20.9
  17.1
  13.4
  13.0
  17.7
  17.0
  19.5
  25.4
  23.7
  24.2
  28.7
  24.3
  18.6
  17.2
  13.7
  13.2
  15.5
  16.8
  18.0
  20.8
  24.2
  23.9
  25.8
  22.3
  19.8
  18.2
  14.9
  12.8
  15.4
  15.6
  20.0
  22.7
  23.4
  23.8
  24.6
  26.1
  22.2
  17.9
  14.0
  13.4
  14.9
  16.1
  20.3
  21.6
  23.6
  23.1
  25.9
  25.3
  19.9
  16.6
  13.6
  13.2
  15.5
  16.7
  18.2
  20.9
  22.5
  24.4
  25.9
  21.5
  21.1
  17.0
  14.9
  13.8
  15.0
  18.5
  19.2
  22.5
  22.5
  28.1
  24.4
  24.9
  21.8
  18.3
  15.2
  14.8
  15.7
  18.6
  21.0
  21.7
  24.7
  25.7
  26.9
  24.5
  21.4
  18.0
  14.0
  13.5
  13.9
  17.2
  19.4
  22.2
  24.6
  26.0
  25.4
  24.7
  20.7
  17.5
  14.6
  14.8
  14.4
  17.5
  20.6
  22.9
  26.1
  