0.99900   
1.22200   
1.33800   
1.12400   
0.91100
0.80400
1.00100
0.78500
0.99400
1.05400
0.59800
1.05200
0.86100
0.98900
1.06800
1.29600
0.73100
1.13500
1.18200
1.01400
0.96000
0.82300
0.54400
0.92200
1.24200
1.05700
1.01000
1.39700
1.23400
1.26500
1.12500
0.99900
1.07000
0.92700
1.11200
1.18000
1.12200
0.71800
1.05200
0.88500
1.23400
1.25000
0.97300
0.37900
1.03100
0.85300
0.40000
0.83600
0.94000
1.27200
1.04600
0.86200
1.16900
1.04900
0.89500
1.38000
1.31300
0.64000
1.33300
1.21300
1.51200
0.44100
1.45800
1.01600
1.27500
1.10700
0.98500
0.83800
0.93000
0.94700
1.35000
0.91300
0.22100
0.67600
1.01300
1.14700
1.26700
1.26500
1.01800
0.68300
1.08000
1.17000
1.08600
0.97700
0.99500
1.06200
0.96100
1.12200
1.10500
0.72000
1.32100
1.45700
1.38500
0.47600
1.23500
0.96500
0.71900
1.16000
1.22600
0.94700
1.46900
1.28100
1.06400
1.17400
0.92900
1.00000
1.13800
1.06200
0.75500
0.74600
0.88500
0.99200
0.77700
0.99300
0.70400
1.08300
1.13200
0.52400
0.89800
1.17500
1.09800
1.00200
0.85600
0.98200
0.45900
0.35200
0.61300
0.83500
0.77500
0.79600
0.47800
0.78600
1.02200
1.29800
1.07200
0.31900
0.26900
0.95800
0.85000
0.18400
0.91700
0.48300
0.68700
0.72500
0.97200
0.92800
1.02100
1.23800
0.65600
1.23900
1.22600
1.13900
1.02300
0.91200
1.18900
1.21700
1.07200
0.97800
0.87600
1.15500
0.98200
1.46500
1.22500
0.78800
0.10300
1.03800
1.13000
1.01100
1.22900
1.05000
0.94500
0.91000
1.21600
1.00200
0.68300
0.65400
1.11400
0.50500
0.97600
1.11300
1.23100
1.23000
1.02900
0.31300
0.56000
0.92100
1.23100
1.39200
1.06700
1.45300
1.05200
1.31100
1.18600
1.05900
0.96600
1.25500
1.14200
1.11000
1.25300
0.48500
1.24600
1.34300
1.38100
1.37300
0.92500
0.13800
1.25700
1.17700
1.17200
1.22900
1.23700
1.44400
1.31000
1.46600
1.65300
1.24800
0.30600
1.34600
1.07500
0.91800
0.56900
0.15500
1.22300
1.04300
0.94500
1.06800
0.63200
0.33300
1.12400
0.91400
1.07200
1.18100
1.22600
1.23800
1.23800
1.08800
1.15400
1.14500
1.18100
1.28200
1.31300
1.02200
0.78000
1.30000
1.15500
1.22100
1.05100
1.03000
0.96100
0.99600
1.42900
1.19900
1.32300
1.19500
0.59100
1.00200
1.15900
1.04000
1.04000
1.04400
0.80400
0.98500
0.81200
0.87100
0.78700
1.08100
0.93800
0.58600
1.12700
1.17500
1.25600
1.27400
1.33900
1.29500
1.44100
1.18200
1.39500
1.55500
1.00300
0.93700
0.82100
1.11500
1.16100
1.11800
0.75000
1.04800
0.62300
0.84700
1.24800
1.17700
0.85800
1.01100
1.26400
0.79300
1.07900
1.06900
1.18300
1.05500
1.40000
1.21700
1.34200
1.22600
0.98000
0.13600
0.41000
0.25800
0.57100
0.74100
0.71000
1.03300
1.19600
1.14400
0.77600
1.06000
0.49800
0.79300
0.81800
1.01800
0.90300
0.96400
1.07500
0.95800
1.05800
1.28100
1.25000
1.22200
1.33700
1.10600
0.87800
0.72700
0.88800
0.83800
0.94700
0.34000
1.11400
1.40500
1.06500
1.22300
1.19600
1.00300
1.04800
0.65100
1.10300
1.39900
1.33200
1.07300
0.98900
0.85300
0.73600
0.92500
1.12200
1.40600
1.32300
1.34200
1.28500
1.06600
1.16100
1.06900
0.83400
1.02400
0.62000
1.17100
1.13300
0.98700
0.94500
0.96400
1.04000
1.21400
1.20100
1.27700
0.90700
0.16800
1.05500
0.72500
0.69100
1.10800
0.92700
1.37600
1.25400
1.09400
0.30900
0.78100
0.75300
0.90300
0.94200
0.98400
1.06300
1.10400
1.02600
1.12700
1.13600
1.08900
0.68800
0.93800
0.50500
0.99100
0.41500
1.14600
0.34400
1.21800
1.00100
1.21400
1.05900
1.06200
1.27300
1.22000
1.29200
1.26300
0.97600
1.17400
1.03000
0.94800
1.18400
1.20400
1.08200
0.93900
0.99700
1.20500
0.87900
1.21400
1.12900
0.91100
0.75300
0.72100
0.74200
0.96000
0.91100
0.83200
0.69300
1.00500
0.60600
1.00100
0.72800
0.73600
0.73800
1.14400
1.06100
1.11100
1.08000
0.92700
0.95300
1.27400
1.30200
1.30800
1.12400
0.82500
0.96500
1.01000
1.02500
0.85100
0.63900
0.27500
0.85500
0.53300
0.76400
0.53600
1.14600
1.02000
1.15800
1.20000
1.39500
1.20200
1.16300
0.93700
0.93100
1.15600
0.92500
1.01000
1.10300
1.29700
1.35900
1.13800
0.77700
1.26800
0.84900
0.94500
0.72900
1.23300
1.06300
0.80700
0.45600
1.34500
1.37400
0.99700
0.87100
0.38600
1.06300
1.03800
0.96100
1.03900
0.92300
1.23200
1.13100
1.17100
1.08100
0.85100
0.84800
1.02600
0.97500
0.13400
0.95600
0.62400
0.88700
0.83200
1.02900
1.09200
0.72000
0.37900
1.21000
1.25700
1.37200
1.05000
0.33500
1.18900
0.87000
0.52400
1.24900
1.18600
1.52200
1.36500
1.29300
1.63800
0.79400
