2.09    
1.91    
2.16    
2.09    
2.06
2.10
2.15
3.04
2.40
2.06
2.24
2.12
2.00
1.87
1.90
1.88
2.00
1.94
1.98
2.25
2.24
2.09
2.00
1.96
1.91
1.69
1.98
1.98
2.02
1.98
2.06
2.08
1.77
2.10
1.99
2.05
2.00
1.76
1.96
1.96
1.91
1.90
2.14
2.15
2.10
2.10
1.99
2.16
1.99
1.80
2.06
1.97
2.16
2.18
2.06
1.83
1.73
2.38
2.18
2.24
2.15
2.05
2.22
2.17
2.30
2.24
2.37
2.50
2.41
2.42
2.18
2.25
2.23
1.95
2.09
2.05
2.22
2.22
2.54
2.69
2.34
2.41
2.24
2.30
2.30
1.94
2.14
2.11
2.28
2.29
2.32
2.56
2.37
2.51
2.40
2.45
2.46
2.09
2.35
2.23
2.46
2.40
2.22
2.63
2.55
2.51
2.29
2.31
2.32
2.16
2.35
2.18
2.43
2.73
2.41
2.24
2.17
2.63
2.26
2.31
2.41
2.15
2.36
2.18
2.32
2.32
2.42
2.43
2.21
2.23
2.13
2.17
2.15
1.98
2.15
2.09
2.20
2.22
2.25
2.36
2.21
2.31
2.16
2.26
2.24
2.03
2.19
2.30
2.09
2.13
2.19
2.24
2.06
2.10
2.05
2.14
2.06
1.95
2.07
1.91
2.42
2.45
2.27
2.18
2.19
2.26
2.09
2.14
2.02
1.84
1.99
1.86
1.96
1.87
1.90
1.96
2.08
2.20
2.01
1.91
1.79
1.56
1.74
1.84
2.14
2.07
2.04
1.92
2.23
2.09
2.09
2.04
2.01
1.69
2.07
2.05
2.12
2.34
2.45
2.74
2.44
2.52
2.26
2.07
2.23
2.16
2.25
2.33
2.54
2.35
2.35
2.55
2.86
2.67
2.40
2.61
2.43
1.99
2.43
2.36
2.37
2.33
2.40
2.56
2.42
2.41
2.26
2.27
2.10
1.96
2.27
2.37
2.69
2.14
1.99
3.20
2.69
2.55
2.22
2.15
2.19
2.22
2.53
2.45
2.32
2.36
2.36
2.31
2.43
3.62
2.59
2.53
2.42
2.27
2.24
2.44
2.48
2.57
2.34
2.14
2.72
3.76
2.07
2.13
2.07
1.97
2.27
2.04
2.23
2.20
2.32
2.09
1.95
3.35
2.13
2.12
2.06
1.93
2.36
2.23
2.43
2.33
2.46
2.48
2.55
2.45
2.27
2.20
2.17
1.78
1.96
1.92
2.02
2.08
2.34
2.600
2.42
2.45
2.20
2.28
2.06
1.88
2.01
2.10
2.18
2.29
2.59
2.72
2.94
2.80
2.75
2.60
2.66
2.27
2.49
2.28
2.23
2.43
2.61
2.61
2.70
2.70
2.60
2.66
2.60
2.24
2.49
2.60
2.48
2.53
2.56
2.61
2.35
3.42
2.71
2.63
2.38
2.05
2.10
2.00
2.06
2.05
2.18
2.30
2.22
2.28
2.23
2.23
2.19
2.04
2.09
1.98
2.13
2.14
2.34
2.43
2.35
2.42
2.20
2.22
2.16
1.94
2.08
2.07
2.12
2.00
2.07
2.15
2.13
2.14
2.08
2.14
2.08
1.91
1.99
1.96
2.01
2.17
2.38
2.41
2.47
2.51
2.46
2.37
2.30
2.02
2.15
2.08
2.17
2.21
2.40
2.36
2.30
2.22
2.05
2.10
2.17
2.03
2.23
2.18
2.48
2.19
2.35
2.36
2.19
2.40
2.18
2.15
2.17
2.17
2.43
2.26
2.44
2.26
2.37
2.36
2.16
2.44
2.23
2.26
2.17
1.83
1.95
2.08
2.44
2.60
2.56
2.37
2.34
2.44
2.33
2.30
2.42
2.18
2.32
2.24
2.37
2.30
2.48
2.41
2.29
2.49
2.28
2.41
