578.3
609.8
628.4
665.6
713.8
707.2
628.4
588.1
576.3
566.5
561.1
571.4
589.1
615.3
641.2
682.8
728.5
726.4
648
605.8
591.5
576.3
573.2
587.1
616.6
648.6
675.5
715.3
756
746.7
665.7
627.4
612.8
599.9
602.7
622.5
646.1
676.1
696.1
732.5
767.8
767
689.3
641.2
624
609.7
610.8
623.5
664.7
690.3
722.6
766
796.3
809.6
721.7
684.4
670.6
654.9
654.4
675.5
700.1
725.1
748.2
795.4
821.8
828.9
753.1
708.9
690.9
674.5
669.6
685.3
704
730.5
760.9
807.6
842.4
838
768.8
726.6
711.2
693.2
686.9
698.1
720.7
750.1
770.8
816.7
855.2
857.3
786.5
750.1
735.6
709.9
700.1
720.7
736.4
768.5
792.4
836
869.9
871.5
804.1
768.8
750.8
733.4
721.4
737.4
789.4
821.8
844.4
890.8
924.9
926.3
853.2
818.9
801.5
785.5
774.1
785.5
811
838.6
873.9
913.1
943.6
948.6
877.8
839.5
820.8
795.3
777.2
790.4
806.1
840.3
867
911.1
939.6
937.5
865
821.8
795.4
776.6
771.1
787.4
813
845.7
872.9
915.2
951.4
960.8
891.5
851.3
826.9
797.3
784.3
798.2
