    56.00  
    32.00  
    32.00  
    38.00  
    31.00  
   113.00  
   189.00  
   529.00  
   217.00  
   152.00  
    80.00  
    84.00  
    53.00  
    27.00  
    26.00  
    20.00  
    27.00  
    28.00  
    32.00  
    54.00  
   171.00  
   125.00  
    56.00  
    31.00  
    16.00  
    16.00  
    15.00  
    20.00  
    26.00  
    44.00  
    47.00  
    58.00  
    91.00  
    52.00  
    19.00  
     9.00  
     6.00  
    44.00  
   179.00  
   130.00  
    94.00  
   183.00  
   179.00  
   395.00  
   318.00  
   363.00  
   276.00  
    99.00  
    43.00  
    19.00  
    14.00  
    33.00  
    44.00  
    44.00  
    42.00  
    60.00  
    93.00  
    58.00  
    31.00  
    28.00  
    88.00  
    22.00  
    46.00  
    27.00  
    20.00  
    32.00  
   101.00  
    63.00  
   100.00  
   136.00  
    52.00  
    23.00  
    14.00  
    12.00  
    12.00  
    12.00  
   112.00  
   149.00  
   347.00  
   215.00  
   316.00  
   232.00  
   149.00  
    64.00  
    37.00  
    20.00  
    15.00  
    76.00  
    51.00  
    52.00  
   110.00  
   139.00  
   201.00  
   241.00  
   113.00  
    52.00  
    22.00  
    12.00  
    12.00  
    17.00  
    64.00  
    39.00  
    64.00  
    43.00  
    39.00  
    46.00  
    26.00  
    17.00  
    14.00  
    16.00  
     7.00  
    14.00  
    16.00  
    56.00  
    42.00  
   154.00  
   146.00  
   101.00  
    89.00  
    30.00  
    14.00  
    44.00  
    69.00  
    47.00  
    44.00  
    91.00  
   444.00  
   302.00  
   164.00  
   162.00  
   109.00  
    58.00  
    30.00  
    22.00  
    35.00  
    30.00  
    36.00  
    80.00  
   253.00  
   237.00  
   276.00  
   300.00  
   185.00  
    94.00  
    57.00  
    33.00  
    22.00  
    23.00  
    67.00  
    69.00  
    59.00  
    81.00  
   126.00  
   158.00  
   252.00  
    65.00  
    39.00  
    21.00  
    33.00  
    28.00  
    32.00  
    52.00  
    95.00  
   117.00  
   174.00  
   236.00  
   238.00  
    86.00  
    35.00  
    49.00  
    67.00  
   130.00  
    44.00  
    49.00  
    79.00  
   113.00  
   164.00  
   220.00  
   167.00  
    73.00  
    41.00  
    25.00  
    19.00  
    36.00  
   100.00  
   159.00  
   297.00  
   321.00  
   250.00  
   253.00  
   126.00  
    63.00  
    28.00  
    16.00  
    22.00  
    49.00  
   120.00  
   534.00  
   312.00  
   207.00  
   472.00  
   260.00  
   349.00  
   241.00  
    84.00  
    48.00  
    28.00  
    26.00  
    44.00  
    58.00  
   158.00  
   253.00  
   297.00  
   338.00  
   195.00  
    84.00  
    59.00  
    65.00  
    28.00  
    30.00  
    46.00  
    64.00  
    68.00  
   149.00  
   122.00  
    80.00  
   249.00  
   153.00  
    53.00  
    56.00  
    53.00  
    31.00  
    48.00  
   121.00  
   180.00  
   638.00  
   417.00  
   449.00  
   241.00  
   123.00  
   139.00  
    64.00  
    88.00  
   481.00  
   414.00  
   548.00  
   513.00  
   456.00  
   402.00  
   382.00  
   231.00  
   116.00  
    54.00  
    36.00  
    38.00  
    32.00  
    42.00  
    65.00  
   117.00  
    69.00  
    69.00  
   132.00  
    60.00  
    43.00  
    43.00  
    22.00  
    17.00  
    21.00  
    89.00  
   105.00  
   191.00  
   471.00  
   165.00  
   426.00  
   154.00  
    72.00  
    32.00  
    26.00  
    36.00  
    44.00  
    23.00  
    39.00  
    42.00  
    96.00  
   245.00  
   211.00  
    96.00  
    46.00  
    23.00  
    15.00  
    11.00  
    20.00  
   148.00  
   112.00  
   217.00  
   279.00  
   223.00  
   218.00  
   132.00  
    75.00  
    37.00  
    17.00  
    22.00  
    33.00  
    32.00  
    41.00  
    78.00  
   111.00  
   139.00  
    95.00  
    58.00  
    54.00  
    32.00  
    19.00  
    12.00  
    16.00  
    41.00  
   139.00  
    86.00  
   144.00  
   127.00  
   169.00  
    90.00  
    53.00  
    44.00  
    28.00  
    16.00  
    15.00  
    49.00  
    46.00  
    60.00  
   141.00  
   163.00  
   137.00  
   105.00  
    46.00  
    17.00  
    14.00  
    12.00  
    22.00  
    26.00  
    80.00  
   451.00  
   271.00  
   305.00  
   421.00  
   178.00  
    91.00  
    32.00  
    15.00  
    14.00  
    16.00  
    19.00  
    22.00  
    28.00  
    67.00  
   152.00  
    78.00  
    62.00  
    48.00  
    15.00  
    14.00  
    15.00  
    12.00  
    25.00  
    44.00  
    68.00  
   136.00  
   212.00  
   242.00  
   152.00  
   204.00  
    58.00  
    22.00  
    16.00  
    15.00  
    15.00  
    15.00  
    20.00  
    35.00  
    52.00  
    91.00  
    20.00  
    10.00  
     7.00  
     2.00  
     1.00  
     6.00  
    80.00  
   128.00  
    51.00  
   222.00  
   155.00  
   342.00  
   163.00  
    73.00  
