      190.464   
      182.916   
      246.464   
      257.848   
      269.559   
      345.317   
      355.322   
      412.509   
      431.081   
      488.551   
      572.552   
      643.672   
      745.539   
      793.442   
      922.705   
     1028.09    
     1125.45    
     1266.94    
     1490.92    
     1637.97    
     1814.12    
     2082.59    
     2315.33    
     2585.58    
     2932.67    
     3330.37    
     3690.01    
     4179.63    
     4740.36    
     5331.38    
