1.36200  
1.39300  
1.65800  
1.85000  
1.64500
1.58500
1.09700
1.15500
1.08200
0.88800
0.87300
0.60000
0.55600
0.60900
0.73800
0.68200
0.79800
0.77100
0.69000
0.56400
0.79000
0.94500
0.79900
0.67600
0.48400
0.67000
0.56100
0.57100
0.51300
0.82800
0.83500
1.02400
1.03700
1.23500
1.09300
0.74100
0.97200
1.01600
0.92100
0.89600
1.15200
1.45900
1.06300
1.25600
1.30100
1.19500
1.45300
1.37100
0.82400
1.07600
1.10900
1.15500
0.99800
1.02400
0.92600
0.89300
1.01100
0.86700
0.73900
0.84700
0.88100
0.85300
0.77700
0.73900
0.84100
0.75700
0.90200
0.85600
0.74500
0.66300
0.50900
0.72200
0.75400
0.79100
0.82000
0.75300
0.71100
0.80000
0.80400
0.51300
0.58900
0.85800
0.79100
1.12200
0.82000
1.04900
1.04500
1.11200
1.20000
1.33700
1.09800
0.97200
0.73100
0.87000
1.01200
0.79200
0.71000
0.68700
0.79100
0.77500
0.75400
0.67800
0.93500
0.89700
0.82700
0.68100
1.01400
1.36200
1.54800
1.10100
1.15500
1.04600
0.93300
0.89900
1.11400
1.54300
1.82200
1.63300
1.48900
1.76000
2.43000
1.97100
1.97000
1.58300
1.27700
1.99200
1.68300
1.57300
1.53300
1.18100
1.46000
1.58500
1.46800
1.68000
1.33800
1.28100
1.02300
1.09500
0.94400
0.98400
0.77100
0.91800
1.44800
1.50300
1.56800
1.66400
1.67300
1.53900
1.48100
1.62900
1.39600
1.33900
1.65400
1.40200
1.16400
0.97500
0.99600
1.00400
0.87800
1.24900
0.90100
0.92200
0.94700
0.77000
0.83400
0.82500
1.08600
0.76400
0.94600
1.01500
1.04900
0.80300
0.83500
0.68000
0.65400
0.64200
0.73600
0.90300
0.95300
1.03400
0.94400
1.04900
0.90300
1.08700
1.10100
0.93000
0.87000
0.77900
0.78000
0.68900
0.88100
0.73600
0.85400
1.14700
1.08300
1.36100
0.92100
0.89500
0.70700
0.75200
0.74100
0.90200
1.12000
1.37400
0.83300
0.83300
0.82500
1.01800
0.96400
1.04400
1.13000
1.09200
0.98100
0.94200
0.85000
0.72700
0.90500
1.05400
1.31300
1.82600
1.73300
1.25400
1.10300
1.01900
1.39400
1.41100
1.46000
1.75700
1.32100
1.33200
1.36700
1.00100
0.88700
1.15800
1.15400
1.29200
1.48600
1.30900
1.32400
1.56200
1.36800
1.34700
1.21600
1.10200
1.14500
1.22800
1.25300
1.13300
1.12900
0.98100
1.01200
0.93400
1.14300
1.05100
1.10400
1.11700
0.87700
0.96900
0.71500
0.74700
1.00200
0.91700
0.89300
0.77800
0.92600
1.10500
1.21500
1.28700
1.30000
1.08300
1.10800
1.11200
0.97500
0.92100
1.07300
1.02100
0.92000
0.89800
0.93600
0.98800
1.06700
1.49800
0.98100
0.96200
1.16500
1.26200
1.15600
1.13200
1.05400
1.23400
0.90000
1.09800
1.09500
1.23600
1.22900
1.39100
0.66200
0.57000
0.84000
0.79400
0.65400
0.65100
0.54500
0.97800
1.03000
1.03300
0.98700
1.03800
0.99600
0.90500
0.64300
0.84300
1.15500
1.32200
1.56400
1.70700
1.57100
1.48700
1.47700
1.53600
1.02300
0.82500
0.84400
0.57600
0.55900
0.63400
0.55500
0.82000
1.12200
1.28300
1.40800
1.68000
1.47300
1.29300
1.23200
1.25500
1.13100
1.18800
1.01600
0.84100
0.81400
0.76100
0.69500
0.72100
0.73700
0.75700
0.24000
0.31300
0.45700
0.57900
0.59300
0.62200
0.61900
0.66000
0.92300
0.90600
0.96800
1.18500
1.12500
1.21300
1.13500
1.34200
1.10700
1.20800
1.03300
1.01700
0.57200
0.68400
0.85300
0.75100
0.92400
1.06400
1.03500
1.11700
1.09400
1.16500
1.26500
0.81600
0.71700
0.75800
0.96300
0.84900
0.87900
0.92400
1.00200
1.09900
1.14500
0.99900
0.87300
0.78600
0.77300
1.01200
0.96700
1.19800
1.10600
0.94100
0.58600
0.50800
0.51700
0.55200
0.69800
0.71600
0.93700
1.00800
0.92200
1.01400
0.73800
0.67600
0.55400
0.60500
0.73600
1.07200
1.09700
1.30500
1.10900
1.21500
1.15900
0.96700
0.88200
0.89600
1.00000
1.13800
0.78600
0.89700
0.84400
0.92300
0.68000
0.82400
0.72700
0.87100
0.84000
0.90600
0.98200
1.11600
1.28900
1.11600
0.97500
1.12400
0.95700
1.02900
0.89300
0.87200
0.99100
0.91900
1.00300
0.95600
1.03800
1.15500
0.99100
1.00700
1.35800
1.20200
1.08000
1.07600
1.01500
1.20600
1.44000
1.14800
1.28100
1.40700
1.14700
1.01300
0.95700
0.83500
0.75800
0.79900
0.69200
0.71300
0.64400
0.73900
0.61200
0.71500
1.09900
0.78300
1.16700
1.01800
1.12700
1.02800
1.02300
1.07400
1.20900
0.97900
1.09500
1.11900
0.97500
0.51300
0.56600
0.74100
0.67200
0.80300
0.66500
0.59100
0.73800
0.86900
0.72800
0.80900
0.60800
0.66000
0.71100
0.73900
0.70400
0.81100
0.69500
0.73200
0.78800
0.79500
0.77400
0.85800
0.81000
0.82600
1.08100
0.85700
0.90900
1.07900
0.82100
0.91400
1.02300
1.05100
1.09100
1.10100
0.81600
1.01200
1.14500
1.36600
1.36500
1.01200
0.82400
0.87900
0.80200
0.82800
0.96700
0.97800
1.01500
1.29000
1.32900
1.25500
1.11900
1.42000
1.21300
1.27600
1.34400
1.44300
1.02800
1.15300
1.29200
1.47600
1.32000
1.05100
1.14600
1.31900
1.21500
1.14100
1.21800
1.07200
1.02900
0.94400
0.93000
0.91900
1.14900
1.28900
1.11700
0.82000
0.95600
0.89600
0.85300
0.95200
0.94200
0.97100
1.07600
1.45400
1.00600
1.33000
1.24000
1.21400
0.69400
0.77600
0.59400
0.45500
0.58200
0.72300
0.87900
0.99400
0.93700
1.10600
0.83900
1.11900
0.93400
0.77800
0.77200
0.75900
0.75300
0.50400
0.69200
0.79300
0.88000
0.89800
0.99200
0.99600
0.86100
0.99900
1.00000
1.03200
0.89800
1.01300
0.93800
0.98600
0.80500
1.02900
1.10300
0.64100
0.94200
0.99000
1.23500
1.17700
1.35500
1.31300
0.98200
1.21700
1.24000
1.32600
1.62500
1.51500
1.31300
1.52100
1.39900
1.46100
1.33200
0.69200
0.76300
0.94800
0.78900
0.63000
0.62100
0.87600
1.04500
1.23300
1.23600
1.33800
1.23500
1.23400
1.47000
1.39300
1.49500
1.48500
1.59700
1.68000
1.33500
1.35000
0.95700
0.94500
1.00000
0.76000
0.75700
0.73600
0.72500
0.97200
0.82200
0.97700
0.91600
1.10900
0.49300
0.88300
0.52200
0.54000
0.67100
1.00600
0.94700
1.05300
1.17100
1.01200
1.10900
0.80700
0.80500
1.05300
0.81400
0.85500
0.92000
0.86200
0.89100
0.53000
0.66000
0.87300
0.83700
0.59900
0.61300
0.63500
0.63300
0.67600
0.74300
0.67300
0.50100
0.62100
0.48500
0.53200
0.81900
0.85900
0.83800
0.74600
0.87900
0.86400
0.73000
0.70300
0.72400
0.97400
1.00800
0.81200
0.80800
0.76000
0.80900
0.89100
0.91000
1.21800
0.82400
1.01500
0.99900
1.03400
1.07400
1.16400
1.11600
1.06500
1.16100
