0.72700  
0.91000  
1.07100  
1.20900  
1.41600
1.69300
1.99300
1.58200
1.58400
0.50600
0.78300
1.01400
0.92300
0.83200
0.71700
0.90300
0.92700
1.20700
0.88300
0.76800
0.72400
0.92200
0.78100
0.91300
0.80900
0.70800
0.80300
0.23200
0.91600
0.93800
0.89900
0.55000
1.09600
1.20100
1.49500
0.85400
1.54300
0.40600
0.67000
1.02700
1.26900
0.26400
1.39400
1.02800
0.67200
0.39500
0.79900
0.53300
0.64400
1.20000
1.16100
1.60200
0.71900
1.55900
0.53400
0.32900
1.63700
0.92100
0.99400
2.01100
0.96400
1.42500
1.80000
1.06800
0.75900
1.73600
1.60100
2.06900
2.20600
0.26900
0.69500
2.14600
1.39300
1.39700
1.20800
1.30000
0.40300
0.61400
1.54500
1.46800
1.21600
0.94600
0.78000
1.18000
0.40100
0.71100
1.31200
0.27500
0.55100
0.72400
0.87000
1.10200
0.75300
0.51300
0.58900
1.00100
1.05400
0.63300
1.13100
1.12600
0.54900
1.01200
1.34800
0.98700
1.60300
1.20900
1.23300
0.16300
1.18900
1.72600
0.58400
0.87700
1.62700
0.80900
0.68700
0.16900
1.06800
0.51300
0.48700
1.61700
0.87500
0.27700
1.61500
1.21400
0.36800
1.06800
1.41200
1.29900
1.52400
1.71200
1.34300
1.36200
1.08700
1.38700
0.17600
0.89800
1.17700
0.95000
0.53200
1.11200
1.23300
1.31600
0.75100
0.19900
0.51800
1.11600
0.48200
0.44400
0.77600
1.14500
1.67100
2.17400
2.48700
1.74100
1.07300
0.38900
0.87800
0.99800
1.39400
0.69100
1.60200
0.77600
0.23700
1.43800
0.09700
0.50300
0.01000
0.22700
0.16800
0.58800
0.95100
0.40300
0.56100
0.48300
0.64700
0.62500
0.28700
0.27300
0.59000
0.98300
0.90300
1.10900
0.92800
1.08500
0.79600
0.42100
1.42900
1.62600
1.02200
1.38400
1.04300
1.60400
1.44100
0.90600
0.39000
1.28200
1.41400
1.47600
0.36000
0.59000
0.94700
0.72100
1.36400
1.10300
0.67600
1.03600
0.37500
0.60000
0.93600
0.87500
0.63400
0.42500
0.83500
0.97800
1.02700
1.89800
1.64400
1.17500
1.50800
0.84500
0.70000
1.21500
1.32000
1.65700
2.09200
1.56700
1.60000
1.80700
2.14600
1.88500
0.83500
0.32200
1.41900
0.70400
1.00300
1.21200
0.90900
1.11400
0.45800
1.01700
0.91700
0.74400
1.50900
1.03000
1.25300
1.71900
0.68500
0.96400
0.37100
0.80900
0.49700
1.06400
0.99700
0.04800
0.17000
0.52800
0.66400
0.08900
0.98900
1.10200
0.84400
0.77000
0.23300
0.64900
0.73700
0.95200
0.65800
0.94300
0.79500
1.40400
0.95800
0.88500
1.03900
1.09100
1.09200
1.59100
1.29400
0.93600
1.96700
1.84800
2.08700
1.60400
1.82300
2.64600
1.06500
1.69100
1.15900
1.50900
1.26500
1.19800
1.03400
1.08800
1.55400
0.72800
0.74400
0.89300
1.22300
0.50400
0.56400
0.80400
1.05100
1.02900
0.81000
0.26200
1.09800
0.73600
0.50900
0.47400
1.13000
0.43900
0.61600
0.91400
0.68700
0.49800
0.79600
1.01900
0.92400
1.00700
1.02900
0.76100
0.81100
0.89700
1.10200
0.95400
1.00700
1.77200
1.55200
1.18100
1.02200
0.57400
1.00500
0.71700
0.67600
1.43600
2.02600
0.51500
1.56300
0.43400
1.38100
1.12100
0.66800
1.39100
0.92800
1.04800
0.66300
0.68900
0.83900
1.01500
0.99300
0.43200
0.75600
0.79600
0.64100
1.20600
1.69400
1.58200
1.30700
1.03900
1.39800
1.14700
1.34500
1.46900
1.03500
1.28300
1.35400
1.26600
0.92300
0.35000
1.13700
0.62900
1.14900
1.03400
1.63700
1.76600
1.73200
1.23800
1.41200
1.04800
0.79600
1.05200
0.64800
0.53000
1.36400
0.90600
0.71500
1.33200
1.11600
0.80500
0.75800
0.59200
0.65000
1.08900
0.74300
1.14300
0.97800
0.60700
0.87400
0.44800
0.75800
0.29900
1.18100
1.30500
0.98500
0.66400
1.27300
1.16200
1.24000
1.25900
0.97300
0.79000
0.91500
0.75900
1.54100
0.60500
0.46300
0.30900
1.03600
0.02200
0.92000
0.88700
0.91000
0.29200
1.08800
1.14200
0.58400
1.41500
1.22800
1.24000
1.64400
0.87600
1.32700
1.82500
1.64600
1.18500
1.19800
1.42900
0.45300
0.83600
1.50600
0.52200
1.06500
0.36600
0.59500
0.36000
0.40100
0.76200
0.65900
0.69900
0.60700
0.56300
0.99700
1.14300
1.23600
1.51200
0.53700
1.01500
1.09600
0.92600
1.11200
1.37400
0.55900
1.55400
0.99400
1.44300
1.53600
0.99900
0.63700
0.82600
1.47000
1.34500
1.15600
1.17700
1.28200
1.73900
1.68300
0.56900
1.48400
1.32200
0.74400
0.14700
1.13700
0.94100
1.11200
1.78200
1.23500
0.93000
0.91000
0.97600
2.21200
1.50300
1.53800
0.76700
0.97300
0.92500
1.04700
1.44500
1.43100
1.30700
1.19800
0.82600
1.62400
0.30900
0.57000
0.91200
0.42900
0.29800
0.87100
0.49900
0.65900
0.95900
0.38900
0.77500
0.58500
0.45800
1.21400
0.18400
1.36700
0.92200
0.68500
0.96400
0.48100
1.36200
1.24200
0.54700
1.59100
1.38600
0.69100
0.57500
1.36600
0.94900
0.61000
1.83500
0.50700
1.34700
1.38400
1.82000
0.93000
1.40600
0.58600
0.27500
1.19500
1.22900
1.34600
1.38100
1.13900
0.80400
1.36100
0.32600
1.80700
1.01000
1.07900
0.99900
0.91000
0.24200
0.94900
1.05700
0.61900
1.33700
1.16900
0.84900
0.41200
1.06100
0.17000
1.04800
0.98500
1.03000
0.84500
1.14600
0.29000
1.66500
0.75000
1.09300
1.38400
1.59300
1.45900
1.56200
1.14500
1.69800
0.65200
0.64100
0.66800
1.11700
0.46700
0.81200
0.41200
0.81900
0.28200
0.77000
0.96400
1.43300
1.31400
1.96900
0.87200
1.37400
1.12800
0.74800
1.36200
1.18400
1.51900
1.22600
0.38600
0.75000
0.98000
0.72500
1.10100
0.53500
1.08500
0.75700
0.06500
1.26100
0.91800
0.91700
0.41700
0.59900
1.24000
0.83900
0.52700
0.82300
0.84900
0.76200
0.77900
1.07200
1.06100
1.24200
0.86300
0.81700
0.81000
0.54600
1.07800
1.41600
1.18400
1.03700
1.00600
0.97700
0.15700
1.70800
0.91000
0.79800
0.25700
1.10600
0.69900
0.95100
1.14500
0.45300
1.04800
0.93200
0.40900
1.78600
1.47800
2.05700
0.92200
1.38600
1.61000
1.34700
1.28300
0.80900
0.59900
1.41400
0.44200
0.56000
0.65800
1.49000
1.03900
0.92300
1.08000
1.83900
0.76700
0.94000
1.49200
0.22300
1.07600
0.87800
0.86400
0.74900
1.33100
0.95800
1.37200
1.57400
1.49300
0.34800
0.62800
1.49700
1.26800
1.48800
2.41100
0.46900
0.71000
0.38700
0.81100
1.24100
1.17300
0.71200
1.45600
1.56800
0.82500
0.87200
0.72200
0.90500
0.89100
1.47000
0.78400
1.07700
1.59400
1.40900
1.18000
0.40300
0.96500
1.08600
0.68200
0.40500
1.12400
1.16100
0.87000
0.99400
0.65200
1.67400
1.79000
1.17300
1.28400
1.42200
1.01600
0.58300
0.78900
0.30400
0.86500
0.63300
0.82100
0.92500
1.36200
1.02700
1.03600
0.84900
1.37800
0.85500
1.24000
1.10700
0.16300
0.93900
0.81100
0.95200
1.07500
0.57700
0.52900
0.42200
0.54100
0.48200
0.28600
0.65100
0.72700
0.85100
0.82000
1.49900
0.88800
0.67100
1.08900
1.28700
0.77800
1.59300
1.86600
1.63000
1.83100
0.48900
1.28200
0.59200
0.37900
1.52600
1.54700
1.72400
1.40200
1.20500
1.17100
1.31700
0.57800
1.68100
1.32100
1.58900
1.31600
1.42900
1.28200
0.61200
1.11400
1.43300
1.12000
1.14700
1.19000
0.96500
0.85800
0.44100
0.46200
0.66500
0.73400
0.60600
1.40900
1.55400
0.61600
0.70600
0.97100
0.98300
1.24800
1.23600
1.33100
0.40700
1.48600
1.91400
0.61400
1.23700
1.39400
1.22500
0.07100
1.68700
1.17100
0.58000
0.88700
0.64700
1.42100
1.08600
1.05800
0.19200
1.96000
1.07900
1.46100
0.40500
1.14200
1.19900
1.38900
0.90700
0.89600
0.73600
0.95600
0.28000
0.72700
0.27200
0.38400
0.93800
0.67500
0.39600
0.75000
1.03500
0.18100
1.02100
0.89100
1.24600
0.38800
1.56500
0.37700
0.97400
0.75900
0.54700
0.14300
0.89300
0.98400
1.11500
1.55500
0.78300
0.76100
1.14600
1.44300
0.36700
1.08600
0.26200
1.41300
0.75200
1.21000
0.77800
1.72100
1.22100
1.66100
0.72300
0.42100
1.64000
0.48100
1.42200
0.53400
1.94900
1.32300
1.87700
1.57900
0.81800
0.48200
0.51000
0.84000
1.22600
0.31700
1.82700
1.35000
1.23300
1.20200
1.17800
0.52000
2.04500
0.97300
0.64000
0.13100
0.36100
0.91800
0.89800
0.23400
1.66700
0.36900
1.54800
0.40100
0.31300
1.12000
0.79200
0.46800
0.73900
1.43600
0.56100
0.77300
1.53700
1.29500
0.37300
1.40400
0.53600
1.55900
0.22100
1.11600
1.38000
1.57900
1.15900
1.72800
1.22800
0.83300
1.02900
1.84800
1.37500
0.98800
1.34300
0.53700
1.76300
1.32600
1.59300
1.23400
1.20300
1.82200
1.16400
1.16900
0.69800
0.19100
1.05100
0.72600
0.80700
0.14200
0.27100
0.30900
0.81200
1.21100
1.23800
0.86400
0.62900
0.92700
1.19900
0.60800
1.11500
1.61400
1.29500
1.88600
1.07800
0.92500
1.52900
0.21300
0.73400
1.18000
1.55300
0.34800
0.93700
1.37400
1.29800
0.40000
0.27200
1.20400
0.88300
0.28100
0.74300
0.79600
0.79300
1.08200
0.87700
1.29700
1.55100
1.35000
0.24200
0.63500
0.73700
0.96400
1.05300
0.84700
0.67400
1.36800
1.07100
1.44600
1.65500
1.30800
1.25100
1.87100
0.90600
1.40700
1.07600
1.84900
0.54800
1.34300
1.64700
1.29300
1.28800
0.99800
0.58200
0.87800
1.41900
1.02900
0.46500
0.42000
0.75800
0.74600
1.29200
0.04600
1.20600
0.73600
0.93900
0.77800
1.22400
0.75900
1.48500
0.58400
0.87400
0.17100
0.87100
0.84400
1.21400
0.56300
1.28600
1.35300
1.09600
1.48900
1.01000
0.66000
1.69200
0.39500
0.70600
0.71800
1.14100
0.87900
1.52300
0.94000
0.47000
1.08200
1.79000
0.74700
1.41200
1.69100
1.07100
2.00900
1.09400
0.99800
0.90100
1.40000
1.16900
0.47700
0.42100
1.61800
0.33400
1.24300
1.35200
0.48300
1.09300
0.70300
0.59600
1.45500
0.37500
0.79100
0.90500
1.33200
1.09900
0.78500
0.79000
1.29000
1.67700
0.65200
1.58100
1.54000
0.78600
1.55400
1.09800
1.74800
1.26200
1.73100
0.86400
0.79300
0.77900
0.55000
1.09300
0.86400
0.75500
0.87000
0.82400
0.78600
0.84200
1.05600
0.59800
1.00500
0.71900
1.40600
1.18700
0.43300
0.94900
1.43000
0.85800
0.55700
1.03400
0.75400
0.34100
1.28300
0.91100
1.17800
0.57400
0.44800
0.54000
0.81800
0.72300
0.96500
0.19800
1.07800
0.88400
0.98500
1.01800
0.72100
0.17300
0.40900
0.52100
1.17000
1.00900
0.66000
0.80100
1.31200
1.29700
0.24400
0.83800
1.11500
0.69800
0.90500
0.45600
0.80900
0.94000
1.36800
0.85800
1.09400
0.93000
1.95800
1.14900
1.97700
2.44900
1.70600
2.04300
0.96900
