0.64300 
1.00800 
0.68400 
0.80600 
0.80600
1.08800
0.64300
0.64300
0.84600
0.96600
1.08800
0.52400
0.80600
0.48300
0.72500
0.72500
0.68400
0.72500
0.96600
1.08800
1.04800
0.84600
1.25000
0.68400
0.92500
1.65200
1.08800
1.08800
0.72500
0.76500
0.92500
1.32900
0.84600
0.88700
0.64300
0.56400
0.36200
0.96600
0.80600
0.56400
0.68400
0.16000
0.32000
0.44200
0.72500
0.76500
0.68400
0.64300
0.68400
0.88700
0.56400
0.36200
0.24000
0.88700
0.44200
0.44200
0.88700
0.76500
0.76500
1.00800
0.84600
0.92500
1.00800
0.88700
0.24000
0.72500
0.64300
0.64300
0.36200
0.64300
0.72500
0.60300
0.44200
0.44200
0.76500
0.52400
0.88700
0.64300
0.68400
0.44200
0.68400
0.60300
0.68400
0.60300
0.64300
0.80600
0.96600
0.48300
0.80600
0.72500
0.52400
0.72500
0.84600
0.96600
0.84600
0.92500
1.08800
1.00800
1.00800
0.56400
0.52400
0.40300
0.68400
1.04800
0.64300
0.64300
1.04800
0.76500
0.40300
1.20900
0.92500
0.48300
0.72500
0.72500
1.16700
0.88700
0.64300
0.96600
0.84600
0.80600
1.41100
1.12800
0.56400
0.92500
0.72500
0.52400
0.64300
0.88700
0.68400
0.84600
1.00800
0.68400
0.64300
0.76500
0.36200
0.52400
0.32000
0.76500
1.04800
0.52400
1.00800
0.92500
0.56400
1.04800
0.20000
1.00800
0.80600
0.72500
0.68400
0.56400
0.60300
0.72500
0.92500
0.76500
0.72500
0.68400
0.72500
1.16700
1.04800
0.76500
0.36200
0.88700
1.00800
0.48300
0.40300
1.16700
0.92500
1.12800
2.01600
1.43600
0.92900
1.22600
0.82400
1.27100
0.87600
0.89300
1.22200
1.49300
0.65000
0.85100
0.42900
0.92900
0.92500
0.94900
1.19100
1.10100
0.94900
1.61800
0.94500
0.96700
1.07400
1.35400
1.09400
0.64500
0.56700
0.58200
0.88300
1.17600
1.19400
0.55200
0.61400
1.07000
1.10100
1.19700
0.87500
0.99300
0.58700
0.60200
0.74200
0.74600
0.80500
1.32700
0.97400
0.99600
0.35100
0.79600
1.58800
1.24600
0.84900
1.01200
1.01900
0.97200
0.55700
0.40700
0.39800
0.30600
0.45800
0.88900
0.90100
0.90400
0.65700
1.22800
1.37200
0.89200
0.66100
1.35600
1.19500
0.51800
0.85600
0.86800
1.05500
1.01600
0.75900
0.73400
0.52400
0.87600
1.02000
0.60900
1.10800
0.78100
1.41500
1.30700
1.17000
1.43200
0.91300
1.58900
0.81200
1.42300
1.45200
1.06000
0.59700
0.91900
0.60300
0.98500
0.95400
0.98900
1.19300
1.58300
1.23100
1.80400
1.40800
1.01400
0.97800
0.55700
0.92700
1.35100
1.08600
1.24800
0.85100
1.49300
1.15600
1.07300
1.24300
1.05500
1.05500
1.42800
0.72500
1.20600
0.91900
1.16300
0.51600
1.04500
0.57900
0.88400
1.17500
1.37100
0.71000
1.41000
1.24100
0.89800
1.16300
1.36700
0.90300
1.29800
1.22300
0.74500
0.79700
0.77200
1.15200
1.17900
1.56300
1.14800
0.86200
1.01300
0.65700
0.97500
0.77100
0.62900
0.80900
0.80000
0.42300
0.64900
0.73600
0.62200
0.93400
0.50800
0.62500
0.72700
0.72700
1.24500
1.27400
0.98100
1.43600
1.05800
0.91000
0.85700
0.92900
1.07700
0.78800
1.11000
1.39000
1.07500
1.16200
0.99400
1.40300
1.14900
1.01300
1.05200
1.12800
1.15500
1.16400
1.18600
1.13900
1.35300
1.61700
1.21900
1.54700
0.89100
0.71100
1.05200
0.70700
0.61100
0.64200
0.69000
1.28700
0.94100
0.74300
1.07600
0.63800
0.48400
0.85000
1.38400
0.91300
0.96000
0.92700
0.71600
0.70400
0.57600
0.74800
0.67100
1.05600
0.81400
0.57100
0.87800
0.57800
0.71700
0.65000
1.01500
1.19000
0.89700
0.57200
0.56500
1.15400
1.10000
1.06300
0.79800
0.57400
0.90000
0.49000
0.27100
0.78700
0.29100
0.65400
0.77100
0.59100
0.59400
0.84600
0.82500
0.81500
0.99900
0.70100
0.73900
1.10300
0.46500
0.31400
0.45900
0.62700
0.73300
0.70400
0.69300
0.69700
0.84800
0.59300
0.58700
0.87900
0.99200
0.80300
0.75900
1.02400
0.90000
0.85500
0.97700
0.91600
1.01000
0.90100
0.66200
0.48800
0.99500
0.93600
0.69100
0.50300
0.83600
1.12500
0.64500
0.96600
0.77600
0.67800
0.55200
0.50400
0.96100
0.96600
0.81300
1.08100
1.15100
0.94600
0.67800
0.83700
1.07400
1.41700
0.67600
0.72500
1.14100
0.39400
0.97900
1.00600
0.88900
0.84600
0.91300
0.70200
0.63200
0.94800
0.87600
0.84900
0.81400
1.12500
1.10200
1.10800
1.10200
1.03100
1.18000
0.90900
0.87800
1.09900
1.33900
1.67900
1.42600
1.37500
0.51300
0.64100
1.31600
1.08000
1.02600
0.62800
1.12000
1.18500
1.11500
1.03400
1.20500
1.24400
1.11500
1.05500
1.41900
1.40000
1.30200
0.92900
0.62600
1.16400
1.24300
1.12100
1.25900
1.04500
0.95800
1.11100
1.25400
0.91000
1.06900
1.10600
1.27200
1.21200
0.88000
1.23700
1.05900
1.17600
0.73500
1.40500
0.97500
1.74500
1.17600
0.71300
1.24400
0.85200
1.20300
1.18400
1.07000
0.71300
0.58100
1.03400
1.27000
0.42900
0.92600
1.15100
0.86600
0.88300
0.86400
0.88600
1.07100
0.78800
0.90200
1.39600
0.94200
0.65100
0.85500
1.07600
0.77700
1.13200
0.87400
1.39200
0.76400
1.15800
1.20500
1.14000
0.85700
0.82000
1.33100
0.93600
1.21300
1.32100
0.87700
0.88700
0.87100
1.31500
1.24100
1.53800
1.18800
1.74800
1.26400
1.34700
0.73500
1.40800
0.68000
1.21600
1.37700
1.10500
1.48400
1.01200
2.00700
1.64700
1.05500
1.19800
1.30800
0.94100
1.65600
1.06300
1.08100
0.84800
0.62900
1.27200
0.87300
0.91500
1.08200
0.92300
1.03900
0.61600
0.93800
1.06300
0.92300
1.27300
1.28000
0.94300
0.90600
0.51500
1.02700
1.07900
1.35700
1.35200
1.04600
1.04300
0.98900
1.02100
1.43000
1.29500
1.16100
1.71300
1.28000
1.09700
1.07800
1.31600
1.38300
1.21200
1.13100
1.45300
1.16800
1.19200
1.20900
1.06600
1.42300
1.17700
0.90900
0.80400
0.88400
1.50800
1.15500
1.06600
1.15800
0.90500
1.11400
1.09000
1.16100
1.20300
1.01200
1.08700
0.85600
0.91400
1.15800
1.18500
1.48700
1.55200
0.86100
1.07500
0.80500
1.35700
1.59700
0.89700
1.10700
1.21900
0.95800
0.86300
0.94900
0.74200
0.78000
1.18500
1.14300
0.81600
1.11200
0.97300
0.87900
0.60300
0.92000
1.19500
1.02400
1.20700
1.45000
1.05400
1.04600
1.03100
1.14600
1.08400
1.64300
1.16400
1.07200
1.48400
1.50600
1.03600
0.79000
0.83600
1.00600
0.64600
0.64100
0.47300
0.82200
0.85300
0.80000
0.95800
1.11400
0.84800
0.73600
0.41400
0.72900
0.81400
1.01800
0.95300
0.77100
0.89700
1.03100
0.89600
0.93400
0.92400
1.06700
0.83800
0.85600
1.42600
1.40900
1.42900
1.68500
1.11400
1.08700
1.03100
1.39300
0.87800
0.97000
1.49200
1.23600
1.06300
0.94600
0.99200
1.11100
1.18800
0.83500
0.93600
1.14900
0.97000
1.29600
0.87000
0.83800
0.65800
0.91200
0.96300
0.80700
0.70900
0.84600
0.50100
1.18200
0.95400
1.02400
0.75500
0.98900
1.00100
1.35800
1.18600
1.18100
0.95600
1.07500
0.91600
1.35600
1.36400
1.25700
0.76100
1.39200
0.93800
0.82400
1.09600
1.11700
0.95300
0.90700
0.64600
1.12000
1.02600
0.54100
1.05100
0.94200
0.90900
0.62400
0.89700
1.43100
1.48400
1.21200
1.37600
1.37700
1.15600
1.20500
1.08900
0.86300
1.40000
1.13700
1.03200
0.98400
0.81100
0.89700
0.86800
1.18600
1.23100
1.30100
1.36400
1.64000
1.48100
1.19200
1.31400
0.78700
1.18000
0.00000
1.01000
1.06700
0.96600
0.65900
0.84400
0.83600
0.57600
0.91500
0.71500
1.14400
1.17700
0.91900
0.91700
0.85500
1.16900
1.61900
1.01300
1.71900
1.09400
0.96100
1.61000
1.44100
1.22400
1.20500
1.12400
1.19600
1.13900
1.11800
0.91400
1.69700
0.90800
1.17500
1.08100
1.14300
0.97900
1.13300
0.96300
1.44500
1.10500
1.12800
1.33500
1.22700
1.17600
1.50600
1.54600
1.13800
1.76400
1.92700
1.57600
1.10900
1.21500
1.06200
1.28600
1.30700
0.54400
1.31800
1.05100
0.46300
0.80700
1.35300
1.06400
0.68400
0.89500
1.07100
0.89700
0.92600
0.96300
0.88000
0.85100
0.74900
1.18200
0.93700
0.32100
0.76600
0.89400
1.05300
0.89800
1.22600
0.96000
1.04300
1.49800
1.56000
1.31400
1.90400
1.20700
2.39400
1.31800
1.36600
1.71500
1.09200
1.20700
1.60600
1.33700
1.02900
1.06100
1.02000
0.80100
1.14200
0.72500
0.61200
1.08200
1.04500
0.52900
0.98100
0.92700
1.10000
1.15800
0.68100
0.69000
0.47500
0.77400
0.25400
0.80100
0.45900
0.88800
0.88600
0.48600
0.69700
0.38400
0.54600
0.78700
0.60300
0.63700
0.67100
0.89100
0.69500
0.98300
0.99000
0.57700
0.88100
1.14300
0.77400
0.65000
0.63000
0.66400
0.71800
0.72200
0.58100
0.62800
0.67800
0.82100
0.72600
0.98200
0.77100
0.33800
0.88600
0.78800
0.65900
0.83900
0.98700
0.56200
1.00400
0.95300
0.89300
1.11800
0.91700
0.72700
1.25600
0.57600
0.92300
0.92100
1.18600
1.32200
1.11900
0.69000
0.87100
1.10700
1.11200
0.62700
0.49400
0.79000
1.09100
0.86100
1.02200
1.26800
1.37000
1.11500
1.04500
1.30100
1.23800
0.89900
0.87100
0.31600
1.20800
0.35900
1.03200
0.78900
0.54700
1.09100
1.01000
0.91000
0.94800
0.54600
1.20100
0.63800
0.89500
1.06400
1.36200
1.01200
1.14300
0.75900
0.78400
0.67500
0.63800
0.89800
0.99200
1.48300
1.38500
1.00100
1.15800
0.90700
0.67400
1.01100
0.96600
0.81800
0.58400
0.72000
0.83300
0.96100
1.01400
0.90900
1.02600
0.92800
0.90200
0.47300
0.88200
0.86400
0.88300
1.02500
1.14300
1.46900
1.13600
1.08500
0.91200
0.74900
0.72600
0.78700
0.46900
0.76100
1.06100
1.18500
0.94000
0.88700
1.15700
0.87100
0.96600
0.74300
1.05000
0.72800
0.85300
1.32200
0.83900
0.91600
0.73400
1.25300
1.22800
0.67600
0.48800
0.71000
1.13800
1.00100
0.97500
0.89200
1.10700
1.00700
1.20100
0.90000
0.80400
1.28600
1.16100
1.45700
1.39200
0.60800
1.01500
0.96900
1.44000
1.26100
1.15900
0.97000
0.77000
1.29800
1.14600
1.31200
0.87000
1.10700
0.93400
1.04200
0.93100
1.08100
0.94700
1.11300
0.87500
0.50200
0.87500
1.25800
1.17500
1.66000
0.77000
0.87700
1.30400
0.91100
1.15600
0.92600
0.85800
1.18200
1.36400
1.34900
0.95300
0.75200
1.00700
1.07100
0.94200
0.63700
0.67200
0.99600
0.21800
0.67600
1.17300
0.97200
0.70300
0.96600
0.69800
0.82800
0.92200
0.62700
0.90600
0.86200
1.10800
0.89000
0.69600
0.85600
0.86800
0.94600
0.92200
0.92900
1.09100
1.11300
0.59500
0.82400
0.42300
0.87400
0.94100
0.63400
0.67100
0.58900
0.28800
0.98300
0.66500
0.90100
0.87900
0.76200
0.72600
0.93500
0.89300
0.92700
0.88900
0.96600
0.86900
0.90900
0.85500
0.67000
1.13600
1.18800
0.84900
1.00900
0.83400
0.82100
1.27700
1.19200
0.88900
1.07000
0.95700
0.68900
1.04800
0.63100
0.49400
0.75900
0.87700
0.81200
1.09100
0.97400
1.25200
1.19800
0.48200
0.98600
0.90600
1.38900
0.85500
1.03500
0.77900
0.67900
1.23500
1.33400
1.23100
1.03100
1.39500
1.23700
0.99400
0.92400
1.44700
1.23900
1.03600
0.91800
0.97100
0.96100
1.17300
0.92900
0.64900
1.28600
1.02100
0.91700
1.18400
0.91600
1.05500
0.84300
0.99000
0.39900
0.83400
0.75100
0.91100
0.91500
0.73100
0.62600
0.73800
0.97300
1.16600
0.87500
1.11800
1.28400
0.83900
1.27400
1.05800
0.91100
0.73500
0.83100
0.31700
0.91300
1.11600
1.03500
1.13900
0.63100
0.77200
1.04200
1.04600
0.59200
0.62100
1.17200
0.13500
1.05000
0.97300
1.14200
0.84800
1.02800
0.71900
0.52200
0.83400
1.07900
0.88800
0.99600
0.78700
0.77300
0.95800
0.76000
0.77700
0.98300
0.45200
0.74200
0.65100
0.91100
1.32000
0.77600
1.14800
1.14200
0.86400
0.54000
0.93900
0.68000
0.67900
0.53200
0.95500
0.74000
0.33200
0.79300
0.78100
0.51500
0.64300
1.06300
1.14200
0.87000
0.93500
0.92900
1.10800
0.94900
0.77500
0.74000
0.86200
0.57300
0.99400
1.19300
0.99600
0.87600
0.89100
0.99700
1.26900
0.91700
0.81900
1.13000
0.97600
1.09800
1.59600
1.14700
1.14700
0.90400
1.09500
1.22100
1.17700
1.25900
1.42300
1.24100
1.28100
1.28800
1.36600
1.39000
0.93500
1.20000
1.09300
1.11400
0.83400
1.35700
1.09900
1.19200
1.18100
1.28700
1.17800
1.15400
1.39900
1.11800
1.09200
1.34500
0.75900
1.10000
1.27400
1.04400
0.96100
0.87900
1.42700
1.26200
0.93200
0.92300
0.44100
0.54400
1.09200
0.78900
0.86000
1.24100
1.18500
1.31300
1.05600
0.75400
1.13300
0.98800
0.88500
1.22100
1.30900
0.72400
0.91500
0.83100
0.85200
0.80300
1.03200
0.62000
0.61000
1.12800
0.94800
0.96100
1.27100
1.10800
0.94000
0.77500
1.27500
1.16100
1.09400
0.82400
1.29600
0.99000
0.91800
0.56700
0.74500
0.55500
0.61600
0.84800
0.90200
0.92800
0.66800
1.32900
1.48200
0.60000
0.71000
1.13100
1.00600
1.06400
1.10400
0.75100
1.12500
1.33500
1.12800
1.29200
1.36900
0.99900
0.82100
1.07300
1.53500
0.91300
1.29600
0.88600
0.79700
0.95800
1.52900
0.77100
0.89900
0.87700
1.12300
0.78100
0.73500
0.79800
0.90100
0.66800
0.72700
0.54300
1.12300
0.82700
0.54000
0.78800
0.48900
0.79200
0.54000
0.66300
0.57000
0.75800
0.72800
1.03400
0.82900
0.78900
0.89000
0.83900
0.80300
0.97700
0.97100
1.08500
0.72900
0.80000
0.80600
0.98300
0.67600
1.07300
0.78500
1.04900
0.91600
1.31300
1.31500
0.83200
1.07700
1.80700
0.63000
0.60000
1.29200
1.39000
1.37300
0.95600
0.87000
1.36400
0.91100
0.83300
1.58300
1.60700
1.32300
1.48200
1.02300
1.28400
1.33800
1.08100
0.47000
1.11100
1.25100
0.72900
0.58100
0.58000
1.15700
0.97200
0.87800
1.03700
1.23100
1.17700
1.04200
0.61600
0.59800
1.31300
1.03800
1.21000
0.85700
0.97500
0.80300
0.62500
1.25900
0.94600
1.61600
1.00000
0.48200
1.32900
1.70200
1.25100
0.28500
0.64800
1.17800
1.20700
1.32500
1.41700
0.59600
1.10600
0.88000
1.06100
0.87000
0.89200
1.03000
1.18700
1.16900
1.03800
0.72800
1.03200
0.84300
0.89000
0.44600
1.06500
1.10600
0.74100
1.10100
0.76500
0.97300
1.13300
1.11400
1.18800
0.99400
1.34300
1.13100
1.10100
1.73200
1.54600
0.69900
0.83400
0.77400
0.95900
1.42700
0.71200
1.01700
0.73900
0.76100
0.95700
0.91100
0.92900
0.89300
1.15800
1.28900
0.67400
1.23600
0.91500
0.89900
1.16800
0.91400
0.51800
0.44300
0.80300
0.84700
1.01900
0.80100
0.67800
0.70400
1.10300
1.02200
1.06600
0.29800
0.88300
0.97500
0.77600
0.84400
0.77900
1.01500
1.06900
0.78000
1.00700
0.58000
0.77700
1.00200
1.10200
1.02700
0.94300
0.86500
0.96500
1.26700
1.18700
0.80400
0.88100
0.98800
1.11700
0.81600
1.29300
1.49300
1.23900
1.41300
1.24200
0.97200
1.29700
0.91900
1.01800
0.76300
1.36400
0.89200
0.85400
1.14100
1.20300
0.73200
0.38600
0.19100
1.12400
1.26600
1.11100
1.02500
0.36600
0.30400
0.77000
1.01700
0.70700
0.63900
0.96300
0.92800
0.78000
0.95700
0.99900
1.24400
0.99500
1.04100
1.35300
0.48600
0.61300
1.04200
0.88800
0.73100
0.67700
0.73200
0.95600
0.84300
0.98900
0.73600
0.76400
0.85000
0.65400
0.90900
0.83000
0.52400
1.00800
0.88700
1.06900
0.79500
1.05900
1.06900
0.96900
1.16200
0.96800
1.50600
1.23000
1.43400
0.62800
1.06700
1.15700
0.90400
0.89900
0.75700
1.00300
1.17300
0.87400
0.69100
0.82200
0.83000
0.77400
0.85700
0.76700
0.73100
0.94700
1.55000
1.27700
1.01900
1.43500
1.21600
0.90700
0.92600
1.35000
1.29900
0.93200
0.45500
0.81700
0.96200
1.11300
1.22400
0.97600
1.09300
0.83200
0.91300
0.72600
0.95000
1.13900
1.21200
1.47000
1.06700
0.83200
1.25100
1.38100
1.61000
1.04000
1.30800
0.48900
1.03500
1.67000
1.27700
0.98600
1.59900
0.68400
1.19800
0.92300
1.07200
1.06500
0.95800
1.27000
0.60900
0.91300
0.85600
0.48300
1.17500
1.52700
0.97100
1.01500
0.93000
1.07400
0.81200
1.05700
1.46000
0.82300
0.96500
1.10700
1.40600
1.33600
1.35200
1.65100
1.35400
0.74900
1.03500
1.05500
2.03700
1.67600
1.25400
1.22100
1.06800
1.41100
0.83500
1.19600
0.96600
1.17500
1.36800
0.95300
0.85400
1.01500
0.70900
0.95100
0.49600
1.05300
1.06100
1.24500
0.86500
1.45300
1.02800
1.21400
1.20700
1.30800
1.32600
1.00000
1.06000
0.87700
1.21500
1.17000
0.64700
1.20700
1.22900
0.80800
1.51100
1.04000
0.96800
0.86900
0.82700
1.48500
1.07200
1.28500
1.14800
1.39800
1.15100
0.81900
1.11700
1.31400
1.22300
1.12200
0.86200
1.05200
1.28000
1.15100
1.17100
1.15800
0.70000
1.14100
1.10400
1.35100
1.33700
1.30000
1.57800
1.22600
0.48300
1.40400
1.22900
1.23600
0.86100
1.18900
1.61000
1.53500
1.37500
1.18100
0.53300
1.18000
1.27600
0.57600
1.22300
0.92300
1.20600
1.47200
0.87000
1.00600
0.96600
1.23800
1.06400
1.11400
0.58200
0.70200
1.08300
1.03200
1.11200
0.81800
1.01800
0.81600
1.13000
0.94100
1.59600
1.27100
1.65900
1.58500
1.09700
0.95400
0.95000
1.31600
1.68000
0.99300
0.93600
0.99500
0.78500
0.36200
0.98800
1.02700
1.24300
1.16900
1.15800
1.13800
1.18100
1.01800
0.94000
1.09600
0.91600
1.14800
1.04500
0.62900
0.82600
1.12400
1.11900
0.96900
1.27600
0.74100
1.01600
0.88500
0.89500
1.29800
1.28600
1.14700
1.24200
1.59200
1.28700
1.25600
1.09100
1.23600
1.26600
1.53300
1.84700
1.04800
1.35400
1.28400
1.07600
1.11600
1.34500
1.40200
1.18200
1.38800
1.23300
1.80800
1.07200
1.06800
1.09400
1.04400
1.09100
1.08500
1.11100
1.04900
0.21900
0.94400
0.99100
1.41300
0.99300
1.33000
1.23100
1.49700
1.24400
1.32800
1.31600
1.33900
1.23600
1.09700
1.15600
1.02600
0.91000
0.89600
0.87800
0.59400
0.83500
1.01400
0.84800
0.88700
0.87800
0.86400
0.84100
0.83000
1.23500
0.93700
0.94800
0.87100
0.71800
1.26900
