1.29300 
0.66800 
1.12900 
1.29900 
0.75500
0.92500
1.43100
0.84300
1.47800
1.26900
0.88900
1.01800
1.19000
1.06400
0.98000
0.64000
1.02600
1.45600
0.55700
0.47200
0.94600
0.94800
1.20800
1.29700
0.90900
1.47400
1.34600
1.08700
1.17600
1.48400
1.74800
1.13800
1.75400
0.92200
1.10000
1.58600
1.10300
1.22400
1.12000
1.07900
0.83400
1.10000
0.98900
1.11500
1.30100
1.05800
1.25200
1.24800
1.51900
1.30400
1.16400
1.33100
1.18800
1.24800
1.69300
1.38300
1.53700
0.69500
1.21900
1.09900
1.11400
0.66100
0.89300
1.56800
1.08700
1.29200
1.01800
0.82300
0.82700
1.20200
1.40800
0.72600
0.92300
0.77400
1.02800
0.68100
0.68700
1.02200
1.05600
0.87300
0.76100
0.52900
0.72200
0.49800
0.50400
0.62800
0.73200
0.79000
0.97600
0.99900
1.01400
0.90600
0.73500
0.41500
0.63900
0.47200
0.59800
0.67400
0.45100
0.58800
0.48000
0.21400
0.70500
0.71000
0.80200
0.88700
0.73600
0.67300
0.97300
0.61000
0.48700
0.55800
0.65100
0.70700
0.72600
0.79100
0.95800
0.42200
0.72200
0.66500
0.88300
0.48700
0.43700
0.95200
0.71500
1.29700
0.68200
0.77200
0.73900
0.57000
0.53700
0.68900
0.84400
0.79100
0.62800
0.45300
1.52700
1.05700
0.67900
0.96200
0.88300
1.21900
1.25000
1.83400
1.98900
1.24500
0.96800
0.61500
1.31700
1.75600
1.55100
1.41300
1.50000
1.36900
1.14500
1.18100
0.95600
1.58700
1.07700
1.29800
1.04700
0.91800
1.24000
1.17200
0.81300
0.94900
1.07400
0.99700
1.04000
0.93600
1.07600
1.00000
1.04300
0.98700
1.08800
1.88200
1.77600
1.08800
2.21500
1.30000
1.43000
1.65900
1.70600
1.96600
1.84700
1.60800
1.06900
1.12300
1.22500
1.34000
2.06400
1.65300
2.12600
1.79500
1.28200
1.66900
2.08300
1.82900
1.15400
1.41000
1.12200
1.07000
1.11600
1.01500
0.89900
1.04700
1.00700
1.08400
1.29400
1.16700
0.94000
1.09200
0.91600
0.75900
0.93700
0.76000
0.92800
1.07900
0.81900
0.94300
1.06600
1.05800
1.06800
1.18500
1.05400
1.08800
0.54700
0.93300
0.85100
0.41100
0.80600
0.99100
1.08600
0.95400
0.56500
0.73600
1.31800
1.24100
1.12900
1.29800
1.08400
1.05200
1.20000
0.95300
0.88400
0.83400
1.07300
1.10400
1.17000
1.28200
1.23800
1.09900
0.94100
0.92800
1.16600
1.22800
1.01300
0.97300
1.39000
1.28400
1.02700
1.00900
0.96200
1.01100
0.86500
1.05800
0.94400
0.57500
0.97000
1.14200
0.93200
1.05900
0.88000
1.29700
0.55700
0.99000
0.83900
0.94700
0.60900
1.19700
1.00600
1.08200
1.00400
0.70900
1.50100
0.84700
0.78000
0.93100
1.31000
1.29300
1.26600
1.15300
1.42700
1.22300
0.87700
1.15300
1.10600
0.99200
0.86000
0.80500
0.88800
0.47700
1.27500
0.91300
0.71200
0.91100
0.91200
0.83000
0.74300
0.68600
0.90800
0.91500
0.99800
0.90600
0.44900
0.72000
0.99900
0.99300
0.94300
1.06000
1.01100
0.84800
0.88700
0.72700
0.91600
0.52300
1.10800
1.30500
1.02700
1.17300
1.21700
1.29900
1.41700
1.19900
1.10400
0.81200
1.02100
1.09700
0.96700
1.06500
1.32200
0.91800
0.74300
0.93000
1.08500
0.79100
0.79400
0.93700
1.01200
0.90500
1.06800
0.83600
1.06800
0.96900
0.98200
0.97000
0.98000
0.88800
0.89600
1.00800
0.85700
0.80400
0.78300
0.84600
1.04400
0.80300
1.02500
0.71800
0.74600
1.18600
0.93400
0.73700
1.16900
0.87100
0.98500
0.69200
1.07000
1.04400
1.26900
0.83300
1.31900
0.99000
0.97300
0.79300
1.15000
0.96400
1.02000
1.00800
1.03800
1.02000
1.02800
0.85800
0.77600
0.97000
0.79500
0.83600
0.70600
0.24300
0.96900
0.63800
0.91500
0.82100
1.11600
0.80200
0.60100
0.77800
0.89600
0.85100
0.80900
0.78900
0.84900
0.95000
1.05400
0.79900
0.94900
0.65900
1.06800
0.79100
0.59500
1.19900
0.81600
0.67300
1.05700
0.74000
0.65600
0.82900
0.83100
0.74700
0.94100
1.15200
0.92800
0.70000
0.89100
1.02200
0.79300
0.56600
0.88900
0.46500
0.84200
0.96900
0.84000
0.51100
1.10000
0.74000
0.71300
0.70300
0.77200
0.62600
0.85100
0.59900
0.63600
0.95700
0.63300
0.50400
0.82900
0.61300
0.72100
0.69400
0.85100
0.59000
0.71500
0.74800
0.80200
0.93400
0.77000
0.86800
0.83500
1.13300
0.82700
1.23900
1.03700
1.03100
0.85100
0.75200
0.98300
0.83900
0.99200
0.96200
0.82700
0.98800
0.91300
0.78300
1.01800
1.15500
1.21400
1.13000
1.09500
0.94200
1.03700
0.72300
0.79100
0.93100
0.99500
1.02600
0.87200
0.78500
0.77800
0.84900
0.84700
1.05100
0.96400
0.82400
0.93900
1.14300
0.69900
0.67200
0.95800
0.41800
0.60900
0.71700
0.77100
0.77100
0.79800
0.82200
0.65900
0.71800
0.96800
0.83100
0.73000
0.95400
1.12000
0.73500
0.59600
0.77600
0.73700
0.75400
0.86400
0.62100
0.71300
0.92100
0.92500
0.86600
1.02300
0.73300
0.98200
0.69500
0.74600
0.86100
1.35500
0.94200
1.50300
1.23400
0.76700
1.16500
1.07100
0.72800
0.89900
0.83800
1.02200
0.94400
0.75500
0.85100
0.92400
1.14800
1.01100
1.09800
1.15900
1.13800
0.76800
0.75200
0.65700
0.91100
0.80200
0.76500
0.85900
0.83200
0.39600
0.88300
1.11700
0.90300
0.78000
1.11900
0.87600
1.08100
0.99300
1.00000
1.18700
1.02000
0.78700
1.04900
0.71400
0.85300
0.98100
0.70400
0.75700
0.71200
0.85600
0.79500
0.84200
1.10700
1.13600
0.83500
1.29000
1.05700
1.40700
1.10600
1.13200
0.99100
0.75300
0.92700
0.95200
0.87600
0.97200
1.06100
0.82700
0.89100
1.06300
0.99900
0.93800
0.92200
0.99200
0.62800
0.81200
0.78700
0.77800
1.15800
0.94100
1.04100
0.89700
1.04100
1.01300
0.71400
0.88800
0.83600
1.02100
0.87600
0.95500
1.13300
0.96800
1.07600
1.08500
0.90400
0.93100
1.09300
1.15200
1.12600
1.21800
0.80600
1.02700
1.13500
0.88400
0.98700
0.80500
0.87200
0.81800
0.80400
0.72400
0.90800
0.92900
1.10400
1.00800
1.20800
0.97700
0.91900
1.16000
1.09000
1.14400
1.13400
1.18500
1.04800
1.00400
0.94400
0.83200
0.98300
0.86100
0.80700
0.95900
0.78000
0.93000
0.67800
0.82900
1.07800
0.98700
0.84900
0.75700
0.90200
1.10400
0.79900
0.73700
1.05100
0.84000
0.66500
0.82900
0.86600
1.10700
0.86300
0.82700
0.81700
0.57700
0.88200
0.63600
0.59800
0.80800
0.64100
0.76800
0.63900
0.45500
0.69400
0.81400
0.78200
0.75800
0.80200
1.11500
0.75300
0.70300
0.78900
0.91100
0.75800
1.06000
0.93800
0.92900
1.19500
0.94700
0.90500
0.92900
0.93800
1.00400
1.21300
1.09500
0.93800
0.95300
1.22200
1.06000
1.02900
1.09600
1.07200
1.08200
0.82700
1.08000
1.28800
0.90600
1.07100
0.84500
0.72000
0.92400
0.73400
1.19800
0.85600
0.84600
0.94000
1.01300
0.98100
1.13700
0.94700
1.02500
0.81700
0.87200
0.81100
1.00600
1.20700
1.07800
0.82100
0.95900
0.54300
0.87800
0.86800
0.94000
0.74600
0.81100
0.97400
1.04400
0.99200
0.94800
0.93300
0.88100
0.87300
0.87900
0.75500
0.83700
1.07700
1.00700
0.87000
0.77800
0.93300
0.98800
0.84500
0.85000
1.19500
1.18100
1.08500
1.16000
1.22300
1.10800
1.13100
1.25200
1.25700
1.05100
1.08600
1.41400
1.56100
1.51100
1.43600
1.26400
1.32100
1.29400
1.25800
0.99000
1.12500
1.11800
1.17000
1.17400
0.98300
0.95100
1.14300
1.42700
1.55400
0.97900
1.16700
1.22400
1.33200
1.41600
1.33800
1.34000
1.40900
1.32300
1.19100
0.90500
1.19600
0.99100
1.01100
1.00400
0.84300
0.81900
0.95100
0.52700
0.81000
1.16300
1.06300
1.10300
1.01200
0.81000
0.93400
1.17900
1.29600
0.90800
0.88200
0.91700
0.96300
0.78800
1.03500
0.75900
1.04500
0.94200
0.63600
0.81900
0.87700
0.76500
1.08100
0.89000
0.84000
1.14900
0.80200
1.08300
0.75000
0.81700
0.60500
0.45300
0.62200
0.90400
0.87900
0.79800
0.83600
0.87200
0.76600
0.80800
0.93000
1.01600
0.92500
1.08600
0.71400
0.90400
0.93100
0.77600
0.80600
0.62900
0.81100
0.91000
0.89900
0.82500
1.12100
0.98300
1.07500
1.23400
0.90500
0.74200
0.78800
0.88800
0.63900
1.20400
0.95900
1.00500
0.90100
0.55200
0.95200
0.84500
0.99800
1.00800
1.02000
0.74800
0.78600
1.10000
0.91900
0.82400
0.76500
0.80400
0.79300
0.84900
0.93700
0.79700
1.46200
1.01000
1.05000
1.02100
1.00000
1.00000
1.02100
0.99700
1.15900
0.98300
1.06900
1.07700
0.94400
1.34100
1.11200
1.04100
1.00300
0.79900
0.88500
0.77900
1.06700
0.72000
0.73200
0.83100
0.94900
1.09400
0.90000
0.97000
0.97500
0.94900
1.01200
1.04300
0.80200
0.72100
0.90000
0.92600
0.82900
1.02900
1.12200
0.90000
0.70300
1.03200
0.93500
0.72300
0.90100
0.82900
0.98600
0.67500
0.85700
1.02200
1.07300
0.83400
1.26400
1.13900
0.82500
0.96600
1.14100
0.94000
0.87200
0.82400
0.82000
0.97100
0.91200
0.91000
0.85500
1.17700
1.02900
0.69700
1.02300
1.06500
0.86700
1.12700
0.98700
0.89600
0.97800
1.11400
1.20100
0.82100
0.81600
1.21600
1.07900
0.90300
0.96800
1.00100
1.23000
0.77600
0.89800
1.18600
0.91900
1.02800
1.02000
1.03500
1.18400
0.65500
0.61200
0.74900
0.55700
0.74700
0.74300
0.83800
1.15200
1.02100
1.14900
1.20400
0.81100
0.77500
0.93800
0.86800
0.99100
1.12900
1.20900
1.11900
1.08900
1.07200
1.26700
1.09000
1.09100
1.51000
1.25100
0.96700
1.47800
1.05000
1.29000
1.11800
1.03600
0.77500
1.08600
0.97300
1.06100
1.13200
1.09200
0.84500
1.16100
1.10300
1.03500
1.17500
0.94300
1.06600
0.98200
0.86700
1.12000
1.32000
1.01600
0.90600
1.08900
1.08700
0.97500
1.20400
1.03100
1.04100
1.08000
1.24200
1.12700
1.10000
1.01300
0.96400
0.98800
1.02900
0.93100
1.13000
1.02900
1.12800
1.09000
1.21300
0.93900
1.23200
1.09100
0.97900
0.90600
0.89100
0.94100
0.78300
0.97900
1.11700
1.20300
1.21900
1.23400
1.23500
1.15200
1.29700
1.65700
1.43000
1.05500
1.28400
1.13300
0.94500
1.02400
0.82000
0.58000
0.68900
0.99700
0.92800
0.72700
0.79100
0.85000
1.11700
1.04100
0.88900
1.16900
1.19500
1.15300
1.09000
1.01400
0.88300
0.87700
0.92300
1.14300
0.87100
0.89600
0.83800
0.84800
1.12400
1.08000
1.12600
1.11200
1.02100
0.88800
1.26800
0.88500
0.84700
1.04800
1.04700
1.07500
0.82700
0.77100
0.95400
0.87700
0.70500
0.75900
0.95700
0.81400
0.65800
0.79700
0.68100
0.56900
0.76300
0.83700
0.67600
0.73900
0.71800
0.86000
0.78200
0.83800
0.94500
0.97700
0.92200
0.89500
0.81300
0.66900
0.83600
0.67800
0.65400
0.73600
0.72900
0.77100
0.71100
0.75400
0.71500
1.06100
1.04300
0.81600
0.87600
1.12000
0.64700
0.44600
0.85700
0.79700
0.89000
0.69900
0.72100
1.05300
0.85300
0.68700
1.05400
1.23300
1.04600
1.08400
0.88800
1.08500
0.91500
0.92100
0.37700
0.77800
0.97000
0.82000
0.77100
0.66300
0.79800
0.98300
0.60700
0.74900
1.07900
1.03800
0.98600
0.39300
0.49000
0.64900
0.80800
0.95100
0.83600
0.97900
0.90600
0.71100
0.78500
0.65100
0.90800
0.84300
0.43100
0.78100
1.03000
0.86600
0.74300
0.88000
0.89600
1.10900
1.00200
1.07300
0.92800
1.09000
1.26900
1.28100
1.12900
0.88100
0.80600
1.12100
0.95800
0.87200
0.88900
0.76100
0.87200
0.91700
0.83500
0.69600
0.77000
0.81400
0.73300
0.53200
0.76600
0.86700
0.84100
0.74800
0.87300
0.88500
0.81700
0.66200
0.92300
0.81500
0.86200
0.72300
0.74900
1.00200
1.09400
0.90900
0.89700
0.58300
1.01200
1.00100
0.90600
0.96000
0.92000
0.97700
1.03100
0.65900
1.08000
1.14700
1.00000
0.93300
0.80100
0.69600
0.35500
0.77000
0.97200
1.13000
0.92300
0.85700
0.73600
0.98300
1.15400
0.90200
0.82200
0.96200
0.81000
0.88100
0.98300
0.77400
0.93900
1.02400
0.96800
0.73800
0.98300
0.92900
0.89500
1.25800
1.07400
0.85000
0.91400
0.83800
0.99500
1.03200
0.99000
1.03500
0.90900
0.92900
0.95200
0.92300
1.04900
1.07000
0.95800
1.18300
1.19700
1.01200
0.88600
0.90100
0.89500
0.91200
0.43100
0.76600
0.85500
0.85300
0.66200
0.69500
0.23300
0.89300
1.17200
0.70700
1.02100
0.63200
0.72200
0.90100
1.01600
0.79400
0.93000
1.00200
0.97800
0.89700
1.00500
0.77900
1.18600
0.95000
0.97400
1.14100
0.99100
0.57000
0.91700
0.98700
0.78200
0.79100
0.90900
0.87200
0.73400
1.10800
0.84900
0.76600
1.05100
0.81700
0.88700
0.75300
0.59600
0.81600
0.86800
0.94300
0.65300
0.62000
0.87800
0.79500
0.98200
0.84300
1.13200
0.99800
0.91400
0.44400
1.01700
1.19400
1.20500
0.94200
0.86700
0.87700
1.04000
1.20500
0.96500
0.95200
1.20500
0.98200
0.97900
0.98500
0.79500
0.99500
1.00400
1.13400
0.97300
1.14500
0.87800
0.70600
0.76300
0.92900
1.04600
0.84100
0.64000
0.87400
0.89900
0.94300
1.10900
0.99100
0.98000
0.99000
0.87000
0.68200
0.98500
1.16600
1.18800
1.02500
0.90700
0.80100
1.18600
0.90400
0.95300
0.92600
1.27300
0.65800
0.75800
1.01000
0.96600
0.87400
1.20900
0.77600
0.95100
1.05900
1.08100
1.18600
1.21900
1.52000
0.92400
0.88000
0.72900
0.61100
1.04800
1.24400
1.19200
1.14700
1.02300
1.31600
1.09600
0.99100
1.03400
0.87800
0.89000
0.91700
1.22800
1.15900
1.62700
1.64100
1.28300
1.06100
1.06900
0.95600
0.83500
1.12400
1.01900
0.91800
0.99500
0.96200
0.98700
1.10500
0.89500
1.19500
1.25400
1.39200
1.45200
1.23000
1.39700
1.22100
0.78400
1.03800
1.08700
1.08300
1.14800
1.03600
1.09000
1.41300
1.07900
1.05000
1.24200
1.27200
1.28400
1.03200
0.97900
0.89600
0.88500
0.94800
1.32000
1.11400
1.04700
1.20200
1.01700
1.22400
0.92400
1.21800
1.29400
1.16200
0.97700
1.32200
1.02300
0.95000
1.05400
1.01600
1.01300
1.03900
0.82800
1.06500
1.14200
1.25500
0.90900
1.05300
0.80700
0.96500
1.09700
1.28200
1.25400
1.30300
1.29200
1.18000
0.97900
1.22600
0.87700
1.08000
1.16900
1.33300
1.04400
1.32900
1.24700
1.25700
0.84000
0.87500
1.00900
1.19000
0.87000
0.95100
1.38400
1.26200
1.11700
0.99000
0.94800
1.17000
1.20600
1.27100
0.84500
0.86000
1.15300
1.03400
1.10100
0.95600
0.81200
0.79400
1.05900
0.95900
1.41300
1.33100
1.35400
1.28800
1.02800
0.92100
0.82900
1.11500
1.31900
1.10100
1.07300
1.19500
1.24000
0.99400
0.85300
0.97600
1.22700
0.97100
0.92000
1.19500
1.08300
0.75400
1.04500
1.19000
0.95200
1.23200
1.07500
0.96300
1.15900
1.09100
1.10700
1.13600
1.57200
1.27500
1.58400
1.32600
1.43800
1.37300
1.45800
1.46000
1.39700
1.48400
1.62500
1.41600
1.18900
1.44600
1.38900
1.45100
1.67900
1.18200
1.15100
1.11700
1.26300
1.21400
1.26300
1.33800
1.36100
1.09000
1.05300
1.54000
1.62300
1.42300
1.72800
1.40000
1.59300
1.45300
1.55300
1.49500
1.23200
1.32700
1.40300
1.57600
1.70300
1.73600
1.70000
1.64000
1.58300
1.49600
1.33600
1.45800
1.56700
1.25900
1.23200
1.15100
1.31300
1.22100
1.36100
0.93900
0.98500
1.26100
1.15700
1.13200
1.11800
1.07300
1.19700
1.06100
1.26100
1.36800
1.29400
1.40500
1.36600
1.22200
1.35100
1.50200
1.60400
1.39700
1.43000
1.62500
1.10600
1.28000
1.38100
1.58600
1.36900
1.83200
1.73300
1.68700
2.00200
1.44100
1.90500
1.43300
