  11.506
  11.022
  14.405
  14.442
  16.524
  17.918
  18.959
  18.309
  18.160
  16.691
  14.480
  17.862
  12.082
  10.558
  12.138
  14.442
  16.152
  17.714
  19.015
  19.164
  17.900
  16.933
  13.364
  11.468
  10.000
  10.985
  12.993
  14.480
  16.134
  17.862
  19.238
  19.089
  18.067
  15.576
  14.926
  12.398
  12.435
  12.416
  13.067
  15.093
  16.766
  18.680
  19.796
  19.424
  17.398
  16.877
  13.866
  12.658
  13.048
  11.301
  12.063
  14.164
  16.041
  18.067
  19.108
  18.736
  17.212
  16.394
  13.922
  11.691
  11.970
  11.970
  12.900
  14.888
  16.747
  17.955
  19.201
  18.903
  17.714
  16.097
  13.234
  12.435
  11.952
  11.970
  12.639
  15.204
  16.283
  18.699
  19.851
  18.959
  18.030
  15.316
  14.126
  12.323
  12.230
  12.230
  13.234
  14.647
  16.729
  18.494
  19.312
  19.164
  18.011
  16.338
  14.368
  12.751
  11.022
  12.658
  12.844
  15.037
  16.190
  18.253
  19.182
  18.513
  17.621
  16.506
  13.717
  11.840
  10.855
  11.636
  12.825
  15.019
  16.952
  17.937
  20.000
  19.535
  17.770
  16.283
  13.327
  10.818
  11.264
  12.026
  12.230
  14.126
  15.818
  18.420
  18.699
  18.903
  17.175
  16.041
  13.866
  12.844
  10.613
  12.082
  12.955
  15.000
  16.747
  18.792
  19.312
  18.680
  18.067
  15.632
  14.349
  12.732
  11.152
  10.372
  12.639
  14.981
  16.097
  17.602
  19.331
  18.978
  17.695
  15.539
  14.182
  10.781
  11.059
  11.152
  12.621
  14.981
  17.100
  18.160
  19.015
  19.331
  18.346
  16.115
  13.532
  12.398
