    592   1204   1864   2508   3160   3792   4419   5023   5626   6250
   6903   7564   8223   8900   9569  10226  10823  11304  11785  12252
  12724  13339  13940  14514  15102  15648  16212  16725  17217  17839
  18463  19094  19718  20342  20966  21563  22167  22802  23431  24044
  24562  25131  25676  26205  26718  27215  27767  28389  28974  29502
  30022  30542  31044  31556  32092  32636  33196  33772  34347  34915
  35502  36078  36643  37219  37804  38381  38974  39513  40044  40634
  41237  41853  42430  42977  43529  44081  44657  45277  45917  46517
  47100  47692  48241  48802  49399  49992  50601  51214  51855  52499
  53127  53763  54387  54979  55591  56219  56843  57491  58127  58767
  59264  59777  60298  60779  61348  61942  62521  63041  63576  64082
  64550  65074  65594  66168  66664  67204  67711  68272  68837  69414
  70012  70617  71211  71701  72214  72740  73283  73889  74509  75115
  75743  76351  76971  77585  78169  78745  79309  79918  80563  81184
  81761  82318  82855  83384  83921  84476  85028  85647  86275  86889
  87493  88097  88737  89361  90017  90668  91313  91938  92575  93156
  93669  94182  94695  95201  95679  96183  96783  97397  97989  98603
  99223  99839 100478 101095 101724 102333 102902 103516 104157 104784
 105411 106026 106626 107214 107806 108418 109048 109688 110321 110961
 111586 112211 112828 113437 114038 114663 115288 115604 116519 117121
 117688 118280 118916 119548 120130 120647 121210 121773 122350 122947
 123540 124102 124705 125255 125769 126325 126893 127501 128133 128769
 129402 129994 130491 130996 131565 132142 132719 133280 133863 134435
 134997 135587 136187 136812 137424 138024 138648 139272 139909 140534
 141171 141768 142329 142878 143423 144000 144585 145168 145738 146294
 146832 147364 147920 148520 149128 149744 150342 150902 151407 151895
 152396 152885 153390 153939 154520 155129 155742 156374 157006 157648
 158295 158951 159655 160339 161039 161723 162410 163050 163698 164366
 165031 165680 166321 166934 167559 168193 168882 169580 170277 170954
 171602 172220 172952 173500 174136 174764 175364 175956 176560 177197

 
