1.22800  
1.00100  
0.18200
0.97700
1.65900
1.77900
1.37600
0.65100
1.74800
1.47300
1.38900
1.11300
0.90900
0.89600
1.13500
1.10800
1.03600
1.59000
0.89100
0.71300
1.18000
0.95700
0.92900
1.26400
1.22100
0.81400
1.53100
0.84800
0.72700
0.95900
2.01900
1.59300
1.18000
0.70400
0.44300
0.36600
1.70300
1.58200
0.24300
1.38500
1.81100
1.45400
0.79600
0.07200
0.56200
1.05400
0.85000
0.34300
0.15300
0.23300
0.93600
0.42600
1.11700
0.78100
1.26600
1.28400
0.91500
0.39800
0.22000
0.56200
0.75900
0.71100
1.08800
1.09000
0.32100
1.11100
0.53800
0.29100
0.80000
0.91900
0.98100
0.57800
1.13000
0.33500
0.43100
0.83100
1.10300
0.09600
1.23400
0.82800
1.20100
1.69900
1.04900
1.14800
0.99900
1.39700
0.09800
0.76600
0.29200
0.86800
0.59500
1.30500
0.69200
1.12000
0.65000
1.31000
0.98200
0.57200
1.53200
1.23800
1.16600
0.53900
0.64900
1.18200
1.33500
1.78000
1.15800
1.32200
1.32500
0.41000
1.26400
1.07600
1.50900
0.59400
0.99700
0.95200
0.42100
2.30400
1.44900
2.00300
0.31200
1.28800
1.54800
1.71600
1.12600
1.13000
0.63000
1.51100
1.19700
0.86600
1.34400
1.28800
1.25100
1.17600
0.64100
1.25200
1.18100
1.18100
1.40400
0.10100
0.81900
1.03200
0.64600
1.89300
1.94700
0.79600
1.53300
1.00400
0.05800
1.75000
1.60600
1.53700
1.15400
0.59200
0.70700
1.34100
1.08200
0.63300
1.40100
1.15200
0.90500
0.54900
1.45800
0.63200
0.52700
1.43500
1.02000
0.44500
1.02800
0.93900
0.67300
0.80000
0.63500
1.24500
0.26400
0.38700
0.35200
1.20200
0.86300
1.14200
1.20400
0.92700
0.03400
1.01600
1.18700
1.06900
0.89900
1.10500
0.37700
0.74000
1.50300
1.19900
1.09800
1.19200
1.58000
0.88800
0.65800
0.28500
0.85600
0.30500
0.62500
1.00700
0.42100
0.46200
0.88900
1.18200
1.40000
0.68600
1.87200
1.30500
0.26900
2.50100
1.03900
2.46500
1.92600
0.65300
0.65600
1.27600
0.65800
0.30200
0.70100
1.64600
1.22200
0.61900
2.25700
2.36600
1.95000
0.63500
1.53100
2.23000
2.31200
0.57200
0.59500
2.09500
1.07200
1.16100
0.89300
0.85100
0.07100
1.51600
1.28600
1.70000
1.49600
0.69000
1.75600
0.98800
0.95200
0.39000
1.33300
1.40700
1.27600
0.79400
1.24900
0.98000
0.39600
0.29400
0.80800
0.43500
0.85600
1.30300
0.97600
0.06300
1.10900
1.11700
0.48600
0.62500
0.84700
0.20200
1.19400
1.64600
1.40800
1.35900
0.57900
0.38300
0.63500
0.75900
0.89200
0.62000
0.63800
1.05900
0.84800
0.97800
0.13700
1.04500
0.64400
0.68100
0.94100
0.59700
1.10000
0.94600
1.37800
0.97300
0.84300
0.38000
1.23400
0.74800
0.80800
1.08300
0.97900
1.25500
1.17800
0.91800
0.72000
0.82600
1.67300
1.24100
1.37300
1.25900
1.55200
0.80300
0.43000
0.37400
0.50600
0.39300
1.42700
1.47800
0.31700
1.08400
0.86200
1.14300
1.09300
0.72500
0.74600
1.21700
1.16500
1.56000
1.41200
1.07400
0.58500
1.11600
0.95400
0.16000
1.25500
1.26300
1.36900
0.55200
1.24700
0.88800
1.32200
1.08200
0.91100
1.49600
0.65900
1.87200
1.72100
2.14600
1.28000
0.64400
1.66500
1.09200
1.38100
1.26400
1.47200
1.14600
1.31100
0.94000
1.11700
0.53300
0.88800
1.06600
0.89200
0.77600
0.75100
0.70200
0.92300
1.13700
1.26800
0.95600
0.51900
1.00500
1.11000
0.77400
1.24900
1.56100
0.90700
1.36500
1.16100
1.08400
0.40700
0.62200
0.66200
0.69900
0.63300
0.43000
0.88100
0.70100
0.96300
1.62700
1.14700
1.65300
1.33100
1.36900
0.90700
1.37500
1.06800
0.93800
1.29600
0.76500
0.95500
1.28700
0.85200
1.10800
0.67000
0.77200
0.73400
0.58100
1.47600
1.37500
0.87400
1.17000
1.03700
0.87400
0.64600
0.66000
1.33900
1.46200
0.73600
1.03300
0.52100
0.74200
0.37400
0.39400
1.44800
0.66800
0.92400
1.35700
1.93400
1.32200
1.11400
1.15100
1.02900
0.75800
0.21900
1.31300
0.88800
0.09500
0.97800
1.07000
1.05700
1.33500
0.77100
1.29600
1.60100
0.51100
0.58200
1.18600
0.94900
1.22700
0.88500
0.76400
0.86500
0.53300
0.76400
0.36900
1.19500
1.14600
1.35700
0.52200
0.71400
1.07300
1.75400
1.29500
1.57200
1.65800
0.81800
0.81200
0.92700
1.67300
0.62400
1.20000
1.20900
1.35600
0.94900
0.98000
0.33700
0.63200
1.60900
1.36100
0.66500
0.66400
1.35700
0.99300
0.52900
0.11400
0.77200
0.86200
0.99200
0.87300
1.10300
1.01400
1.48000
1.13400
0.92900
0.75100
0.67300
0.96800
0.33600
0.19200
0.43500
1.11000
1.22600
0.47600
1.79000
0.52900
1.28700
1.35000
1.48200
1.56100
1.16600
1.50100
0.62800
1.39100
1.16700
1.06700
1.39500
1.10700
0.96900
0.90500
0.84300
0.60700
1.46400
0.63300
0.56200
0.66100
1.40300
0.77500
1.11000
1.57100
1.31600
0.53200
1.28900
0.69000
0.47300
1.10600
0.92400
0.26800
1.67400
1.76500
1.52800
0.94300
1.52300
1.41200
0.61200
0.81800
1.80600
1.69700
1.28900
1.18300
0.61000
0.67100
0.94100
1.01800
0.43300
1.11500
0.62900
0.24000
0.57000
0.82200
0.49700
1.56500
0.70600
0.98200
0.70500
0.26300
1.48800
0.94500
0.57400
0.86600
1.22100
1.14200
0.47400
1.06700
1.26400
0.78100
1.06200
1.20800
1.01400
0.97100
1.13600
0.96000
1.03000
0.98100
0.25500
0.75000
0.97700
1.02700
1.42400
1.55400
1.00400
0.33300
1.25700
0.89300
1.15300
1.03000
0.42600
1.05100
1.35500
1.16900
0.35800
1.15800
1.19300
0.33500
0.74500
1.52000
1.73100
1.79300
0.64200
1.51500
0.81200
0.47200
1.06600
0.56400
1.07800
1.16400
1.16300
1.15600
1.63000
0.66200
1.14600
1.53600
0.67500
0.98500
0.87900
0.59000
0.14600
0.68600
0.59300
0.68300
1.13200
0.98800
1.82100
1.10100
0.23400
1.43900
0.94700
1.09200
0.79200
1.43300
0.61700
0.53000
0.55500
0.92400
0.83800
1.16900
0.72600
0.86500
1.02900
1.18400
1.64500
1.55500
1.41100
1.21300
1.14100
1.32500
0.67800
0.97700
0.99100
1.13000
0.61900
0.50000
0.63900
0.80900
0.55000
0.59000
1.30300
0.95000
1.10200
0.63800
0.51900
0.98900
1.07900
1.39200
1.47700
0.66300
1.07700
1.08600
1.45500
1.15700
1.04900
0.46700
0.70000
0.46800
0.95100
0.83300
1.28500
1.16300
0.60100
1.15300
0.77300
0.98600
0.83800
0.63700
1.27700
1.52600
1.60200
0.98200
0.45400
0.32700
0.50700
1.10900
1.15200
1.43400
1.47700
0.10000
1.67800
1.46200
1.52800
1.38300
1.20700
1.39000
0.97100
1.19800
1.38900
1.30400
1.58200
1.42700
0.97000
0.94600
1.08400
1.16300
1.02300
1.40700
1.21600
1.18700
0.99300
0.63000
1.12600
1.19600
1.70700
1.49900
1.25300
0.96500
0.22900
1.21200
0.86300
0.98700
0.38400
0.42200
1.16500
0.96800
0.69600
0.92500
0.69700
0.83900
0.38200
0.99200
0.39700
0.65300
0.67200
0.68800
0.92000
0.69400
0.95100
1.11500
0.93700
0.75100
1.32500
1.02400
0.86200
0.84300
1.15700
0.73300
0.81500
0.74200
1.18500
1.52000
1.04600
0.67600
1.05300
1.61400
1.32600
1.36300
0.75800
0.84900
0.56100
0.83800
1.01900
0.87400
0.65900
1.16000
1.44100
1.22900
1.20000
0.74900
1.23400
0.71900
0.91200
1.09900
1.45500
1.00500
0.89300
0.75200
0.72400
0.97500
1.42400
1.10000
1.16000
1.65800
0.81200
0.74100
1.05900
0.68800
1.07200
1.07200
1.24800
1.29700
0.90400
1.66300
1.38200
1.69600
1.61600
1.02500
1.09700
0.95400
1.15200
0.92200
1.27500
1.69200
1.13000
1.61000
0.76100
0.20500
0.84900
0.94000
1.48300
0.89100
1.36600
0.53900
1.52600
0.45300
1.41000
0.84400
0.31100
0.41100
0.13300
0.76600
0.30200
0.09800
0.46700
0.44500
0.48500
0.86600
0.41800
0.94700
0.99600
1.33100
1.35700
1.02400
0.98900
1.09500
0.60000
1.18200
0.80200
0.92700
1.12700
1.17700
1.43600
1.43800
0.32100
1.48800
1.02400
0.89300
0.43100
0.99300
0.71100
0.76700
1.24400
0.75100
1.56300
1.22500
1.35300
0.47100
1.23500
1.25100
1.10100
0.90800
0.59200
1.23500
0.78000
0.77400
0.75000
1.89800
1.06800
1.39600
1.33100
1.40900
