0.65700  
0.87700  
1.23400
1.13200
1.19800
1.10400
0.97300
1.04000
0.92500
0.96500
0.89200
1.00300
1.07100
0.89900
0.79600
0.52000
1.08700
0.76500
0.93900
0.97800
0.95600
0.77400
1.05800
1.13700
1.44600
0.89500
0.71100
0.74800
0.36300
0.69400
0.74200
0.29200
0.60400
0.80800
1.14700
1.36600
1.35700
1.44500
1.55000
0.75800
0.78100
1.13300
1.09400
1.36700
0.99500
0.94400
1.20500
1.44800
1.09400
1.15800
1.13300
1.09400
1.12600
0.81500
0.90100
1.16800
1.48800
0.87300
0.91200
0.95600
0.89000
0.94400
0.67300
1.22000
0.68100
0.89300
0.87300
1.09400
0.91900
0.95500
0.85500
0.79400
1.09400
1.41100
1.22100
0.99400
1.20200
1.10000
1.07100
0.57100
0.95400
1.06800
1.11600
0.95100
1.10300
1.36800
1.29000
1.22300
1.00500
1.17300
0.98200
0.99000
0.47500
0.69000
0.82500
1.23200
1.27000
1.31200
1.16900
0.38000
1.13000
1.10300
0.93600
1.06400
1.23400
1.33100
0.93500
1.47100
0.90600
1.49000
1.24400
1.42100
1.11000
0.92000
1.13800
1.27600
1.37600
0.57400
0.73300
0.63600
1.32100
1.24400
0.91700
1.64600
1.33900
0.70700
0.90200
1.05100
1.11200
0.61800
0.73900
0.18600
1.24300
1.38100
1.27800
1.16900
0.89800
0.99600
0.75900
1.00400
0.98500
1.16100
1.00500
0.67400
0.53200
1.02800
0.70200
1.05600
1.04800
1.25700
1.03700
0.62000
1.03900
1.29300
0.68100
0.98800
0.42400
0.78200
0.68200
0.57300
1.19200
0.80400
1.02200
0.69000
0.68300
1.21400
1.04900
1.07400
1.11900
1.34200
1.37600
1.61600
1.14000
1.51500
1.16800
1.24800
1.04600
1.44000
1.14700
0.83600
1.81000
1.39100
1.24200
1.61600
1.59400
1.08900
1.56300
1.29100
1.36100
1.07600
1.16200
0.04000
0.18200
0.56500
0.27700
0.33500
0.42100
0.43800
0.57300
0.92700
0.97600
1.05400
0.76800
1.11200
0.79900
0.58600
1.03900
0.56600
0.74600
0.90400
0.58800
0.74200
1.31900
0.94200
1.05800
1.17400
0.51600
0.44100
0.67200
0.73900
0.55400
1.03300
1.06300
0.87700
0.97900
1.04600
1.08600
0.68900
0.69400
1.00400
1.01300
1.05100
1.09300
0.97700
0.42100
1.03100
1.53300
1.57000
1.00800
1.01800
0.73200
0.71700
1.16600
0.75000
1.14900
1.57800
1.44300
1.04700
1.62100
1.49000
1.38100
1.10500
1.13100
1.02700
1.06700
0.85000
0.75100
1.02300
0.86900
1.17700
1.41100
1.04400
1.19400
0.74800
0.92800
1.23800
1.08900
1.14100
0.86000
1.04000
0.95700
0.91200
1.05500
0.84700
0.95000
1.07200
0.88400
0.72400
0.72700
1.21300
0.84700
0.82900
0.67800
1.19800
0.86900
1.09200
0.86700
0.70900
1.09200
0.95600
1.18500
1.28900
0.82400
0.73600
0.97300
0.91700
0.61700
0.82400
1.18600
0.84600
1.10900
1.06500
1.60000
0.82500
1.32300
1.02500
0.79300
0.91800
1.19000
0.97900
1.13600
1.06600
0.71200
1.25900
1.09700
1.14500
0.70500
1.09500
0.89600
0.95900
1.01800
0.81100
1.22000
1.18900
1.33600
1.11500
0.97500
0.93800
1.15600
1.10900
0.64500
0.87300
0.75000
0.66700
1.45300
1.05600
1.00800
0.96700
0.93000
0.83900
0.84700
0.70200
0.51700
0.80500
0.94800
0.86400
0.76700
1.02500
0.60200
1.00200
1.20000
0.90300
1.29500
1.12300
1.22500
1.07400
1.02400
0.84600
0.55900
1.14800
1.38500
1.14500
0.51300
1.26300
0.74400
1.24300
1.15500
1.16600
1.15800
1.11400
1.12600
0.87600
0.99400
0.89800
1.05400
0.98100
1.32300
1.13800
1.16800
0.82600
1.14800
0.89600
1.05100
1.39100
1.67300
1.26800
1.06700
1.00800
1.05100
0.81800
1.09000
0.88700
0.64000
1.27200
0.78800
0.85100
1.11200
1.03300
0.93900
1.28600
0.91200
1.24700
0.90300
0.94400
1.12300
1.12800
0.96800
0.90600
0.83500
0.69800
0.78100
0.98000
1.18100
1.30900
1.30500
1.21200
0.68000
0.63300
0.76500
1.08000
1.31300
0.81900
1.06400
0.65200
1.35800
1.10800
1.16200
0.89200
1.08100
0.99000
0.43600
0.93800
0.58700
1.03000
1.00700
0.92300
0.82500
0.97000
0.86200
0.77400
1.41500
1.31100
1.31000
1.32800
1.24800
1.05200
1.07400
1.16100
0.72700
1.00900
1.05100
0.97300
1.09600
1.05200
0.74200
1.01300
0.98900
0.95000
0.57100
0.78800
0.75100
1.02100
1.14600
1.21600
1.13200
0.81100
0.99800
0.52200
1.07400
1.18400
0.94800
0.80800
0.85600
0.83800
1.12600
1.03000
0.80900
1.12600
1.12400
1.36500
1.40300
0.99500
