76378
71947
33873
96428
105084
95741
110647
100331
94133
103055
90595
101457
76889
81291
91643
96228
102736
100264
103491
97027
95240
91680
101259
109564
76892
85773
95210
93771
98202
97906
100306
94089
102680
77919
93561
117062
81225
88357
106175
91922
104114
109959
97880
105386
96479
97580
109490
110191
90974
98981
107188
94177
115097
113696
114532
120110
93607
110925
103312
120184
103069
103351
111331
106161
111590
99447
101987
85333
86970
100561
89543
89265
82719
79498
74846
73819
77029
78446
86978
75878
69571
75722
64182
77357
63292
59380
78332
72381
55971
69750
85472
70133
79125
85805
81778
86852
69069
79556
88174
66698
72258
73445
76131
86082
75443
73969
78139
78646
66269
73776
80034
70694
81823
75640
75540
82229
75345
77034
78589
79769
75982
78074
77588
84100
97966
89051
93503
84747
74531
91900
81635
89797
81022
78265
77271
85043
95418
79568
103283
95770
91297
101244
114525
101139
93866
95171
100183
103926
102643
108387
97077
90901
90336
88732
83759
99267
73292
78943
94399
92937
90130
91055
106062
103560
104075
101783
93791
102313
82413
83534
109011
96499
102430
103002
91815
99067
110067
101599
97646
104930
88905
89936
106723
84307
114896
106749
87892
100506
