 5518 
 6627 
 6544 
 6190 
 6948
 5095
 6346
 5980
 5001
 6023
 6984
 6538
 7022
 7148
 6530
 6472
 6988
 5328
 5021
 5480
 6459
 6550
 7495
 6948
 6163
 8220
 7385
 8082
 7476
 7510
 7545
 6706
 8297
 8483
 9211
 8924
10141
 9949
 8868
 8833
 8518
 9438
 9663
 8645
 9291
10546
 9677
 9879
11342
11525
 9874
10039
10188
12930
11187
10965
13165
11094
10274
12847
12369
13734
13941
12808
12141
11709
11438
 9760
14359
13220
13964
16916
12362
12988
17257
14885
13984
13598
10401
13719
16748
16465
17181
19196
16147
18462
17913
14745
17779
16056
16981
18761
18124
19592
20374
19733
14432
15734
21232
21716
20289
21727
23121
22323
18790
20496
25648
24323
26960
26398
27107
26295
20110
21439
26292
25754
24158
19959
27298
31306
31970
27334
29583
25169
22814
22215
14823
20273
21476
22119
20983
23069
21038
23621
24089
24656
24753
26615
24299
25976
29267
26996
28240
29641
29264
31284
35138
29645
30469
23524
27428
31671
31968
27813
33491
33476
32424
36741
31266
28531
34762
27650
33541
33312
34698
32966
34711
30944
33751
38438
34784
32830
32556
31707
36391
31517
38888
40961
38816
38197
43318
44671
39142
36026
44223
41873
41012
46020
45887
44063
44907
39657
47703
49489
50546
42593
41385
44740
48396
47230
55972
55125
52674
58947
52611
46712
60832
49686
45193
44786
49425
40704
47744
49783
45214
56927
49367
49248
39392
56436
51659
43676
44321
44296
50910
50362
37810
46677
50286
53305
49555
54227
51064
49780
43323
52181
49761
51081
56394
50318
53582
57966
58343
56070
55641
53406
46060
53234
55602
57162
70044
52431
56810
56748
60517
61646
49306
53612
50344
48732
54436
60599
51672
57960
53199
59513
57314
62702
56547
55088
43807
53345
50421
52397
54264
51994
61554
61929
60622
57385
58180
59325
49786
58986
63532
61028
59747
63580
64809
63665
62569
66130
62309
56369
52409
49214
45393
55901
55290
58713
