 18689   
 18233
 17327   
 19545   
 20700
 18788
 16960
 20993
 21768
 23068
 22548
 26618
 28958
 26789
 27599
 30102
 32741
 33157
 35317
 34215
 40044
 36658
 35557
 44100
 42607
 42467
 40868
 52842
 52522
 48580
 53866
 59699
 51398
 63732
 64234
 70467
 80465
 67844
 76204
 78563
 88887
 70198
 56572
 66171
 68748
 76024
 79542
 84877
 95686
 83638
 91067
 94780
100431
 90943
101551
 98621
106973
 97093
106796
117974
127131
122122
132919
128627
147738
128718
151598
166746
160155
139665
137873
151924
138007
151771
139527
134849
153146
155071
145265
157793
169891
165117
154896
179637
174075
164564
153512
170231
170026
174337
147573
158655
184105
174890
172304
184355
191043
184808
147016
169904
