 91700 
 82800 
 82300 
 87400
 88000
 88735
 87587
 89677
 82975
 72590
 76977
 73146
 71924
 80868
 88288
 85569
 76252
 88951
 88923
 94461
 89092
 72013
 73888
 71851
 77556
 83336
 83776
 75891
 85167
 84050
 72558
 88615
 74504
 70673
 67103
 80385
 74428
 84274
 85745
 78873
 88320
 82446
 83859
 94645
 89546
 78782
 79043
 84102
 89882
 79673
 72937
 79100
 86400
 84800
 92700
 92100
 89500
 83200
 72100
 78100
 88900
 79300
 85900
 87500
 94800
 94800
 95700
 95200
 89900
 83935
 82207
 95372
105134
100327
 86078
101000
105400
113700
103600
109400
102000
 95000
 96000
 99000
113000
 99000
100000
104000
116000
110000
