0.13000  
0.05900  
0.04300  
0.08400  
0.07500
0.07600
0.09100
0.10200
0.09700
0.09500
0.10700
0.06900
0.09400
0.07700
0.07400
0.08600
0.10800
0.12000
0.14000
0.10700
0.14300
0.11800
0.10500
0.12300
0.14000
0.15900
0.14200
0.12200
0.07900
0.09100
0.11900
0.09800
0.06500
0.08100
0.11600
0.10200
0.09500
0.09800
0.07400
0.10400
0.09900
0.12000
0.12900
0.09700
0.11500
0.11100
0.07600
0.05200
0.05200
0.07300
0.09400
0.08500
0.08300
0.08000
0.08200
0.09000
0.13000
0.11800
0.12300
0.09100
0.10600
0.12900
0.10000
0.11700
0.12000
0.12700
0.12300
0.11900
0.09600
0.07200
0.06800
0.10100
0.12800
0.11200
0.10200
0.09700
0.09300
0.09200
0.10100
0.09900
0.10600
0.09400
0.10700
0.10500
0.10700
0.08900
0.07300
0.06900
0.09400
0.10500
0.09900
0.11500
0.10000
0.09800
0.11600
0.09500
0.09200
0.11400
0.08900
0.07700
0.07100
0.08400
0.11200
0.11800
0.11800
0.11400
0.10100
0.07700
0.11600
0.09300
0.08900
0.09200
0.08900
0.08800
0.10900
0.11800
0.12300
0.13100
0.11100
0.11000
0.11100
0.10400
0.12800
0.10400
0.09400
0.10200
0.11600
0.11900
0.11000
0.10400
0.09300
0.09500
0.09400
0.06900
0.07500
0.07700
0.09200
0.08900
0.09200
0.10200
0.10900
0.10200
0.09700
0.07300
0.07300
0.10200
0.09500
0.10200
0.08700
0.11200
0.10200
0.10800
0.10800
0.12700
0.11900
0.11400
0.10600
0.12300
0.10200
0.11500
0.08600
0.10200
0.10200
0.11200
0.12300
0.10300
0.11400
0.10000
0.09900
0.07800
0.07200
0.07500
0.09600
0.07100
0.08000
0.09400
0.09800
0.10100
0.10300
0.09000
0.10300
0.09900
0.10200
0.11300
0.10300
0.10000
0.09700
0.11000
0.09100
0.08600
0.10100
0.11000
0.10500
0.09100
0.12300
0.11600
0.09500
0.07600
0.09400
0.10900
0.10900
0.09200
0.12600
0.12500
0.11800
0.11400
0.09100
0.10600
0.12400
0.10700
0.10500
0.09800
0.08600
0.06900
0.09300
0.09600
0.09800
0.10000
0.11800
0.11300
0.09700
0.09100
0.08400
0.12200
0.11100
0.09800
0.07900
0.08200
0.08100
0.09400
0.08500
0.09000
0.08700
0.10500
0.10400
0.10300
0.08800
0.09000
0.09700
0.08700
0.09300
0.11600
0.10700
0.11400
0.10300
0.09100
0.10700
0.10600
0.10200
0.10600
0.10900
0.10800
0.11200
0.11900
0.11900
0.08900
0.09300
0.10800
0.10400
0.11400
0.10600
0.09600
0.09300
0.09800
0.10100
0.07300
0.10300
0.08100
0.11500
0.09600
0.12400
0.10100
0.11300
0.09800
0.09200
0.11100
0.09300
0.11100
0.09700
0.11100
0.09600
0.09100
0.08500
0.09700
0.10100
0.10900
0.10800
0.10800
0.09900
0.11100
0.10000
0.07500
0.08100
0.08000
0.08000
0.09000
0.09000
0.09100
0.10400
0.09600
0.11500
0.10200
0.10200
0.10400
0.10600
0.10400
0.12400
0.12400
0.09400
0.08700
0.07600
0.08400
0.08300
0.09100
0.09300
0.09100
0.10700
0.11800
0.09400
0.10200
0.12300
0.13300
0.12500
0.12100
0.10100
0.11100
0.09600
0.08600
0.07200
0.09200
0.09500
0.09900
0.09100
0.09500
0.09500
0.09700
0.08800
0.08000
0.09400
0.10700
0.11700
0.11300
0.11100
0.10300
0.07900
0.10800
0.09600
0.10400
0.09400
0.10000
0.11000
0.12400
0.08900
0.09300
0.09100
0.09700
0.10300
0.09900
0.09500
0.11700
0.11500
0.10900
0.09600
0.10000
0.10600
0.08800
0.12100
0.11100
0.10800
0.11000
0.11600
0.11100
0.09100
0.09000
0.09800
0.10000
0.07800
0.08700
0.08500
0.08500
0.08900
0.09500
0.10600
0.09100
0.11500
0.09100
0.10300
0.11600
0.11200
0.11400
0.09700
0.11200
0.09400
0.11900
0.08900
0.09400
0.10000
0.08600
0.09400
0.08200
0.08100
0.08700
0.09400
0.10500
0.10000
0.09900
0.10300
0.10300
0.09300
0.09800
0.11400
0.10200
0.11900
0.10300
0.11600
0.10400
0.09900
0.11100
0.10800
0.10100
0.09800
0.08100
0.11400
0.08900
0.07200
0.08700
0.10400
0.09300
0.10600
0.10100
0.09100
0.11900
0.11100
0.10900
0.10300
0.11100
0.10900
0.11600
0.10700
0.10100
0.12000
0.10800
0.07800
0.06700
0.09600
0.08100
0.09100
0.10800
0.07900
0.11000
0.10600
0.11600
0.10600
0.11400
0.11800
0.12200
0.09800
0.08600
0.09200
0.09900
0.11200
0.11200
0.10300
0.09200
0.08800
0.08400
0.09600
0.07600
0.09800
0.08600
0.08200
0.09300
0.10000
0.09800
0.09300
0.08400
0.11200
0.08600
0.11100
0.10700
0.10800
0.09700
0.11400
0.09800
0.11200
0.10500
0.10500
0.09200
0.11800
0.11700
0.11300
0.11800
0.11200
0.11700
0.11000
0.08900
0.07700
0.09000
0.09000
0.10200
0.08900
0.09200
0.08700
0.08800
0.07800
0.09100
0.09000
0.08100
0.07900
0.10600
0.10300
0.12000
0.10700
0.11800
0.11100
0.10200
0.10300
0.09400
0.10300
0.11100
0.11800
0.11000
0.11000
0.09100
0.08200
0.10800
0.09800
0.07900
0.09400
0.09100
0.11300
0.11500
0.12300
0.10600
0.09000
0.09900
0.11000
0.09200
0.09500
0.09100
0.10200
0.10900
0.08800
0.10500
0.08000
0.08100
0.09700
0.10400
0.12200
0.12700
0.10800
0.10500
0.10300
0.10200
0.08800
0.09000
0.09200
0.11900
0.08000
0.09500
0.09200
0.10300
0.10500
0.09300
0.11100
0.10900
0.12000
0.12000
0.09300
0.10000
0.10300
0.09700
0.08000
0.09200
0.10200
0.08200
0.08800
0.08600
0.10100
0.09600
0.09600
0.10700
0.10900
0.10100
0.10900
0.09700
0.10700
0.10300
0.08200
0.09700
0.09800
0.11200
0.10900
0.10000
0.10200
0.09700
0.10600
0.09300
0.11500
0.11300
0.10000
0.10300
0.10500
0.09100
0.09800
0.08800
0.09800
0.07500
0.09300
0.08900
0.09900
0.11600
0.10900
0.11400
0.10200
0.10100
0.10600
0.10900
0.11200
0.09600
0.08700
0.09800
0.08800
0.09900
0.11500
0.09600
0.09400
0.10700
0.08300
0.11700
0.08600
0.12300
0.09600
0.10000
0.10100
0.10500
0.10500
0.09600
0.09100
0.10600
0.07900
0.07200
0.08500
0.08500
0.09100
0.08500
0.09800
0.09800
0.11000
0.09200
0.12100
0.10200
0.10500
0.09300
0.11500
0.10200
0.07200
0.10600
0.09400
0.13300
0.13900
0.10800
0.11700
0.10000
0.12200
0.09600
0.09200
0.10300
0.10900
0.12000
0.09000
0.07900
0.07300
0.08200
0.06500
0.07600
0.08200
0.10200
0.09900
0.11000
0.10300
0.09000
0.10000
0.10000
0.10500
0.10200
0.13500
0.12100
0.11500
0.09700
0.10000
0.11600
0.10700
0.09700
0.07700
0.08800
0.10200
0.09500
0.11000
0.10300
0.09000
0.08500
0.09900
0.07700
0.07900
0.10200
0.10900
0.11000
0.12000
0.10200
0.11000
0.11100
0.10700
0.09000
0.10900
0.09100
0.10200
0.10200
0.07700
0.09600
0.09200
0.09500
0.08900
0.08700
0.09600
0.10500
0.12200
0.11400
0.10300
0.10900
0.08100
0.10500
0.09400
0.10700
0.10600
0.10700
0.10500
0.10500
0.11400
0.11100
0.12100
0.09000
0.10600
0.11600
0.09500
0.06700
0.07300
0.08500
0.09300
0.11400
0.09000
0.08800
0.10300
0.10000
0.10300
0.09100
0.10500
0.11000
0.10600
0.10900
0.12100
0.10100
0.09600
0.09900
0.10800
0.11500
0.09000
0.11800
0.08000
0.08300
0.09600
0.10600
0.08000
0.08300
0.08200
0.07500
0.10500
0.11400
0.09800
0.10400
0.11100
0.12700
0.12200
0.12100
0.10600
0.09600
0.09200
0.11700
0.10400
0.10200
0.11100
0.10700
0.07800
0.08300
0.06700
0.09500
0.10000
0.10900
0.08600
0.09300
0.11900
0.11100
0.12700
0.12800
0.06500
0.12600
0.11600
0.09800
0.09000
0.08000
0.06600
0.08300
0.08000
0.07900
0.08400
0.08300
0.10800
0.09700
0.09300
0.09700
0.10000
0.11400
0.09800
0.08600
0.12800
0.10800
0.10000
0.11500
0.10400
0.10700
0.09700
0.10000
0.13300
0.12000
0.11700
0.13400
0.10700
0.11000
0.11400
0.09200
0.09500
0.10400
0.05900
0.06600
0.08000
0.08400
0.10800
0.09300
0.09000
0.09200
0.10700
0.08600
0.08000
0.11200
0.11500
0.11000
0.10000
0.11100
0.09300
0.11800
0.09700
0.09000
0.07700
0.09300
0.09700
0.13000
0.12200
0.09000
0.08600
0.10000
0.08700
0.11300
0.09000
0.09400
0.09300
0.10000
0.10000
0.10800
0.08900
0.10000
0.10500
0.11500
0.11200
0.11400
0.11500
0.08200
0.10300
0.09800
0.10600
0.09600
0.09100
0.07600
0.08800
0.09400
0.10900
0.11100
0.11200
0.09100
0.10700
0.10600
0.10300
0.09900
0.08400
0.08800
0.08400
0.08700
0.10500
0.10600
0.09900
0.10900
0.11100
0.10600
0.11300
0.08800
0.10700
0.10200
0.09200
0.10800
0.09800
0.09300
0.09700
0.09800
0.09900
0.10100
0.10100
0.09800
0.10000
0.09100
0.11100
0.09800
0.11200
0.11500
0.09100
0.09200
0.08600
0.11500
0.11900
0.10000
0.10700
0.09900
0.10900
0.10200
0.10000
0.09800
0.08700
0.08200
0.08200
0.07300
0.08500
0.11700
0.11700
0.09800
0.10700
0.11400
0.10900
0.10400
0.08300
0.10200
0.09300
0.09500
0.09900
0.11300
0.11900
0.11000
0.10800
0.09200
0.10300
0.09900
0.09600
0.09200
0.09100
0.09400
0.10200
0.07600
0.10100
0.11500
0.10500
0.09400
0.09700
0.09200
0.08500
0.09500
0.10000
0.10200
0.12400
0.10300
0.10200
0.09900
0.12100
0.10100
