11664   
12859   
12002
12485
12316
13269
11993
12325
12243
13324
12485
13132
13100
14272
13210
13743
13966
15284
13957
14591
14632
16004
14577
15265
15197
16419
14955
15744
15785
17203
15785
16551
16601
18228
16843
17421
17558
19226
17731
18652
18857
20575
18828
19677
19807
21535
19515
20327
20778
22209
20351
21173
21454
23412
21697
22662
22889
24781
22766
23649
23588
24884
23277
24488
24714
25760
23892
25018
25279
26819
24256
25447
25631
26971
24714
26415
26743
27880
25837
26916
27135
28649
26618
27530
28095
29975
27444
28845
29494
31216
28511
29925
29896
31893
29137
29757
30542
32554
29937
30821
31267
33649
31120
32232
32947
35320
31561
33008
33490
35264
32002
33116
34431
36676
33678
34501
35338
37786
34925
36258
37320
39482
36410
37428
38001
39939
36548
