 3.733
      3.667
      3.767
      3.833
      4.667
      5.867
      6.700
      6.967
      6.400
      5.567
      4.633
      4.233
      3.500
      3.100
      3.167
      3.367
      3.067
      2.967
      3.233
      2.833
      2.700
      2.567
      2.733
      3.700
      5.267
      5.800
      5.967
      5.333
      4.733
      4.400
      4.100
      4.233
      4.033
      4.200
      4.133
      4.133
      3.933
      4.100
      4.233
      4.933
      6.300
      7.367
      7.333
      6.367
      5.833
      5.100
      5.267
      5.600
      5.133
      5.233
      5.533
      6.267
      6.800
      7.000
      6.767
      6.200
      5.633
      5.533
      5.567
      5.533
      5.767
      5.733
      5.500
      5.567
      5.467
      5.200
      5.000
      4.967
      4.900
      4.667
      4.367
      4.100
      3.867
      3.833
      3.767
      3.700
      3.833
      3.833
      3.800
      3.900
      3.733
      3.567
      3.533
      3.400
      3.400
      3.433
      3.567
      3.567
      4.167
      4.767
      5.167
      5.833
      5.933
      5.900
      6.033
      5.933
      5.767
      5.700
      5.567
      5.367
      4.933
      4.933
      4.800
      4.767
      5.133
      5.200
      5.633
      6.600
      8.267
      8.867
      8.467
      8.300
      7.733
      7.567
      7.733
      7.767
      7.500
      7.133
      6.900
      6.667
      6.333
      6.000
      6.033
      5.900
      5.867
      5.700
      5.867
      5.967
      6.300
      7.333
      7.667
      7.400
      7.433
      7.400
      7.400
      8.233
      8.833
      9.433
      9.900
     10.667
     10.367
     10.133
      9.367
      8.533
      7.867
      7.433
      7.433
      7.300
      7.233
      7.300
      7.200
      7.033
      7.033
      7.167
      6.967
      6.833
      6.600
      6.267
      6.000
      5.833
      5.700
      5.467
      5.500
      5.300
      5.233
      5.267
      5.267
      5.300
      5.300
      5.333
      5.600
      5.900
      6.500
      6.833