    0 
    0 
   78 
   22 
    2 
    0 
    0 
    0 
    0 
   10 
    0 
  108 
  328 
   10 
    0 
    6 
    0 
   28 
    0 
    0 
    0 
    0 
    0 
    0 
   32 
    0 
    2 
    0 
    2 
    0 
    0 
    0 
  118 
    0 
    0 
    0 
   12 
    0 
    0 
   46 
    4 
    0 
    0 
    0 
    0 
    0 
    0 
    0 
    0 
    0 
    0 
    4 
   16 
    0 
    0 
    2 
    0 
    0 
    0 
    0 
    0 
    0
    0 
    0 
    0 
    0 
    0 
  106 
   10 
    0 
    0 
    0 
    0 
   32 
    0 
    0 
    0 
    0 
    0 
    0 
    0 
    0 
    0 
    0 
    2 
    0 
    6 
    0 
    0 
    0 
    2 
   12 
    0 
    0 
    0 
    0 
    0 
    6 
    0 
    0 
    0 
    0 
    0 
    0 
    0 
    0 
   48 
   16 
    0 
   18 
   18 
    0 
   26 
  330 
  190 
    0 
    0 
    6 
    0 
    0 
   92 
    4 
    0 
    0 
    0 
    0 
    0 
   24 
   38 
    0 
    0 
   52 
    6 
    6 
    0 
    0 
    0 
   86 
    0 
    0 
  358 
    0 
    0 
    0 
   24 
    2 
    0 
    0 
    0 
    0 
   26 
    2 
    0 
   24 
    0 
   42 
   30 
    4 
    0 
    0 
    6 
  118 
  102 
   14 
    4 
    0 
    0 
    2 
   38 
   56 
    2 
   26 
    6 
    0 
    0 
    0 
    0 
    0 
    0 
   70 
   82 
  244 
    6 
   30 
    4 
  142 
    2 
    4 
    0 
    4 
   38 
   26 
    0 
    0 
    0 
    6 
    0 
    0 
    0 
   14 
    6 
    0 
   28 
    4 
    0 
    0 
    0 
    0 
    0 
    2 
    0 
    4 
   18 
    0 
    2 
   50 
   12 
    0 
    0 
   28 
    4 
    0 
    0 
    0 
    6 
   36 
    0 
  118 
   34 
    0 
    0 
    0 
    4 
  112 
    0 
    0 
    0 
   12 
   36 
    0 
    0 
    0 
    6 
    8 
    6 
   34 
   18 
    0 
    0 
    0 
    0 
    0 
   48 
   82 
    0 
    6 
    0 
    0 
   34 
   16 
    4 
    2 
   10 
   14 
    0 
    0 
    0 
    0 
    0 
    0 
    0 
    0 
    0 
    0 
    0 
    0 
    0 
    0 
    0 
   38 
  152 
   20 
    4 
   46 
    0 
  100 
  146 
    2 
    0 
    4 
    0 
    0 
   46 
   78 
   50 
    0 
    0 
  180 
    0 
    0 
    0 
   80 
    0 
    2 
   12 
   16 
   78 
   80 
    0 
   22 
   52 
   14 
   28 
    2 
    0 
    0 
    0 
    0 
    4 
    0 
    0 
    0 
    0 
  140 
    0 
    0 
    0 
    0 
    0 
    0 
    0 
    0 
    4 
    0 
    8 
    0 
   16 
  102 
    8 
    0 
    0 
    0 
    0 
    0 
    0 
    0 
    4 
    4 
  208 
    0 
    0 
  174 
   44 
    2 
    0 
    0 
    0 
    2 
    0 
    0 
    0 
    0 
    0 
  142 
    0 
    0 
    0 
    0 
    8 
   18 
    0 
    0 
    0 
    0 
   14 
   82 
    8 
    0 
    0 
    0 
    0 
    0 
    0 
    0 
   82 
    0 
    0 
    0 
    0 
    0 
    0 
    0 
   40 
  124 
   26 
    0 
    0 
    0 
    0 
    0 
    0 
  170 
   18 
    0 
    0 
    0 
    0 
    0 
    0 
    0 
    0 
    0 
    0 
    0 
    0 
    0 
    0 
    0 
  136 
    2 
    0 
    0 
    0 
    0 
    0 
    0 
    4 
    0 
    8 
   30 
    0 
    0 
    0 
    0 
   86 
    0 
    0 
   24 
   64 
    0 
    0 
    0 
    0 
    0 
    0 
   42 
    0 
    0 
    0 
    0 
    0 
    0 
   94 
    0 
   24 
   68 
    2 
    0 
    0 
    0 
    0 
    2 
    0 
    0 
    0 
    0 
    0 
    0 
   16 
   54 
    0 
    0 
    0 
    0 
    0 
    0 
    0 
    0 
    0 
    0 
    2 
    0 
    0 
   60 
   66 
    6 
    0 
    0 
   12 
    0 
    0 
   42 
   76 
   12 
   96 
   26 
    2 
    0 
    0 
    0 
    0 
    0 
   72 
    2 
    4 
    0 
    0 
    0 
   44 
   34 
  138 
  440 
    4 
   24 
    0 
   44 
    0 
   64 
   22 
    0 
   26 
    0 
    0 
    0 
    0 
    0 
   14 
   40 
    0 
   16 
  112 
   48 
   32 
    0 
    0 
    4 
    0 
    0 
    0 
  110 
    0 
   22 
   32 
    2 
    8 
    8 
    0 
    0 
    0 
    0 
   82 
  144 
    6 
    8 
    0 
  118 
    0 
    0 
   36 
    2 
    6 
    0 
    0 
    0 
    0 
    0 
    0 
   60 
   40 
    0 
   10 
   10 
    0 
    2 
    0 
  128 
    0 
   10 
    0 
   28 
   42 
   80 
    0 
   24 
    0 
    0 
   80 
   28 
    0 
   24 
    4 
    0 
   22 
    0 
    0 
    6 
   28 
    2 
  120 
   20 
   14 
    0 
    0 
    0 
   48 
   34 
  164 
   10 
   36 
    0 
    4 
    8 
    6 
    0 
    0 
    0 
    0 
    0 
    0 
    0 
    0 
    0 
    0 
    0 
   14 
    0 
    0 
    0 
    0 
    0 
    0 
    0 
   12 
   34 
    0 
   88 
    0 
    0 
    0 
   74 
    0 
  174 
   10 
    0 
    0 
    0 
    0 
    0 
    0 
    0 
    0 
    0 
    4 
    2 
    2 
   24 
    0 
    0 
   10 
   66 
    4 
    0 
    0 
    0 
    0 
    0 
  176 
    0 
    0 
    0 
    0 
    0 
    0 
  116 
    2 
    0 
    0 
    0 
    0 
   58 
    4 
    2 
  106 
    0 
   22 
   26 
    0 
   26 
    0 
    0 
    6 
    0 
    0 
  100 
   22 
    0 
    0 
    0 
   54 
    0 
    0 
    0 
   26 
    0 
    0 
    0 
    0 
    8 
    4 
    0 
    0 
   84 
  140 
    8 
    0 
    0 
    0 
    0 
    0 
    0 
    0 
    0 
    0 
    0 
    0 
    0 
    0 
    6 
    2 
    0 
    0 
   18 
    0 
    4 
    0 
    0 
    0 
  100 
    0 
    0 
    0 
    0 
    0 
   16 
    0 
    0 
    0 
    0 
    0 
    0 
    0 
    0 
    0 
    0 
    0 
  262 
  106 
    0 
    0 
    0 
    6 
    0 
   16 
    0 
    0 
    0 
    0 
    0 
    0 
    0 
    0 
    0 
    0 
    0 
    0 
    0 
    0 
    0 
   44 
    0 
    0 
    0 
    8 
    0 
    0 
    8 
    0 
   12 
    0 
    0 
    0 
    6 
    0 
    0 
    0 
   14 
  126 
    0 
  104 
    0 
    8 
    0 
    0 
    0 
    0 
    0 
   78 
    0 
    0 
    0 
    0 
    0 
  182 
    8 
    0 
    0 
    0 
    2 
   24 
    0 
    0 
    0 
    0 
    0 
    2 
    0 
    0 
    0 
    0 
    0 
    0 
    0 
    0 
    0 
    0 
    0 
  128 
    0 
    0 
    0 
    0 
    0 
    0 
    2 
    0 
   38 
   22 
   12 
  122 
   30 
    0 
    0 
    0 
    0 
    0 
   12 
  112 
    6 
    0 
    0 
    6 
    0 
    0 
   46 
   38 
    0 
    0 
    0 
    0 
    6 
    0 
   16 
    6 
    0 
    0 
    0 
    6 
    4 
    0 
    2 
    0 
  230 
   30 
    4 
    0 
    0 
    0 
    0 
    0 
    0 
    0 
    0 
    0 
    0 
    0 
    0 
    0 
   14 
    0 
    0 
    0 
   64 
   80 
   84 
    6 
   14 
    0 
    0 
    0 
    8 
    0 
    0 
    0 
    0 
    0 
    0 
    0 
    0 
   10 
    0 
    0 
    0 
    0 
    6 
    6 
   10 
    0 
    0 
    0 
    0 
   74 
    0 
    0 
    0 
    0 
    0 
    0 
    0 
    0 
    0 
   16 
    4 
    0 
    0 
    0 
   12 
    2 
    0 
    0 
    0 
    0 
    0 
    0 
  162 
   46 
    8 
    0 
   46 
    0 
    2 
    0 
    0 
    0 
    0 
    6 
    0 
    0 
    0 
    0 
    0 
    0 
    0 
    0 
    4 
    0 
    8 
    8 
    0 
    0 
   58 
   26 
    0 
   86 
    6 
   38 
    0 
    0 
    0 
    0 
    0 
   10 
    8 
    0 
    0 
    0 
    0 
    0 
    0 
    0 
   26 
    0 
    0 
  130 
   40 
    0 
    0 
    0 
   58 
    0 
    0 
    0 
    0 
  120 
    2 
    0 
    0 
    0 
    0 
    0 
    0 
  142 
    4 
   20 
   10 
   40 
    0 
    2 
    0 
    0 
    0 
    0 
    0 
    0 
    0 
   14 
    0 
    0 
    0 
    0 
    0 
    0 
    0 
    0 
    0 
    0 
    6 
    0 
    0 
    0 
   20 
  132 
    0 
   14 
    0 
    0 
    0 
    0 
    0 
    0 
    0 
    0 
    0 
    0 
    0 
    4 
    0 
    0 
    0 
    0 
    0 
    0 
   10 
  352 
   86 
    2 
    0 
    0 
    0 
    0 
    4 
    0 
    0 
    0 
    0 
    0 
    0 
    0 
    0 
    0 
    0 
    0 
    0 
    0 
    0 
   20 
    0 
    0 
  176 
    0 
   10 
   10 
    0 
    0 
    0 
    0 
    0 
    0 
    8 
    2 
   22 
    6 
    0 
    0 
    0 
    0 
    0 
    0 
    0 
    0 
    6 
    0 
    0 
   58 
    0 
    0 
    0 
    0 
    0 
    0 
    0 
    0 
    0 
    0 
    0 
    0 
    0 
    0 
    0 
    0 
    0 
    0 
    0 
    0 
    0 
    0 
    0 
    0 
    0 
    0 
    6 
    0 
    0 
    0 
    0 
    0 
    0 
    0 
    0 
    0 
   24 
    0 
    0 
    0 
   60 
    0 
    0 
    0 
    4 
    0 
   14 
    0 
    0 
    0 
    0 
    0 
   48 
  130 
   28 
  118 
   22 
    0 
    0 
   12 
    0 
    0 
    0 
    0 
    0 
    0 
    0 
   50 
   36 
    0 
    0 
    0 
   18 
   18 
   12 
   12 
   16 
   36 
    2 
    8 
    0 
    0 
    0 
    0 
    0 
   14 
  166 
    0 
   16 
    0 
    0 
    0 
    0 
    0 
   32 
  118 
   10 
   16 
    0 
    0 
   36 
    8 
   16 
   12 
    0 
    0 
    0 
  110 
   26 
    0 
    0 
    0 
    0 
    0 
    2
    0 
    4 
   18 
    0 
    6 
   18 
   12 
  108 
    0 
    4 
    2 
    0 
    0 
    0 
    0 
    0 
   40 
    4 
   32 
    2 
    0 
   74 
    0 
    4 
    4 
    0 
    0 
    0 
    0 
    8 
    0 
    0 
    6 
   16 
   26 
    0 
    0 
    2 
  100 
   40 
   24 
    0 
    0 
    0 
   98 
  126 
    0 
    0 
    0 
    0 
    4 
    0 
    0 
   36 
    0 
   12 
    2 
    0 
   72 
    0 
    0 
    4 
    0 
    0 
    0 
   10 
  148 
   18 
   40 
    2 
    0 
   40 
    0 
    0 
    0 
    0 
    0 
    0 
   36 
    0 
   12 
    0 
    0 
    0 
    0 
    0 
  302 
    8 
    0 
    0 
   16 
    0 
   56 
    0 
    0 
   14 
   56 
    6 
    0 
    4 
   30 
   10 
    0 
  106 
    4 
   44 
   32 
   10 
   76 
   84 
   70 
   26 
   10 
  106 
  130 
    0 
    0 
    8 
    2 
    2 
    0 
   50 
    0 
    0 
    4 
    6 
    0 
    0 
   38 
    0 
    0 
    0 
    0 
    4 
    0 
    0 
    0 
    0 
    0 
    0 
    0 
    0 
   46 
   98 
    8 
  272 
  588 
   10 
    6 
   12 
   64 
    4 
    0 
    0 
    0 
    0 
    0 
    0 
    0 
   30 
    0 
    0 
    0 
    0 
    6 
   14 
    6 
    0 
    0 
   40 
   50 
   28 
    0 
    0 
    0 
    0 
    0 
    8 
  128 
    2 
    0 
    0 
    0 
    0 
    0 
    0 
   28 
  180 
   20 
   40 
    6 
  148 
  124 
    0 
    0 
    0 
    0 
   24 
   24 
    0 
    0 
    0 
    0 
    0 
   22 
    0 
    0 
    0 
    2 
    0 
    0 
    0 
    0 
    0 
    0 
    0 
    0 
    0 
    0 
    0 
    0 
    0 
    0 
    6 
  224 
   14 
    2 
    0 
    0 
   36 
    0 
    0 
    0 
    0 
    0 
    0 
    0 
   14 
  220 
    0 
    0 
    0 
    0 
    0 
    0 
    0 
   10 
    6 
  126 
   12 
    0 
    0 
   22 
    8 
   16 
    0 
    0 
    0 
    0 
    0 
   44 
    6 
    0 
    0 
    0 
    0 
    0 
    0 
    0 
    0 
    0 
    0 
    0 
    0 
    8 
    4 
    0 
    0 
    0 
    0 
    0 
  106 
    4 
   10 
   22 
    2 
    0 
    0 
    0 
    0 
    0 
    0 
    0 
    0 
    0 
   22 
   36 
   26 
    0 
    0 
    0 
    0 
   14 
    0 
    0 
    0 
    0 
  128 
    0 
  102 
   22 
    0 
    0 
    0 
    0 
    0 
    0 
    0 
    0 
    0 
    0 
    0 
    0 
    0 
    0 
    0 
    0 
    0 
    0 
    8 
   54 
   16 
   58 
    4 
  342 
    0 
    4 
    4 
   14 
   18 
    0 
    0 
    2 
    0 
    0 
    0 
    0 
   32 
    0 
   16 
    0 
    0 
    0 
    0 
    0 
    0 
    0 
    0 
    0 
    0 
    0 
    0 
    0 
    0 
    0 
   22 
   12 
   18 
    0 
    0 
    0 
    0 
    0 
    2 
    0 
  126 
    0 
    0 
   10 
    0 
    0 
    0 
    2 
    0 
    0 
    0 
    0 
    0 
    0 
    0 
    0 
   20 
    0 
   18 
    0 
    0 
    0 
    0 
    0 
    0 
    6 
    0 
    0 
   16 
   40 
   22 
   10 
   10 
    8 
    0 
    0 
   10 
    8 
    0 
    0 
    0 
    2 
   38 
   12 
    0 
  104 
    0 
    0 
   54 
   18 
    0 
    0 
   12 
    4 
    0 
    0 
    0 
   10 
   92 
    0 
    0 
    2 
   18 
    0 
    0 
    0 
   32 
    0 
    0 
    0 
   74 
    8 
   50 
   18 
    2 
   28 
    0 
   34 
    4 
   12 
    2 
   74 
    6 
   46 
    0 
   16 
    0 
   50 
   42 
    4 
    0 
    0 
    0 
    0 
   12 
   86 
   22 
    0 
    0 
    0 
    0 
    0 
   10 
   20 
    0 
    0 
    0 
    0 
   72 
  102 
  444 
  130 
   16 
  106 
   36 
    8 
    8 
    0 
    0 
   20 
   60 
    0 
    0 
    4 
    0 
  230 
    2 
    0 
    0 
    0 
   38 
    4 
    0 
    0 
    0 
    0 
    0 
   18 
   40 
   62 
    8 
    2 
    6 
    0 
    0 
    0 
    0 
    0 
    0 
    0 
    0 
    0 
    0 
    0 
   44 
    0 
    0 
    8 
    0 
    0 
    0 
    0 
    0 
  124 
   12 
  256 
   26 
   10 
    0 
    0 
    0 
    0 
    0 
    0 
    0 
   38 
   30 
    0 
    0 
    0 
    2 
    0 
    0 
    0 
    0 
   26 
   16 
   72 
    0 
    0 
    0 
    0 
    0 
   26 
   26 
    0 
  124 
   74 
    4 
    0 
    2 
    0 
    8 
   12 
    0 
    0 
    0 
   18 
   32 
   20 
    0 
    0 
    0 
    0 
    0 
    0 
  112 
    2 
    0 
    2 
    0 
    0 
   10 
    0 
    0 
    0 
    0 
    0 
    0 
    0 
    0 
    2 
    0 
    0 
    0 
    0 
    0 
    0 
    0 
    0 
    0 
    0 
    0 
    0 
   38 
    0 
    0 
    0 
    0 
    0 
   18 
   14 
    0 
    0 
    0 
    0 
    0 
    0 
    0 
    0 
    0 
    0 
    0 
    0 
    8 
    0 
    0 
    0 
    0 
    0 
   14 
    0 
    8 
    0 
    2 
    0 
    0 
    6 
    8 
    0 
    0 
    0 
    0 
    0 
    0 
   16 
    0 
    0 
    0 
  296 
    2 
    2 
    0 
    0 
    0 
   10 
  144 
    8 
    0 
    0 
    0 
    0 
    0 
    0 
   24 
  242 
    4 
    0 
    0 
    0 
   16 
    0 
    0 
    0 
    0 
    2 
    0 
    0 
    0 
   44 
    0 
   44 
  212 
   30 
    4 
    0 
    0 
    0 
    0 
    0 
    0 
    0 
    0 
    0 
    0 
    0 
    0 
    0 
    0 
    0 
    0 
   28 
    4 
    0 
    0 
    4 
    0 
    0 
   94 
   28 
    0 
   24 
  144 
    4 
    0 
    0 
    0 
    4 
    0 
    0 
    0 
    0 
  180 
    4 
   20 
    0 
    0 
   28 
    0 
  194 
  118 
    0 
    0 
    0 
    2 
    4 
  162 
    0 
    0 
    0 
   22 
    0 
    0 
   12 
   44 
    0 
   14 
    4 
    8 
    2 
    0 
    4 
    0 
   10 
    0 
    0 
    0 
    0 
    0 
    0 
    0 
    6 
    0 
    0 
    0 
    0 
    8 
    0 
    0 
   40 
   44 
   18 
   88 
    0 
    0 
   18 
    8 
   44 
    0 
    0 
   36 
    0 
    0 
   14 
    2 
   52 
  100 
    2 
    0 
    0 
    6 
   78 
   86 
   64 
   66 
   12 
    0 
    0 
    0 
    0 
    4 
   92 
   68 
    0 
   32 
    8 
    0 
    2 
   44 
    2 
    0 
   92 
    2 
    4 
   44 
    0 
    0 
    2 
   78 
    8 
   10 
    8 
    0 
    0 
    0 
    0 
    0 
   44 
    0 
  142 
    0 
    4 
    0 
   10 
    0 
    8 
    0 
    0 
    0 
    0 
    0 
    0 
   44 
   36 
   22 
    4 
    0 
    0 
    0 
    0 
    0 
    0 
   34 
    0 
    0 
    0 
    0 
    8 
   30 
    0 
    0 
    0 
    6 
   12 
   14 
   38 
   12 
    0 
    0 
   54 
  260 
    0 
    0 
    0 
    0 
    0 
   56 
    4 
    0 
    0 
    0 
    0 
  250 
  116 
   84 
    6 
    2 
    0 
   12 
    0 
    0 
    0 
  170 
    0 
   20 
    6 
    0 
    2 
   38 
    4 
    0 
    0 
   10 
   14 
   32 
    0 
    0 
    4 
    0 
   16 
   62 
    0 
    0 
    0 
  144 
   54 
  144 
  376 
   34 
   24 
    2 
    0 
    0 
  100 
   64 
   98 
    0 
    0 
    0 
    2 
  126 
   30 
    0 
    6 
    2 
    0 
    0 
    0 
   84 
    2 
    0 
   14 
    0 
    0 
    0 
    0 
    0 
    4 
   84 
   10 
    0 
    0 
    0 
    0 
   28 
   82 
    0 
    0 
    0 
    0 
    0 
    0 
    0 
    0 
    0 
    0 
    0 
    0 
    0 
    0 
    0 
    0 
    0 
    0 
    0 
    0 
    0 
    0 
    0 
    0 
   22 
    0 
    0 
    0 
    0 
    0 
   24 
  110 
    4 
    0 
    0 
    0 
    0 
    0 
    0 
    0 
    0 
    0 
    0 
    0 
    0 
    0 
    0 
    0 
    0 
   44 
    0 
  104 
    6 
    0 
    0 
    0 
    0 
    0 
    0 
    0 
   16 
    0 
    0 
    0 
    0 
    0 
    0 
    0 
    0 
    0 
    0 
    0 
    0 
    0 
    0 
    0 
    0 
    8 
    8 
   36 
    0 
   12 
    0 
    0 
    0 
    0 
    0 
    0 
  138 
   16 
   66 
   50 
    0 
   12 
    0 
   10 
   12 
   24 
   60 
   28 
   70 
    2 
    0 
   52 
    4 
    0 
    0 
    0 
    0 
   60 
   94 
   42 
   10 
    0 
    0 
    0 
    0 
    0 
   48 
   30 
    2 
   58 
   60 
    4 
   30 
    4 
  232 
    0 
    0 
    0 
    0 
    2 
    0 
    6 
    0 
    0 
    4 
    0 
    0 
    0 
    0 
    2 
    0 
   10 
    0 
    0 
    0 
    0 
    2
    0 
    0 
   66 
   12 
  100 
   20 
    2 
    0 
   10 
    0 
   10 
    0 
   18 
   26 
    0 
    0 
  108 
   32 
   24 
   42 
    0 
    0 
   38 
    4 
  112 
   58 
    0 
    0 
    0 
    0 
    2 
    0 
   12 
    0 
    8 
    0 
    0 
  164 
   22 
  106 
   18 
    0 
    0 
   14 
    2 
    2 
   10 
    0 
    0 
    0 
    0 
    0 
    0 
    0 
    0 
    0 
    0 
    0 
    0 
    0 
   36 
  100 
   22 
   18 
    2 
    0 
    0 
   22 
    0 
  140 
   58 
    0 
    2 
    0 
    2 
   22 
   50 
    0 
   18 
    0 
    0 
    0 
    2 
   22 
   10 
    0 
    0 
    4 
    0 
   20 
   16 
    2 
    6 
   40 
   54 
   28 
    0 
    0 
   20 
    0 
    0 
    0 
    0 
   32 
    0 
    0 
    0 
   10 
   16 
  118 
    4 
   36 
    0 
   30 
    4 
    0 
    2 
    0 
   22 
    0 
    6 
   10 
    2 
    0 
    0 
   14 
    6 
    2 
    0 
  178 
   20 
   16 
    4 
   28 
    0 
    0 
    0 
   10 
   20 
    0 
    0 
    0 
    0 
   88 
    0 
    0 
    0 
    0 
   38 
    2 
    0 
    0 
    0 
    0 
    6 
  196 
    8 
   24 
    0 
    0 
    0 
    0 
    0 
    0 
    2 
    0 
    0 
    0 
    0 
    0 
    0 
    0 
    0 
    0 
    0 
  234 
    2 
    0 
    0 
   44 
  146 
    4 
   10 
    0 
  226 
   24 
    0 
   10 
    0 
    0 
    2 
    0 
    0 
    0 
    0 
    0 
    0 
    0 
    0 
    4 
    0 
  332 
  122 
   22 
   20 
    0 
    0 
    0 
    0 
    0 
    0 
    0 
    0 
    0 
    0 
    0 
    0 
    0 
    0 
    0 
   12 
   20 
    0 
   22 
   18 
    0 
    0 
    0 
    0 
    0 
    0 
    0 
    0 
    0 
    0 
    0 
    0 
    0 
    2 
    0 
    0 
    0 
    0 
    0 
    2 
    0 
    0 
    0 
    0 
   36 
  400 
    2 
    0 
    0 
   16 
    0 
    0 
  114 
  196 
    0 
    0 
    0 
    0 
    0 
    0 
   18 
   20 
    0 
    0 
    0 
    8 
    0 
    0 
    0 
    0 
    0 
   54 
    0 
    6 
    0 
    0 
    0 
    0 
    0 
    0 
   16 
   76 
   14 
   94 
    6 
    0 
    0 
    0 
    0 
    0 
   32 
    2 
   24 
    0 
    0 
    0 
    0 
    0 
    0 
    0 
    0 
    0 
    0 
   20 
    0 
    0 
    0 
    0 
    0 
    0 
    0 
   12 
   66 
   24 
    0 
    0 
   40 
    0 
    2 
   14 
    0 
    0 
    0 
    0 
    0 
    0 
   38 
  170 
   20 
  396 
    8 
    2 
    4 
    2 
    0 
    0 
    0 
    0 
   68 
   12 
   34 
   26 
    2 
   14 
    0 
    0 
    0 
    0 
    2 
    0 
    0 
    2
    0 
    0 
    6 
    0 
    0 
    6 
    0 
   10 
    0 
    0 
    0 
   10 
  244 
   88 
   62 
   22 
   30 
    2 
    4 
   12 
   10 
    2 
    0 
    2 
    0 
    0 
    0 
    0 
    0 
    0 
    0 
    0 
    0 
   30 
    0 
    0 
    4 
   42 
   70 
   30 
    0 
    4 
   32 
    0 
    0 
    0 
    0 
    0 
    0 
    0 
    0 
  230 
  228 
   16 
    2 
    6 
   46 
    0 
   28 
    0 
    6 
    0 
   32 
    0 
    0 
    0 
    0 
    6 
    0 
   30 
   10 
    0 
    0 
   12 
    0 
    0 
    8 
   24 
    4 
    0 
    8 
    2 
    0 
    0 
    8 
   58 
    6 
   12 
    2 
    0 
    0 
    0 
   18 
   10 
   34 
    8 
    0 
   20 
   12 
    2 
    0 
    0 
    0 
    0 
   42 
    0 
    0 
    0 
    0 
    0 
    0 
    0 
    0 
  114 
   42 
    2 
    0 
    0 
    0 
  106 
    0 
   10 
    2 
    0 
    0 
    0 
   22 
    6 
    0 
    0 
   26 
  102 
   34 
   78 
    0 
    0 
    0 
    0 
    0 
    0 
    0 
    0 
    0 
    0 
    0 
    0 
    0 
    0 
    0 
    8 
    0 
    2 
    0 
    0 
  456 
   20 
   74 
    0 
    0 
    0 
    0 
    0 
    2 
    0 
    0 
   94 
    0 
   16 
    0 
   90 
    4 
   34 
   18 
    0 
    0 
    2 
   88 
  460 
   56 
    0 
    2 
    0 
    0 
    0 
    0 
    2 
    0 
    0 
    0 
    0 
    0 
    0 
    0 
    0 
    0 
    0 
    0 
    0 
    0 
   42 
   10 
    8 
    0 
  176 
    2 
    0 
    0 
  294 
    8 
    0 
    0 
    0 
    0 
    0 
    0 
    0 
    0 
    0 
    0 
    2 
    0 
    0 
    0 
    0 
    0 
    0 
    0 
    0 
    0 
    0 
   82 
  118 
    0 
    0 
    0 
    0 
    0 
   48 
    0 
    0 
    0 
    0 
    0 
  148 
    0 
   44 
    0 
    0 
    0 
    0 
    0 
    0 
    0 
    0 
    0 
    0 
    0 
    0 
    0 
    0 
    0 
    0 
    0 
    0 
    0 
    0 
    0 
    0 
    0 
    0 
    2 
    0 
    0 
    0 
    0 
    6 
    0 
  140 
   84 
   20 
   12 
    2 
   14 
    0 
    0 
    0 
    0 
    0 
    0 
    0 
    0 
    0 
    0 
    0 
    0 
    0 
    4 
   10 
    0 
    0 
    0 
    0 
    0 
    0 
    0 
    0 
   16 
    0 
    0 
    0 
    0 
    0 
    0 
    0 
    0 
    0 
    0 
    0 
    0 
    0 
    4 
   26 
    0 
    6 
   48 
    0 
    2 
    0 
    0 
    0 
    0 
    0 
   76 
   54 
    0 
   42 
    0 
   28 
    4 
    0 
    0 
    0 
   18 
   98 
   18 
   48 
    2 
   46 
    6 
    0 
  100 
    0 
    0 
    0 
    2 
   32 
    6 
    0 
    0 
    0 
    0 
    0 
    0 
  146 
   10 
   28 
   26 
    0 
    2 
   34 
    0 
    8 
   40 
   14 
    0 
    0 
    0 
   82 
    0 
   68 
    8 
    0 
    0 
    0 
    0 
    0 
    0 
    0 
   40 
   14 
    6 
    0 
    0 
    0 
   76 
   28 
    2 
   20 
   50 
    0 
    0 
    0 
    0 
   66 
    0 
   82 
    0 
    0 
   50 
   20 
    0 
    6 
   18 
   62 
    6 
    4 
    0 
    0 
   46 
   12 
    2 
    0 
    0 
    6 
    0 
   44 
    4 
  112 
   82 
    6 
    0 
    0 
    0 
    0 
    0 
   64 
    0 
    0 
   50 
    2 
   22 
   20 
   22 
   22 
    0 
    0 
    0 
   70 
    2 
    0 
    0 
    0 
    0 
   62 
   24 
    0 
    0 
    0 
    0 
    2 
    4 
  104 
    0 
   62 
    0 
    0 
    0 
    0 
   78 
   12 
    4 
    0 
    0 
    0 
    2 
   28 
    0 
    0 
  112 
    2 
    0 
    4 
   34 
    2 
    0 
    0 
    4 
   40 
    0 
   28 
   48 
    8 
    2 
    0 
    0 
   14 
    0 
    4 
    4 
   12 
    0 
    8 
   52 
    4 
    6 
    0 
    0 
    0 
    0 
    0 
    0 
    0 
    0 
    0 
    0 
    0 
  200 
    6 
    0 
    4 
    0 
    0 
    0 
    0 
    0 
    0 
  148 
  140 
    4 
    4 
    0 
    0 
    0 
  666 
  254 
   96 
    8 
   28 
   44 
   12 
    0 
   44 
    4 
    0 
    6 
   64 
   10 
    4 
    0 
    0 
   66 
   38 
   10 
   60 
    0 
    0 
    0 
    0 
    0 
  280 
    0 
    0 
    0 
    0 
    0 
    0 
    0 
  486 
    0 
    8 
    0 
    0 
    0 
    0 
    0 
    0 
  192 
  146 
    2 
    0 
    0 
    0 
    4 
   42 
    2 
    0 
    0 
    0 
    0 
   82 
    2 
    0 
    0 
    4 
    0 
    0 
    0 
    0 
    0 
    0 
    0 
    0 
    0 
    0 
    0 
    0 
    0 
    0 
    0 
    0 
    0 
  334 
    0 
    4 
    0 
    0 
    0 
    0 
   62 
    0 
    0 
    0 
    4 
    0 
    2 
   36 
    0 
    0 
    0 
    0 
    0 
    0 
    0 
    0 
    0 
    0 
    0 
    0 
    0 
    0 
   24 
  100 
    0 
   34 
  200 
  116 
    6 
    6 
    0 
    0 
    0 
    2 
  242 
    0 
    0 
   14 
    0 
    0 
    0 
   28 
    8 
    0 
   38 
  170 
    2 
    0 
    0 
    0 
  436 
   26 
    0 
    0 
    0 
    4 
   82 
  144 
    2 
    0 
    0 
    0 
   18 
    0 
    0 
    0 
    0 
    0 
    0 
    0 
    0 
    0 
   12 
    0 
   32 
    6 
    0 
    0 
   64 
   82 
    0 
    0 
    0 
    0 
   74 
    0 
    0 
    0 
   32 
    0 
    0 
    0 
    0 
    0 
   10 
    0 
  106 
    8 
    2 
    0 
    0 
    0 
    0 
    0 
   44 
  132 
   28 
    0 
    0 
   70 
   10 
    0 
   22 
    0 
   68 
   74 
  216 
   14 
    4 
    0 
   32 
   70 
   36 
    8 
   76 
    0 
    0 
    0 
    0 
  146 
   30 
    0 
    0 
    0 
    0 
    0 
    0 
   96 
    2 
   28 
    8 
    0 
   10 
    0 
    0 
   42 
  126 
   16 
    0 
    0 
    0 
    0 
    4 
   12 
   70 
    8 
   12 
    2 
    0 
    4 
    0 
    2
    0 
    0 
   18 
    4 
   48 
  106 
   28 
    0 
    0 
   14 
   50 
    6 
   32 
   20 
   18 
   18 
   20 
    2 
    0 
    0 
    2 
    0 
    0 
    0 
   94 
    0 
    4 
  196 
   52 
    4 
    4 
   40 
   18 
   12 
   16 
   22 
  100 
    0 
    0 
    0 
    0 
    0 
    4
    0 
    0 
    6 
   50 
    6 
    6 
   34 
    0 
    0 
    0 
    8 
   20 
    4 
    0 
   36 
   58 
    0 
   48 
   26 
    0 
    0 
    0 
    0 
   36 
   70 
    2 
   28 
    0 
   38 
    0 
   72 
    6 
   28 
   42 
    2 
   24 
   38 
    0 
   40 
    0 
    0 
    0 
   60 
    0 
    0 
    0 
    0 
  176 
    0 
   94 
   30 
    0 
    0 
  118 
    0 
   74 
    0 
    0 
    0 
   64 
   10 
    0 
    2 
   18 
    0 
    0 
    0 
    0 
    0 
   12 
   44 
    6 
    4 
    0 
    0 
    0 
    0 
    0 
    0 
    0 
    0 
    0 
    0 
   78 
    2 
   24 
    0 
    2 
    0 
    0 
    0 
    0 
    0 
    0 
    0 
    0 
    0 
  692 
   40 
   14 
    0 
    0 
    0 
   18 
    0 
    0 
    0 
    0 
    0 
   46 
   12 
   38 
    0 
    0 
    0 
