22.54     
-17.46
-26.46
11.54
6.54
-26.46
9.54
-1.46
-33.46
-14.46
6.54
-9.46
6.54
-1.46
-1.46
.54
-6.46
-15.46
-5.46
4.54
-7.46
-2.46
-6.46
-2.46
6.54
1.54
7.54
-9.46
-6.46
9.54
10.54
-2.46
-.46
14.54
-13.46
1.54
-4.46
-5.46
.54
-13.46
5.54
6.54
14.54
-7.46
-3.46
3.54
3.54
-14.46
16.54
-.46
2.54
12.54
6.54
13.54
1.54
-.46
16.54
5.54
7.54
15.54
7.54
15.54
-2.46
4.54
3.54
6.54
9.54
6.54
3.54
2.54
-2.46
7.54
8.54
10.54
.54
.54
3.54
-6.46
-12.46
-5.46
3.54
5.54
-8.46
-7.46
-4.46
.54
3.54
-9.46
3.54
1.54
-.46
-12.46
-5.46
-11.46
4.54
5.54
-3.46
-9.46
6.54
-6.46
-11.46
-9.46
9.54
3.54
-2.46
.54
