 590.8 
 619.3
 657.4 
 712.3 
 743.2
 736.5
 792.4
 756.4
 763.7
 789.7
 816.4
 813.1
 800.6
 861.1
 870.5
 917.4
 871.6
 929.7
 969.3
 982.4
 879.9
1002.5
1048.6
  1016
1011.8
1059.6
1068.7
  1097
1071.4
1117.4
1245.7
1218.9
  1240
1197.5
1333.3
1276.6
1250.2
1259.7
1473.1
  1476
1338.8
  1427
1517.3
1606.7
  1506
1563.7
1625.8
1569.9
1571.8
1606.4
1606.6
1716.5
1731.5
1709.3
1758.1
1817.6
1600.8
1701.6
1755.5
1763.5
1624.1
1650.7
1777.7
1684.1
1520.1
1525.7
1785.4
1902.2
1785.6
1746.9
2058.8
2091.1
2005.4
1593.3
1929.9
2226.3
2030.3
1876.5
2023.4
1913.3
1961.3
2039.2
1960.2
1813.2
  1809
1890.7
1823.2
1789.8
1946.5
1973.1
1770.5
1898.5
1897.9
1973.8
2096.3
2157.2
2048.9
1592.7
2034.5
1916.8
2053.3
1947.3
1992.6
  1641
1788.3
  1848
1535.1
1199.4
  1218
1353.6
  1432
  1534
  1538
  1543
  1634
  1592
  1499
  1587
  1763
  1728
  1641
  1694
  1691
  1677
  1546
  1474
  1661
  1448
  1470
  1515
  1684
  1730
  1614
  1623
  1778
  1720
  1565
  1617
  1780
  1704
  1411
  1324
  1750
  1532
  1652
  1509
  1659
