6.5
7.8
7.7
9.2
8.8
10.1
10.2
7.8
7.9
10.8
10.2
15.8
8.6
8.5
11.9
10.5
9.6
11.6
8.2
11.6
10.0
10.2
10.7
9.9
9.8
11.3
10.2
10.0
9.7
12.0
9.7
10.4
10.6
10.8
9.6
8.7
9.410.0
12.2
6.0
9.4
9.4
9.0
9.8
9.5
9.2
10.2
9.2
9.0
8.9
9.9
11.4
10.5
9.6
9.0
10.0
9.4
8.5
9.2
10.0
9.6
8.6
8.1
11.2
8.8
9.0
8.5
9.5
9.8
10.4
10.0
8.6
8.2
9.0
10.0
8.0
10.5
8.87.8
12.4
8.0
9.9
9.2
8.1
8.6
10.0
11.9
10.9
9.4
11.3
9.8
9.9
12.0
8.8
10.0
9.6
9.0
10.2
10.0
9.0
9.7
8.3
10.0
11.4
9.9
11.6
11.0
10.5
9.0
9.6
8.6
11.2
12.0
10.4
10.8
10.8
10.8
7.5
11.59.3
9.4
9.7
9.7
10.1
9.8
7.8
9.9
10.3
10.9
9.8
9.9
10.0
10.6
10.1
10.1
10.3
9.6
9.9
9.6
9.7
8.3
9.6
8.8
9.0
9.0
8.7
8.4
8.7
9.9
9.7
9.8
9.3
9.7
9.8
8.3
9.5
7.9
11.5
10.0
6.610.3
9.3
10.4
10.2
8.8
9.5
9.8
10.9
9.4
9.8
9.5
9.2
11.4
9.3
9.2
9.0
9.0
10.4
9.8
9.8
9.6
10.2
11.2
10.1
11.3
9.8
10.8
10.0
9.0
9.6
10.5
9.6
9.8
