 464
 675
 703
 887
1139
1077
1318
1260
1120
 963
 996
 960
 530
 883
 894
1045
1199
1287
1565
1577
1076
 918
1008
1063
 544
 635
 804
 980
1018
1064
1404
1286
1104
 999
 996
1015
 615
 722
 832
 977
1270
1437
1520
1708
1151
 934
1159
1209
 699
 830
 996
1124
1458
1270
1753
2258
1208
1241
1265
1828
 809
 997
1164
1205
1538
1513
1378
2083
1357
1536
1526
1376
 779
1005
1193
1522
1539
1546
2116
2326
1596
1356
1553
1613
 814
1150
1225
1691
1759
1754
2100
2062
2012
1897
1964
2186
 966
1549
1538
1612
2078
2137
2907
2249
1883
1739
1828
1868
1138
1430
1809
1763
2200
2067
2503
2141
2103
1972
2181
2344
 970
1199
1718
1683
2025
2051
2439
2353
2230
1852
2147
2286
1007
1665
1642
1518
1831
2207
2822
2393
2306
1785
2047
2171
1212
1335
2011
1860
1954
2152
2835
2224
2182
1992
2389
2724
 891
1247
2017
2257
2255
2255
3057
3330
1896
2096
2374
2535
1041
1728
2201
2455
2204
2660
3670
2665
2639
2226
2586
2684
1185
1749
2459
2618
2585
3310
3923
    
