  11.8928308486938477    26.04863
       20.4762115478515625    25.54662
       14.1771249771118164    22.81128
       17.7583065032958984    24.07354
       19.9291896820068359    25.81460
       10.9619636535644531    24.44578
       19.2151641845703125    25.70594
       16.3840065002441406    24.08288
       16.5330085754394531    22.85114
       18.0140018463134766    27.28971
       20.6991386413574219    25.87900
       13.6344718933105469    25.21500
       21.6896457672119141    24.01249
       15.4278326034545898    28.24300
       18.2175235748291016    22.98008
       14.6370906829833984    27.46885
       18.4719066619873047    24.24308
       13.6833181381225586    25.22716
       15.2079668045043945    20.72314
       22.4379596710205078    25.71848
       18.4235038757324219    27.96052
       14.3309774398803711    24.62731
       20.7132282257080078    27.17283
       16.0928115844726562    25.56603
       12.7525091171264648    23.02380
       18.9802856445312500    23.17556
       15.5535430908203125    26.01813
       13.8273468017578125    23.57388
       18.5628261566162109    23.40358
       14.3313007354736328    24.86425
        9.5267181396484375    22.77998
       21.5044422149658203    22.98319
       18.6772747039794922    23.92609
       17.3335475921630859    27.51882
       16.4756526947021484    24.45817
       15.4604797363281250    26.55199
       17.6950912475585938    23.14228
       22.3064613342285156    26.64956
       15.1789159774780273    26.29478
       21.9988327026367188    26.30784
       12.2550783157348633    25.90055
       15.0199308395385742    23.07878
       18.3105659484863281    23.73955
       18.7815322875976562    26.51031
       17.4855804443359375    26.91774
       15.2701225280761719    22.89771
       14.4299240112304688    24.02908
       17.7239761352539062    24.22830
       17.6991329193115234    23.78452
       18.4989986419677734    29.69154
       13.0963230133056641    21.84958
       20.4676475524902344    25.24253
       16.5783023834228516    24.96974
       18.8025131225585938    26.49391
       19.1054515838623047    25.67582
       15.6262302398681641    26.34120
       17.5438995361328125    24.41843
       20.1810016632080078    26.07328
       20.6546592712402344    27.84073
       16.5991725921630859    26.54891
       15.2774200439453125    24.82758
       15.7106103897094727    23.02092
       19.6067848205566406    26.82141
       12.7975769042968750    22.91223
       18.7971534729003906    25.67639
       15.6709985733032227    23.45259
       19.3621273040771484    26.82197
       17.2997264862060547    26.49264
       17.8023815155029297    24.09546
       19.1964035034179688    25.53906
       17.1802635192871094    25.75804
       17.5308189392089844    27.54253
       12.1408109664916992    22.28671
       17.6289405822753906    22.69568
       16.4591350555419922    24.70889
       17.4325065612792969    26.67566
       17.8813571929931641    22.88721
       15.7137994766235352    26.06291
       17.7026977539062500    24.18863
       18.6237125396728516    25.75607
       19.1784515380859375    26.82103
       14.2750282287597656    26.50384
       17.1964817047119141    22.86727
       17.7077560424804688    24.27942
       15.1169624328613281    25.71477
       19.1855144500732422    23.37873
       20.2666683197021484    28.36010
       16.9964065551757812    24.71224
       13.6165943145751953    25.97605
       15.2763671875000000    22.18853
       17.5499534606933594    25.54512
       14.8352117538452148    24.10307
       19.4369087219238281    24.68262
       15.4604187011718750    24.49965
       14.7964315414428711    25.41457
       17.6352081298828125    23.26141
       17.7492256164550781    25.21742
       12.5487394332885742    24.80864
       19.5714778900146484    23.78608
       17.5988674163818359    23.55565
       14.3854999542236328    27.06319
       16.2261295318603516    23.48314
       20.3332042694091797    25.53225
       13.8864593505859375    23.61036
       20.1875877380371094    26.76210
       16.4462795257568359    25.10321
       16.2502784729003906    25.59241
       14.3967866897583008    23.55229
       16.3134384155273438    23.51301
       16.6470699310302734    23.75503
       20.2265949249267578    28.49667
       13.5139999389648438    22.98496
       16.5767784118652344    25.17060
       17.4803943634033203    24.60766
       15.3445358276367188    22.88777
       19.7989730834960938    25.78371
       16.4031314849853516    27.08771
       14.2579536437988281    24.16169
       18.7853355407714844    21.74021
       18.8170108795166016    27.73853
       17.6890830993652344    24.77566
       15.2510032653808594    28.25091
       13.5196619033813477    20.95365
       17.3754634857177734    23.06025
       21.8310585021972656    27.10499
       15.9470605850219727    25.85423
       17.4538440704345703    25.33158
       18.7936401367187500    24.95638
       15.1076641082763672    28.12057
       17.2248363494873047    23.18837
       17.5314598083496094    24.57848
       18.7309589385986328    25.70490
       15.6912069320678711    23.97070
       15.0962228775024414    26.05888
       20.5368270874023438    24.99638
       14.9709587097167969    24.24780
       17.5472393035888672    25.57943
       18.0564346313476562    26.03045
       13.7950344085693359    23.86846
       16.6142482757568359    23.58767
       11.7003650665283203    24.84119
       14.1200199127197266    21.61335
       18.0400295257568359    23.41014
       18.8373069763183594    25.36579
       17.4057312011718750    26.19015
       17.9408378601074219    25.68071
       17.2590351104736328    25.58796
       17.4825000762939453    24.62278
       22.8535385131835938    27.68898
       14.6634178161621094    26.22708
       20.3053398132324219    23.26705
       15.3216009140014648    27.69711
       16.5773258209228516    25.07628
       16.3916454315185547    24.07663
       15.0150156021118164    22.52464
       20.0374488830566406    26.36521
       17.5193119049072266    25.96212
       18.0357112884521484    25.67318
       16.3549728393554688    25.10926
       15.0420484542846680    23.64231
       15.9995889663696289    26.22587
       16.4637184143066406    23.03588
       19.4223289489746094    25.60486
       15.6293830871582031    23.27191
       17.5201034545898438    26.31972
       17.7477741241455078    24.21376
       13.8573617935180664    26.56115
       19.1898612976074219    23.40072
       20.4554939270019531    26.50014
       15.4645853042602539    24.79954
       17.9672870635986328    24.86291
       18.2112236022949219    25.72405
       15.0899438858032227    27.41692
       17.0527114868164062    21.99102
       18.0770263671875000    26.23347
       16.7543144226074219    25.61993
       14.9419889450073242    23.17091
       17.5044155120849609    24.82835
       16.2319183349609375    25.75317
       17.4558506011962891    26.12276
       13.9500446319580078    21.80092
       18.0257205963134766    25.89681
       16.7483673095703125    23.80512
       17.9345130920410156    26.72507
       16.0521278381347656    23.47485
       22.3359279632568359    25.00953
       14.5453424453735352    27.40442
       16.7215290069580078    25.25348
       18.8919334411621094    23.82662
       14.3297815322875977    25.88999
       19.7090682983398438    24.70668
       14.1636819839477539    25.69483
       18.0418262481689453    24.07403
       16.3875656127929688    22.52295
       16.4297027587890625    27.35848
       17.5974369049072266    23.80657
       18.4480133056640625    25.28627
       15.9530172348022461    26.28632
       19.1613140106201172    25.12295
       11.7663021087646484    23.92833
       18.0881061553955078    24.23084
       15.6905221939086914    24.28321
       20.3408317565917969    23.70889
       19.5214958190917969    27.41590
       16.0967006683349609    28.49366
       19.8999881744384766    23.85080
       16.9641571044921875    27.48859
       18.9992828369140625    24.80450
       13.9409408569335938    25.87758
       19.4103279113769531    25.23948
       13.4457635879516602    23.10885
       14.7279815673828125    23.73304
       14.7284421920776367    23.06210
       18.3239803314208984    24.88512
       19.8437461853027344    24.88888
       21.7265701293945312    26.31602
       19.9632797241210938    29.35377
       17.5627384185791016    25.76872
       19.9264965057373047    27.29843
       17.0786418914794922    25.69748
       18.3128395080566406    26.61478
       17.1225605010986328    25.31959
       18.6174201965332031    25.33391
       15.3705215454101562    24.96127
       18.1852054595947266    25.82322
       15.8530845642089844    24.41600
       15.5503597259521484    23.41869
       18.3169040679931641    25.74348
       18.2589588165283203    23.92573
       17.5552902221679688    26.72478
       21.2411231994628906    27.06200
       15.6016721725463867    26.24854
       19.5359706878662109    25.12825
       16.9573574066162109    25.09399
       16.9751758575439453    26.05473
       15.3752565383911133    23.98865
       15.3883771896362305    24.23570
       19.8874931335449219    26.37809
       14.7564506530761719    23.71756
       18.2091236114501953    25.21034
       17.8312759399414062    25.48247
       18.5894470214843750    26.61568
       18.6836719512939453    25.33472
       14.5849752426147461    23.60855
       16.0344657897949219    26.05441
       19.5581245422363281    25.20157
       13.2003803253173828    23.77303
       18.2333126068115234    23.99000
       14.6457357406616211    24.30335
       18.5994739532470703    23.05798