1686
1591
2304
1712
1471
1377
1966
2453
1984
2596
4087
5179
1530
1523
1633
1976
1170
1480
1781
2472
1981
2273
3857
4551
1510
1329
1518
1790
1537
1449
1954
1897
1706
2514
3593
4524
1609
1638
2030
1375
1320
1245
1600
2298
2191
2511
3440
4923
1609
1435
2061
1789
1567
1404
1597
3159
1759
2504
4273
5274
1771
1682
1846
1589
1896
1379
1645
2512
1771
3727
4388
5434
1606
1523
1577
1605
1765
1403
2584
3318
1562
2349
3987
5891
1389
1442
1548
1935
1518
1250
1847
1930
2638
3114
4405
7242
1853
1779
2108
2336
1728
1661
2230
1645
2421
3740
4988
6757
1757
1394
1982
1650
1654
1406
1971
1968
2608
3845
4514
6694
1720
1321
1859
1628
1615
1457
1899
1605
2424
3116
4286
6047
1902
2049
1874
1279
1432
1540
2214
1857
2408
3252
3627
6153
1577
1667
1993
1997
1783
1625
2076
1773
2377
3088
4096
6119
1494
1564
1898
2121
1831
1515
2048
2795
1749
3339
4227
6410
1197
1968
1720
1725
1674
1693
2031
1495
2968
3385
3729
5999
1070
1402
1897
1862
1670
1688
2031
