239  
220
194  
195
245  
256  
245
234
251
274
260
227
254
260
241
246
284
316
266
253
297
324
275
245
308
327
302
307
339
333
318
357
380
416
374
407
438
442
405
425
469
506
468
491
555
510
477
485
494
470
450
477
511
447
420
491
477
388
377
438
420
375
366
436
400
548
436
570
609
650
578
546
641
665
537
588
418
226
212
295
417
370
340
445
423
514
355
450
502
513
372
474
533
543
438
560
584
593
415
483
554
512
434
520
537
535
412
432
485
452
336
433
507
448
361
452
493
468
376
515
454
443
361
387
480
447
340
467
462
517
428
457
507
486
303
356
435
370
272
238
255
220
161
200
241
211
171
234
248
214
167
225
226
215
