 77  
 82  
 80  
 78
 74
 68
 59
 67
 68
 70
 64
 61
 72
 83
 90
 87
 89
 80
 82
 89
 74
 73
 83
 78
 80
 83
 88
 91
 99
 84
 81
 97
 82
 77
 82
 68
 81
 79
 94
 91
 91
 78
 74
 84
 83
 86
 75
 85
 89
 91
104
109
107
100
 79
 90
 97
 87
 74
 92
 92
 97
108
113
112
 99
 86
 93
 96
 85
 74
 86
 89
106
113
115
109
103
100
 99
103
103
101
103
107
111
121
120
110
103
 93
110
115
118
118
121
123
123
134
131
142
143
126
124
124
139
127
141
135
136
167
151
154
137
130
134
141
149
125
151
156
151
162
172
164
170
160
155
153
169
162
160
190
167
198
181
175
154
140
160
177
164
156
165
167
168
159
174
168
128
121
152
177
168
142
167
160
170
181
171
150
126
107
139
174
163
152
176
174
150
153
133
141
114
 89
129
159
148
144
146
117
156
147
148
136
 91
 73
144
149
155
147
134
137
133
130
185
185
178
125
148
163
195
173
202
214
199
196
212
220
218
160
201
217
167
182
197
226
226
189
228
223
214
167
160
210
208
179
201
154
140
124
 94
 69
 63
 67
 73
 72
 73
109
113
129
135
153
161
102
107
106
105
129
134
145
166
142
139
142
165
172
177
109
104
142
135
157
158
172
160
170
189
177
147
116
112
144
154
149
171
165
162
206
195
187
161
155
152
131
179
195
186
188
190
206
214
202
177
138
143
134
138
176
169
198
162
194
181
180
151
126
159
149
161
170
189
176
176
185
182
188
165
141
126
145
133
139
160
164
154
167
150
158
144
121
121
 94
118
146
169
182
150
175
172
170
106
128
135
 98
121
163
168
171
156
166
155
161
152
126
136
114
156
173
186
178
144
132
156
149
138
129
115
117
121
136
130
157
148
175
156
156
135
104
 97
139
145
143
179
118
163
181
177
169
171
136
148
144
138
130
189
176
156
175
169
179
138
 98
105
100
101
117
138
145
144
146
132
125
113
104
 96
 72
 72
 74
 92
104
 84
 67
 75
 79
 66
 56
 51
 54
 71
 61
 68
 82
 81
 78
 67
 75
 69
 62
 52
 57
 70
 76
 88
 94
 69
 85
 68
 71
 75
 64
 42
 61
 67
 75
 83
 82
 71
 73
 75
 71
 69
