 85
 89
109
 95
 91
 95
 96
128
124
111
178
140
150
132
155
132
 91
 94
109
155
123
130
150
163
101
123
127
112
108
116
153
163
128
142
170
214
134
122
142
156
145
169
134
165
156
111
165
197
124
124
139
137
127
134
136
171
112
110
147
196
112
118
125
122
120
118
281
344
366
362
580
523
348
246
197
306
279
280
358
431
448
433
504
579
384
335
320
496
448
377
523
468
428
520
493
662
304
308
313
328
354
338
483
355
439
290
352
454
306
303
344
254
309
310
379
294
356
318
405
545
268
243
273
273
236
222
302
285
309
322
362
471
198
253
173
186
185
105
228
214
189
270
277
378
185
182
258
179
197
168
250
211
260
234
305
347
203
217
227
242
185
175
252
319
202
254
336
431
150
280
187
279
193
227
225
205
259
254
275
394
159
230
188
195
189
220
274
