15.21
21.13
14.14
18.22
8.74
17.33
17.10
22.20
4.44
11.62
17.50
18.59
14.77
14.63
17.16
13.44
15.63
20.99
11.98
20.13
11.90
13.94
14.06
19.71
15.73
12.79
14.12
7.77
11.03
13.36
17.36
12.82
22.16
8.83
22.66
10.65
10.72
6.77
15.73
7.26
12.82
12.38
7.26
7.90
12.11
14.56
17.11
16.15
17.12
19.97
12.36
15.92
14.00
7.05
10.19
10.78
9.21
7.36
17.01
12.14
24.86
12.34
23.49
12.76
26.97
14.95
22.94
15.88
20.30
19.13
17.26
19.99
15.76
19.82
11.09
10.70
11.71
10.65
7.61
17.73
9.71
18.58
15.04
24.44
14.33
17.18
12.21
21.90
12.28
20.73
11.76
8.82
16.89
12.58
13.63
19.38
9.80
17.85
19.01
18.91
18.88
14.20
16.58
17.32
16.85
18.32
16.11
19.17
21.18
16.17
12.02
21.46
17.35
22.76
14.03
25.30
13.46
17.17
12.98
20.27
22.75
20.75
23.21
17.67
17.24
13.78
19.22
14.90
13.06
10.99
17.73
21.11
22.43
16.87
14.56
17.60
14.45
14.89
18.00
24.21
22.95
19.59
14.67
21.08
24.71
20.18
22.18
18.08
17.29
16.30
8.69
16.46
14.26
11.23
12.90
5.82
15.13
18.50
17.66
17.37
17.78
13.96
13.89
11.98
13.02
10.64
18.09
19.92
24.02
13.62
24.69
13.59
10.97
16.25
4.93
21.28
10.00
18.47
4.75
23.36
6.40
17.65
13.67
14.15
14.16
10.63
17.78
11.99
13.65
17.64
11.00
17.07
15.07
16.24
14.92
11.62
16.75
16.54
10.82
18.45
