6.94
3.48
5.92
5.11
7.00
2.23
5.78
5.26
5.19
4.83
4.48
5.98
4.45
5.73
6.38
2.47
7.43
2.73
5.90
5.19
5.08
4.28
3.64
6.01
3.08
5.98
5.07
6.43
3.64
6.84
1.49
7.39
2.36
5.24
4.63
6.87
2.81
6.27
4.98
3.45
4.90
4.11
5.40
6.38
3.94
4.96
6.35
2.75
6.03
4.76
3.31
5.56
5.06
4.28
3.89
7.47
3.60
8.88
1.26
7.78
2.76
9.23
2.95
6.38
4.35
5.33
5.00
4.87
6.74
3.37
6.56
3.45
4.54
4.95
4.34
3.69
7.40
3.18
6.92
3.40
7.65
3.42
5.91
3.91
6.99
2.15
7.17
3.94
3.87
7.61
3.73
5.08
6.61
1.94
6.17
5.73
4.14
5.76
3.56
5.44
4.81
5.46
5.01
3.05
6.48
6.35
3.86
5.01
6.49
3.43
7.70
2.13
8.47
2.41
5.93
4.69
5.29
6.44
5.14
5.93
3.95
5.87
4.64
7.25
5.00
5.06
4.93
6.00
5.59
6.24
3.79
4.51
6.00
4.76
5.55
4.74
5.61
6.52
5.95
4.38
5.95
5.80
4.87
6.47
4.01
5.57
6.30
3.34
6.38
4.73
4.70
6.29
1.98
6.71
5.39
5.73
5.55
5.88
4.27
4.34
4.26
4.98
3.38
6.14
5.45
5.92
2.62
7.68
3.37
3.90
7.01
1.24
9.03
1.08
7.86
0.87
9.26
1.29
7.59
3.90
4.37
6.00
3.56
5.92
4.38
6.24
6.57
3.05
6.43
4.03
5.86
4.82
2.90
5.65
5.14
3.17
6.73
4.43
3.99
4.46
