13.092
11.978
11.609
10.812
 8.536
 9.617
 9.561
 9.310
11.835
12.448
12.447
13.403
12.380
11.330
11.010
10.275
 9.303
 9.815
 9.618
 9.411
12.526
12.329
12.367
13.722
13.283
12.276
11.413
10.531
 9.864
10.105
 9.958
10.380
12.619
12.527
13.249
14.206
13.176
13.059
11.406
11.235
 9.924
 9.591
10.984
10.724
13.138
12.858
13.825
13.987
13.762
14.170
12.121
12.381
10.896
10.649
12.191
10.984
13.049
13.089
14.713
15.043
15.746
14.610
12.667
12.277
10.711
11.113
12.548
11.180
12.412
14.496
14.343
15.761
16.075
14.718
13.345
12.350
11.216
12.150
12.440
11.890
11.855
13.687
15.175
15.758
16.538
16.096
14.312
13.422
11.287
11.190
11.978
11.482
16.199
16.027
16.787
16.904

