613.84
550.32
636.88
812.32
780.72
754.32
724.20
648.68
565.43
658.45
563.52
756.71
667.01
631.11
798.66
895.92
841.42
841.54
833.55
766.72
589.53
745.82
793.85
908.71
606.57
721.59
878.80
822.57
777.19
752.52
832.73
743.62
573.76
766.65
732.11
800.32
616.13
538.89
670.78
786.08
821.49
805.56
753.31
725.73
550.15
710.07
641.31
737.37
657.93
604.62
724.98
859.44
824.29
800.60
871.99
744.38
705.32
880.25
757.02
972.98
657.62
607.53
681.21
876.02
880.14
841.87
815.30
718.84
733.36
955.55
757.54
912.49
619.14
578.42
741.13
768.35
784.39
900.86
837.71
683.15
612.14
719.03
537.15
606.67

