       77.35
       77.84
       77.93
       77.75
       77.85
       77.28
       77.33
       77.28
       77.65
        78.1
       78.89
       78.17
       77.78
        78.2
       78.41
       77.87
        77.6
       78.12
       78.36
        78.5
       78.26
        78.2
       78.17
       77.65
       77.87
       78.16
       77.96
       77.93
       78.09
       78.75
       78.69
       78.86
        78.8
       78.73
        78.8
       78.38
       78.33
        78.4
       78.36
       78.53
       78.48
       77.63
       77.27
       76.87
       76.82
       76.78
       76.69
       76.73
       76.51
       76.88
       77.13
       76.79
       76.96
       76.83
       77.12
        77.3
        77.1
       77.13
       77.42
        77.5
        77.3
        77.5
        77.5
       77.86
       78.42
        78.6
       78.46
       78.57
       78.71
       78.18
       78.44
       78.03
       77.99
        77.9
       77.76
       77.28
       77.03
        77.5
       77.41
       77.68
       77.95
       77.92
       78.14
       77.88
        77.8
       77.64
       77.95
       78.07
       78.38
        78.3
       78.38
       77.91
       77.88
       78.35
       78.34
       78.25
       78.24
       77.65
       77.15
       75.65
        75.9
       76.03
       76.05
       75.65
       75.94
       75.75
          76
       76.03
       75.07
       75.15
        75.2
        75.5
       75.48
        75.4
       75.45
       75.98
        76.3
       76.31
       76.41
        76.5
       76.45
        76.5
        76.7
       76.75
        76.7
       76.51
       76.43
       76.42
       76.51
       76.65
        76.5
       76.64
       76.64
          77
       77.38
       77.55
        77.6
        77.3
       77.85
       77.55
       77.38
       77.51
        77.1
       77.58
       77.61
       77.92
        77.8
       77.65
        77.9
       78.02
       78.22
       78.35
       78.25
       78.35
       78.39
       78.25
       78.21
       77.85
       77.76
        77.9
       78.15
        78.4
       78.71
       78.55
       78.45
       78.41
       78.45
       78.42
       78.52
       77.81
       78.48
       78.56
       78.67
       79.05
       78.78
       78.96
       79.58
       79.63
