144.58
137.30
140.06
132.14
137.75
145.52
147.85
162.82
147.36
143.74
143.87
154.35
157.24
142.46
150.02
142.02
153.49
156.13
177.91
173.81
152.16
151.87
149.73
159.60
164.33
147.08
155.48
146.22
153.23
162.44
176.82
179.72
155.22
154.94
152.79
169.35
178.31
156.67
164.16
153.15
157.35
173.36
186.41
186.38
164.97
163.63
168.99
183.09
196.37
162.73
169.16
156.85
169.33
180.79
198.92
196.09
176.26
166.39
167.07
184.21
197.83
173.50
173.19
159.74
175.24
188.31
202.68
206.41
185.57
175.80
176.17
191.87
209.69
186.35
182.85
169.96
178.07
186.68
202.25
204.85
180.75
179.71
177.50
188.71
200.00
188.72
187.47
168.72
175.73
189.43
216.78
215.39
191.48
178.56
178.55
195.59

