1.1138 
1.1091
1.1094
1.1158 
1.1161
1.1182
1.1185
1.1209
1.1207
1.1206
1.1186
1.1159
1.1134
  1.11
1.1118
1.1131
1.1131
1.1146
1.1257
1.1262
1.1257
1.1267
1.1261
1.1266
1.1264
1.1505
 1.157
1.1614
1.1615
 1.191
 1.191
 1.191
 1.191
 1.191
 1.191
 1.191
 1.191
 1.191
 1.191
 1.191
 1.191
 1.275
 1.275
1.4167
1.4167
1.4167
1.4167
1.4167
1.4167
1.4167
1.4875
1.4875
1.4875
1.4875
1.4875
1.4875
1.4875
1.4875
1.4875
1.4875
1.4875
1.4875
1.3103
1.3105
1.3162
 1.327
1.3384
1.3666
1.3537
 1.341
1.3432
1.3258
1.2977
1.2794
 1.256
 1.271
1.2594
1.2571
1.2588
1.2607
1.2486
 1.239
1.2271
1.2356
1.2407
1.2462
1.2373
1.2261
1.0123
1.0864
 1.087
1.0967
1.1031
1.1045
1.1039
1.1155
1.1225
1.1051
1.1076
1.1236
1.1274
1.1414
1.1382
1.1365
1.1431
1.1362
1.1302
1.1475
1.1551
1.1521
1.1566
1.1891
1.1363
1.1505
1.1334
1.1283
1.1182
1.1024
1.1048
1.1211
1.1302
1.1284
1.1298
1.0974
1.0942
1.1055
1.1069
1.0987
1.0831
1.1145
1.1426
1.1576
1.1525
1.1656
 1.169
1.1726
1.1643
1.1807
1.1707
1.1566
1.1684
1.1505
1.1385
 1.148
1.1356
1.1508
1.1414
 1.135
1.1514
1.1279
1.0994
 1.074
1.0503
1.0608
1.0482
1.0223
 .9958
 .9643
 .9493
 .9367
 .9548
 .9806
 .9718
 .9606
 .8629
  .868
  .882
 .8745
  .881
 .8785
 .8965
  .916
 .9128
  .902
 .9178
 .9429
  .935
 .9201
 .8992
 .8613
   .83
 .8488
  .833
 .8487
 .8596
 .8278
  .815
 .7138
 .7051
 .6523
  .658
 .6655
 .7271
 .7034
 .7077
 .7002
  .685
 .6809
 .7155
 .7012
 .7119
 .7391
 .7166
 .6772
  .598
 .6085
 .6274
  .642
 .6488
 .6648
 .6608
 .6748
 .7053
 .7048
 .7137
 .7203
 .6978
 .7124
 .7194
 .6757
 .7052
 .7225
 .7138
 .7198
 .7388
 .7585
 .8051
  .794
 .8045
 .8069
 .7829
 .8256
 .8781
 .8555
  .889
 .7996
 .8194
 .7928
 .7484
 .7553
 .7524
 .7656
 .7764
 .7831
 .7815
 .7927
 .7708
 .7594
 .7542
 .7509
 .7691
  .789
 .7901
 .8162
 .8265
 .7847
 .7745
 .7733
 .7849
 .7851
 .7752
 .7817
 .7609
 .7681
 .7775
 .7848
 .7995
 .7837
 .7848
 .7598
 .7498
 .7546
 .7684
 .7593
 .7589
 .7488
 .7442
 .7134
  .714
 .6954
 .6823
  .688
 .6786
 .6957
 .7058
 .7116
 .6769
 .6722
 .6834
 .6708
 .6453
 .6661
 .6568
 .6771
 .7112
 .7178
 .7008
 .7124
 .7361
 .7291
 .7393
 .7425
 .7393
 .7422
 .7674
 .7768
 .7583
 .7395
  .728
 .7299
 .7138
 .7086
 .7389
 .7524
