0.79900  
1.12200  
1.40500  
1.29100  
0.86800
0.00000
1.24400
0.65400
0.85300
1.22400
0.82300
0.82900
0.98800
0.97900
0.89000
1.14800
0.71600
0.63100
1.14600
1.07500
0.41800
0.66600
0.48000
0.72400
0.75100
1.00900
1.06000
0.54800
0.95400
1.05600
0.95100
1.26400
0.58300
1.02200
0.78500
0.57700
0.97800
0.69400
1.05400
1.37500
0.61800
0.95200
1.42000
1.05200
1.29100
1.00800
0.99700
1.31900
1.58700
0.84400
1.22200
1.40900
1.41800
1.19100
0.88400
0.98700
1.16000
1.32300
0.56700
1.05700
1.33300
1.47500
1.62900
1.27300
1.38900
1.55100
1.51000
1.12000
1.42500
1.44300
1.71500
1.83000
1.72700
0.98100
1.11700
0.50000
1.08200
0.82300
0.79200
0.70300
0.89500
1.08400
0.86300
0.65700
0.57100
1.27800
1.42700
0.87900
1.07100
1.14000
1.08500
1.08000
0.65800
1.19800
1.11000
0.85000
0.77300
0.87900
1.21000
0.57700
0.85000
1.16300
0.90300
0.69000
0.90400
0.93000
0.60800
1.17100
1.22900
0.95300
0.88500
0.72700
0.40200
0.58600
0.78600
0.84400
0.95500
0.64600
0.78100
0.71400
1.02200
1.25400
1.56000
1.69000
1.36800
1.27000
1.08000
0.78400
0.83000
0.31800
0.69400
0.70800
0.67200
0.63100
1.01800
0.95500
1.08600
1.14400
1.17300
1.26600
1.21300
1.07900
1.24900
1.35900
1.06900
0.21200
0.92600
1.03500
1.18900
1.22700
1.24100
1.11700
1.12400
1.09900
1.15700
1.16500
1.00800
1.21300
0.90800
0.92200
0.86900
0.96600
0.92500
0.90500
1.17700
1.19400
1.07200
0.78500
0.86700
0.74300
0.68200
1.08200
0.85100
1.03300
1.14500
0.97400
0.58700
0.69000
0.43900
0.79400
0.57800
0.71700
0.81600
0.75500
0.89700
0.97100
0.83200
0.68500
0.82900
1.03000
0.90800
1.07400
1.16700
1.10800
1.43600
0.87200
1.33300
1.26400
1.23300
1.10900
0.56800
1.15200
0.38300
0.72700
0.72200
1.15800
0.95700
0.75400
1.08100
1.17900
1.07900
1.11200
1.34600
1.33800
0.82000
0.91400
1.06900
1.02600
1.18600
0.73900
0.63900
0.87600
0.69800
0.91900
0.95200
1.06700
0.63900
0.55700
0.82100
0.97500
0.55100
0.58900
0.93500
0.76200
0.67700
0.95900
0.79000
1.08200
0.89200
1.15900
0.60700
0.98200
0.77900
0.63000
0.96500
0.93900
1.18500
0.80700
1.02100
0.79400
0.89100
1.10800
1.18800
1.08700
1.26800
1.27800
1.00400
0.79700
1.35000
1.28100
1.46400
1.37700
1.74000
1.66200
1.43000
1.16900
1.23400
1.30500
1.04500
1.13900
1.21400
1.48700
1.59200
1.46800
1.41600
1.31500
1.09500
0.39700
0.98500
0.74000
1.08400
1.43500
1.06200
0.51000
0.75900
1.35000
1.09400
1.24900
1.28800
1.50300
1.16900
1.21800
0.98500
0.65300
0.87000
1.24300
1.29600
1.23900
0.93800
1.16900
1.31600
1.19600
1.04700
1.37000
0.77000
0.50000
1.39200
1.10500
1.20800
1.32700
1.16400
1.24500
0.86300
0.71600
1.13900
1.05700
1.21500
0.81100
0.88800
0.87100
0.71700
1.07800
1.03000
1.00000
0.82100
0.26600
0.51800
0.53600
0.93300
0.74300
0.70000
0.74500
0.69000
0.69200
0.43800
0.64400
0.75500
0.73300
0.64300
0.66400
0.69000
0.44300
1.18600
0.92200
0.67300
0.92200
0.96600
0.87500
0.88800
0.92000
1.45500
1.25000
1.14500
1.23500
1.01300
1.12700
0.46300
0.92500
0.86200
0.26600
0.77800
0.75400
0.62900
0.93700
0.92600
0.85800
0.97600
0.88900
0.96000
1.02400
0.99700
0.81500
0.89500
0.91400
0.78100
0.68100
1.06100
0.77100
0.67600
0.89100
0.89400
0.90600
1.02700
0.97800
1.05800
1.05500
1.04000
1.20900
1.33200
1.20200
1.03000
0.74000
0.58700
1.24900
0.99500
1.04300
1.18100
0.92200
0.88600
1.04300
0.87400
0.92300
1.15000
1.23800
0.95000
1.22200
1.20000
1.16400
1.05300
1.13200
1.07600
0.96800
0.99000
0.70700
1.00400
0.36700
0.93200
1.00200
0.77800
1.03500
0.62800
0.59000
1.22700
0.85600
1.09700
1.09400
1.00400
1.07800
0.85900
1.18100
0.91300
1.06800
1.28300
0.93600
1.06100
1.24000
1.01600
1.22900
0.87300
1.20300
1.06500
1.20100
1.40200
1.08800
1.21500
1.16500
1.11500
1.04500
0.81500
0.63200
0.72600
0.84100
0.29800
0.54200
0.79300
0.78400
0.86800
0.89700
0.83700
0.75300
1.29300
1.12700
0.86900
0.95500
0.96600
0.61600
0.93500
1.03500
1.03000
0.92600
1.08900
1.35800
1.42600
1.19700
1.22900
0.98500
1.05700
1.13800
1.11900
1.59300
1.58600
1.07800
1.64700
1.45700
0.91900
0.73700
1.35300
1.03100
1.04100
0.93400
1.30100
1.33800
1.15000
1.15500
1.47800
0.99500
0.64000
1.11600
1.56300
1.26900
1.30400
1.47400
1.33400
1.41700
1.19100
0.47000
0.88900
1.04400
1.16500
0.97800
1.01600
0.79600
0.84900
1.00200
1.09800
1.26300
1.23500
1.06800
1.06000
1.18600
0.85700
1.07000
1.01700
0.21800
1.11000
0.96000
1.23400
1.29500
0.92900
1.44000
1.29100
0.65400
0.80600
0.18400
1.03900
1.19700
1.26800
1.31500
1.14200
0.99400
1.42000
1.50800
1.32300
0.75400
0.63800
0.84800
1.07300
1.09900
1.49700
1.05500
0.85100
0.81700
0.92600
0.60700
0.73100
0.65400
0.78800
0.97800
0.83900
0.99800
0.97200
0.59100
0.88300
0.96700
1.11400
0.97900
0.88700
1.17900
1.45900
1.21800
1.07900
1.00500
1.44200
1.34900
1.05800
1.21900
0.98200
0.83800
0.84700
0.96100
1.07000
0.84400
0.84700
1.17700
0.98700
0.84400
0.63600
1.06100
1.17500
0.98500
1.19900
0.92400
0.53400
0.76100
0.87400
1.02600
0.92300
0.51000
0.64300
0.98600
0.66800
0.90300
1.14300
0.87600
0.99500
0.83400
0.50300
0.88200
1.20400
1.05500
1.33400
1.17000
1.24500
1.30900
1.20900
0.97900
0.77000
0.33200
0.77700
0.99500
0.65600
0.66000
1.04700
1.07100
0.93500
1.25000
1.10200
1.06600
0.92200
1.05600
1.00300
0.98500
0.87900
0.98100
0.51800
0.84000
0.50300
0.78400
0.36300
0.65900
1.10700
0.98400
1.06000
1.16000
0.60800
0.79700
0.89000
0.61300
0.73900
0.72200
1.02000
1.28800
1.20300
0.98400
1.00100
1.15700
0.72300
0.45700
0.61700
0.91300
1.01300
0.83200
0.77600
0.85600
1.06300
0.74500
0.88000
0.91400
0.69700
0.50500
0.88000
0.88000
0.90400
1.10100
1.33400
0.79400
1.21100
0.96900
1.35000
0.94200
1.12800
0.81200
1.34600
1.15700
1.37600
1.11200
0.70600
1.41600
1.43600
1.08300
0.70900
0.97900
1.11800
0.82900
0.48900
0.34700
1.18400
1.05200
0.87400
1.45000
1.58300
1.50700
1.26800
1.68400
1.64200
1.15100
1.52700
1.00400
1.19300
0.52400
1.15500
0.94100
0.83000
1.04300
1.16000
1.02100
0.88000
0.75000
1.19700
0.22500
1.03500
1.15200
1.12400
0.93800
0.94000
0.81200
0.79800
0.81500
0.82500
1.23600
0.93500
1.29200
1.24300
1.05800
1.18400
0.85000
0.82900
1.16200
1.35900
1.10500
0.96400
1.17800
1.01600
0.90400
0.87000
0.95900
0.71200
0.81600
1.07100
0.77600
0.52900
0.63300
0.48900
0.52300
0.80300
0.84500
0.92900
0.61000
0.81100
0.86600
0.65400
0.90700
0.75900
0.74700
1.04100
0.82400
1.01400
0.97200
1.23500
0.70200
1.05200
1.01500
1.20900
1.13500
0.97200
0.88900
1.00500
1.35500
1.25300
1.43700
1.05900
0.54000
0.39100
0.88900
0.90700
1.11600
1.04200
1.07000
0.95800
1.09200
1.05000
1.14000
1.31100
1.52300
1.15100
1.05200
1.41400
1.15200
1.09800
0.70000
1.10100
1.33200
1.13400
0.98900
0.64800
0.63900
0.91700
0.88500
0.94200
0.81300
0.82700
0.83000
0.44300
0.91800
1.22300
0.91900
1.10300
1.10500
1.07700
1.56500
1.24000
1.22000
1.31000
1.26300
1.39400
1.27400
1.40300
1.19800
1.24200
1.07100
1.40600
1.67700
1.43300
1.09600
0.88800
1.37200
1.40100
0.80400
1.02800
1.07500
0.39200
0.87700
1.02600
1.17000
0.74400
1.37200
0.51600
0.33600
0.81000
0.57600
0.91400
0.74400
0.52400
0.77100
0.52900
1.15500
1.06800
0.88700
1.06500
1.27900
0.87600
0.66700
0.56500
0.77800
0.10600
0.50400
0.92400
0.84900
0.65700
0.93100
0.62600
1.03200
0.88300
1.15000
1.04100
0.73600
0.94100
1.37700
1.08300
1.04900
0.68700
1.11400
0.65100
0.81000
0.81100
0.99200
0.95900
1.10000
1.02000
0.68200
0.61700
0.91700
1.05700
1.11800
1.28200
1.27800
1.15700
1.07400
1.31600
0.99700
0.82700
1.15600
0.86900
0.57400
1.11300
0.89800
1.06900
1.11500
0.95600
1.13900
0.74700
1.29700
0.92100
0.43800
1.07200
1.27100
1.13000
1.54300
1.29000
1.28200
1.17600
1.16300
0.75100
1.33000
1.18400
1.30000
1.30500
1.19500
1.19600
1.21200
1.02600
0.50200
0.71400
1.28400
1.14600
1.12500
1.27300
1.12000
1.16100
0.54200
1.19800
0.40300
1.25300
0.65200
1.02500
1.14100
1.29000
0.80300
0.57300
1.02500
0.74200
0.84200
1.07400
0.80100
0.93800
1.26500
1.14000
0.97600
0.96900
0.75200
0.68700
0.85200
1.07100
1.21000
0.92300
0.36100
0.89400
1.01800
0.96200
1.10300
1.18600
1.28700
0.30500
1.38800
1.23200
1.17900
0.67000
1.25200
0.72800
1.00600
0.89200
1.09300
0.92100
1.04500
0.65400
0.92300
1.01000
0.70000
0.87800
1.03100
0.71900
0.78600
0.93400
0.87600
0.86600
0.71400
0.73000
0.52800
0.83700
0.61200
0.81200
0.56600
0.38400
0.64300
1.15400
0.91800
0.96200
0.94500
0.94200
0.57400
1.15600
1.08500
1.48200
0.96700
1.21800
1.44100
1.43600
1.30000
1.35700
1.12400
1.13700
0.78200
1.26000
1.55000
1.39600
1.26200
1.43200
1.73900
1.68800
1.11000
0.64900
0.85900
0.57500
1.15500
1.08600
1.21400
0.98100
1.10000
0.88700
1.27600
1.35200
1.55100
1.34900
1.26300
1.66900
1.45000
1.44000
1.53200
1.03200
0.64300
0.69600
0.97900
0.91200
0.98700
1.01800
1.26000
1.20400
1.10800
1.14400
1.12900
1.12900
0.94400
0.86200
0.77900
0.37700
0.80200
0.78600
1.20900
0.94900
0.63800
0.86500
1.05300
0.85000
1.03700
0.63300
0.42000
0.48600
0.61500
0.74600
0.76700
0.96200
1.07100
1.24300
0.63100
1.16400
1.21000
1.43300
1.11300
1.50700
0.75900
0.71700
0.78600
0.74200
0.95300
1.30600
0.84300
1.02500
1.07600
1.03300
1.35400
1.24000
1.14000
1.17200
0.64700
0.61400
0.59100
1.16100
1.04900
1.36500
1.00800
1.09900
0.82600
0.59700
0.39600
0.57400
0.70500
0.60300
0.44100
0.82600
0.84300
1.16700
0.64500
0.96900
0.99600
1.23500
0.86500
1.03300
0.63300
1.41300
1.24600
0.98400
1.40700
1.94800
1.28800
1.60100
1.27400
1.06900
1.31200
1.38700
1.35300
1.32600
1.36900
1.36200
1.05900
1.34100
1.26700
1.00500
0.98600
0.87000
1.03000
1.13600
0.85300
0.62100
0.98900
1.11300
0.94100
0.67900
1.12500
0.69200
1.01600
0.80900
1.06300
0.85300
0.89700
0.31200
1.04900
1.07800
1.10100
1.11600
0.49400
0.82500
0.72000
1.05200
0.88800
0.35000
0.82200
1.10800
0.97700
0.66300
0.70800
0.70100
1.31600
1.09600
1.30700
1.13200
0.55300
0.97200
0.79400
0.52700
0.53700
1.11400
1.25200
1.44200
0.77800
0.63300
0.95400
0.92300
0.95300
1.54400
1.62600
1.74400
1.12200
1.17100
1.16000
1.23700
1.26700
1.21400
1.03000
1.14400
0.52100
0.74600
0.91000
1.04800
0.72200
0.43100
0.74900
0.75800
0.82800
0.88500
0.43600
0.34700
1.19200
0.97200
1.26100
0.91300
1.18400
1.19300
1.02000
1.25600
0.98100
1.18100
0.84300
0.78300
1.04500
1.15600
1.14500
0.54200
1.14900
1.06600
0.86800
1.27300
1.31100
0.99200
1.33100
1.06700
1.05700
0.55600
0.72500
0.59700
0.98700
1.24800
1.22800
0.72500
0.90800
0.95000
1.01000
0.49000
0.79200
0.41300
0.73500
0.75200
0.69600
0.88800
1.02600
1.35200
1.15400
1.44300
1.47600
1.45200
1.33600
1.63900
1.48300
1.15000
0.90300
1.04800
1.04200
1.08800
0.94600
1.47500
1.19100
1.16800
1.19800
1.01400
1.34700
1.44400
1.06000
0.97800
0.71200
1.36500
1.06700
0.85900
1.26600
1.19700
0.73800
0.69800
1.04400
1.19300
0.94300
0.30200
0.53400
0.87700
1.04000
1.02700
0.86200
0.69000
1.36600
0.71100
0.83300
1.28800
1.03600
1.23800
1.36300
1.22000
1.36500
0.37900
0.83200
1.03300
1.08600
1.25200
1.46800
1.23900
1.02300
1.06500
1.26700
1.34700
1.09600
1.09100
1.06000
1.09500
1.23500
1.31200
1.43600
1.13000
1.37000
1.56900
1.72400
1.09700
0.74600
0.83500
0.97200
0.71500
0.84500
0.90800
0.97500
1.01700
0.59700
0.36500
1.27500
1.44600
1.12200
1.22000
0.74100
0.46600
1.00200
1.21700
1.16600
1.26000
1.37200
1.39700
0.49600
1.32300
1.03700
0.92500
1.33100
1.11200
1.38200
0.56200
0.93000
0.80400
1.16500
1.17900
1.39800
1.02200
0.86300
0.94600
1.44300
1.01200
0.65900
1.00000
0.92600
0.57400
1.02700
0.59100
0.79700
0.33800
1.09500
0.80200
1.13400
1.13800
0.96100
1.02500
1.22700
1.05700
1.07100
1.17900
1.16300
1.19200
1.15900
0.56500
0.46900
0.60700
1.11100
0.99700
1.17000
0.91500
1.02300
1.16100
1.20300
1.34300
1.17200
0.95300
1.00400
1.08100
0.92800
0.90400
1.04400
1.06600
0.45600
0.72100
1.02200
0.83500
0.54800
0.62600
0.62300
0.72900
0.83300
1.16800
0.85200
0.84900
0.99700
0.74000
0.60400
0.98700
1.12700
1.18100
1.11800
0.57600
0.96200
1.14700
0.87100
0.97500
1.07200
0.82500
0.26400
0.62300
1.09000
0.86700
1.02300
1.14600
0.29400
0.89700
0.51200
0.93400
0.97400
0.68600
0.84100
0.78100
1.00400
0.72500
0.61400
1.05000
1.10000
0.62200
1.39500
0.98300
0.72800
0.30300
0.96300
0.76900
0.84300
0.81300
0.60300
0.86700
1.05500
1.08200
1.00700
1.03800
0.48600
0.98900
1.22700
1.16500
1.23100
0.90800
1.04400
1.01700
1.22400
0.85800
0.75000
0.48700
0.91300
0.85900
0.65500
0.44600
0.76900
0.48700
0.89700
0.40500
0.84400
0.99900
0.92900
0.86600
1.21700
0.66800
0.34000
1.10500
0.93800
1.24000
0.99500
0.73500
0.62700
0.74200
0.86000
0.93600
1.03000
0.65700
1.18300
1.04200
0.92000
0.82700
0.98000
0.71300
1.03400
1.13700
1.08000
1.24400
0.85500
0.80500
0.50600
0.97300
0.95900
1.04700
1.17800
0.66900
1.01000
0.95800
1.17900
0.68700
0.99500
0.67600
1.11900
1.07800
0.90500
1.20800
1.03300
0.76900
1.15500
0.93600
1.19600
1.09200
1.11100
0.78100
1.31000
1.12500
1.18800
1.19600
1.35200
1.00100
1.38300
1.04200
0.64700
0.80900
0.70300
1.12300
1.25000
1.15300
1.14400
0.85700
1.10700
1.28200
0.92000
0.89200
0.92300
1.20000
0.42800
0.85500
0.65500
1.28800
0.86000
0.80100
0.73200
1.49700
1.19300
1.43500
1.48800
1.20000
0.57400
1.07800
0.82300
1.12500
0.81900
0.60400
1.21500
0.96700
0.82400
0.59800
0.77900
0.38000
0.47100
1.06500
1.21400
1.14900
0.70000
0.89500
0.94500
0.87200
1.26600
0.97500
0.70700
1.02500
1.16200
0.74600
1.32900
1.81200
0.70800
1.09000
0.61500
0.81900
1.00400
1.23000
1.13100
1.18900
1.59700
1.27800
0.98100
1.42400
1.56200
1.27900
1.33800
1.90500
1.63700
1.00100
1.27600
0.84700
1.22500
1.07100
1.40200
1.38600
1.29100
0.86500
1.41100
1.24500
1.08300
1.29900
1.14200
1.20000
0.98700
0.59100
0.94300
0.50000
0.87100
0.71000
1.25800
0.87400
1.05800
0.96400
1.29800
1.36600
1.08000
1.51200
0.82500
0.73200
1.12400
1.01800
1.29400
0.93800
0.88400
1.17100
0.80600
1.03400
0.74300
0.60300
1.35400
1.24600
0.77500
1.11500
0.98500
1.33800
0.91900
0.89600
1.24200
1.09000
1.17600
0.99200
1.21400
1.14300
1.06700
0.94800
1.19500
0.68500
1.20100
1.06900
0.77000
1.16800
1.06000
1.26200
1.48300
1.49300
1.34900
1.53600
1.62000
