0.93600  
0.49700  
0.54000  
0.50700  
0.67000
0.54800
0.96900
0.56200
0.70700
0.49400
0.59200
0.64300
0.53100
0.44800
0.46500
0.09100
0.56800
0.49100
0.83200
0.72900
0.67500
0.74200
0.60600
0.60300
0.32000
0.51700
0.44800
0.60400
0.72000
0.51100
0.79500
1.05800
1.59300
1.27000
1.80900
1.27000
1.09900
0.70200
0.82200
0.74900
0.87900
0.94500
0.70500
0.86400
0.53400
0.94200
0.73600
0.79300
0.58900
0.58700
1.30300
0.90800
0.69400
0.07900
0.92700
0.83100
0.53300
0.65800
1.16700
1.10200
1.23900
1.55000
1.62000
1.44000
0.60900
0.67700
1.21100
1.52500
1.40100
0.37000
0.83200
0.83800
0.96700
0.89500
1.08800
0.73300
1.15000
1.11400
2.17700
1.96100
0.99600
1.10900
1.30500
1.38100
1.28600
0.80500
0.96000
1.02500
1.45900
1.48000
1.21300
1.06800
1.10900
0.75500
0.99700
1.06900
1.53600
1.45800
1.63800
1.65900
0.50900
0.99200
0.30300
0.84100
0.81500
0.35700
0.82900
0.63700
0.73100
0.05100
0.78600
0.75600
0.84600
1.29200
1.00300
1.07900
0.64300
1.02000
0.79600
1.30200
0.97200
1.93100
1.39600
0.81000
0.98900
0.98600
0.71500
0.88600
0.97400
0.35700
1.11300
0.29200
0.83100
0.71700
0.70200
0.49700
1.15800
0.51700
1.14000
0.90500
0.91100
0.95800
0.66700
0.46000
0.35700
0.07500
0.70500
0.16600
0.80200
0.65100
0.16600
0.79800
0.83800
1.06000
0.81500
1.51300
1.32700
0.88100
0.79800
0.65200
0.66900
0.61500
0.10300
0.99900
1.01800
0.61100
0.97800
0.97400
1.08400
0.73900
1.34100
1.08400
1.11400
0.74700
0.66200
0.86400
0.87500
0.99700
0.37700
0.76900
0.97300
0.41700
1.14300
1.16500
1.20400
1.44400
1.46900
1.41800
1.03900
1.06300
0.69800
1.39600
1.55200
1.41000
1.47300
1.07100
1.29300
1.04400
1.25300
0.97500
1.25700
0.45200
0.63100
1.22800
0.94800
1.34900
1.34100
0.52700
0.72500
0.89700
0.86700
1.06400
1.22700
1.02000
0.84000
0.90900
1.04300
1.03500
0.88600
0.97100
1.32800
1.24900
1.02200
0.57300
1.12500
1.01400
0.33200
1.68900
1.40500
0.75700
1.24800
0.82300
1.52100
0.55500
0.99700
0.60700
0.16000
1.10000
0.83000
1.23000
1.42300
1.20500
0.87500
0.39900
0.76400
0.85600
1.20900
1.59400
0.66600
1.18100
1.04400
0.88200
1.38900
1.00400
1.78000
1.37200
1.59200
1.29200
0.63300
1.10500
1.34700
0.70100
1.31900
1.41600
1.09900
1.15800
1.29100
1.59100
2.85500
2.20800
1.35500
1.46500
1.24400
1.62400
0.63900
0.87000
1.79900
1.74200
1.34800
1.12600
2.02700
1.36700
1.10900
1.23000
1.12600
1.19700
1.06100
1.64200
1.65000
1.34800
1.08700
0.13700
1.24400
0.77800
0.70000
1.62600
1.59900
0.85600
1.60300
1.37800
1.14400
1.42200
1.03800
0.99600
1.67500
1.71800
1.93800
1.95200
0.96100
1.89700
1.82100
1.89600
1.49500
0.86700
1.60600
1.13400
1.17400
1.70300
1.29700
1.83200
1.30100
0.65600
1.19000
1.12900
1.03700
1.58300
0.92400
0.89600
0.93600
1.00300
1.48900
1.25900
1.31700
1.04600
1.15400
1.35400
1.27400
1.12500
1.31100
1.15600
0.52100
1.25000
0.98500
1.43200
0.75700
1.20200
0.90600
0.97600
1.19400
0.95400
1.59900
1.28300
1.27700
1.16100
1.18000
1.24300
1.32700
0.95400
0.91000
1.03500
1.16600
0.84000
1.28500
1.11100
1.27300
1.28500
0.85500
1.39400
1.11100
0.69900
0.62200
1.30200
1.05700
0.82200
0.99800
1.46300
1.43600
1.08200
1.32300
1.26400
1.13200
1.25500
1.14700
1.34300
1.33100
0.31600
0.45700
1.17500
0.83500
0.94600
1.15500
1.16400
1.16700
1.31900
1.50500
1.11900
0.83000
0.86600
0.89100
0.64800
0.76600
0.77300
0.60900
0.43200
0.87800
0.74200
0.87900
1.18700
1.31700
1.39000
1.26900
1.22200
0.92100
1.36500
1.11500
0.18900
0.85000
0.83100
0.76600
0.96200
1.05100
1.44900
1.30800
1.32700
1.19100
1.09100
0.77700
1.38600
1.10400
1.27200
1.02400
0.52900
0.94400
1.37100
0.84200
1.15800
1.13800
1.15600
0.87300
1.25500
0.64600
1.17100
0.66100
1.22800
0.85200
1.14900
0.62200
0.78700
0.82600
0.80400
1.26400
0.54600
0.36700
0.71700
0.77900
0.82900
0.86900
1.17200
1.13000
1.21800
1.07600
1.10800
0.81900
0.65000
0.89500
1.26700
0.99800
1.23200
1.29300
1.13900
1.46600
0.97100
0.80400
1.15300
0.79300
0.96400
1.05800
1.31900
1.01300
0.94400
1.36400
1.27700
1.16300
1.03200
0.93900
0.90900
0.87500
1.08100
0.73000
0.98000
1.11200
0.85900
0.86300
0.38300
1.10500
1.10900
1.35600
1.16600
1.21000
1.04400
0.98600
0.77100
1.17300
1.18300
1.24400
1.05100
0.85500
0.58300
0.64500
0.59600
0.95100
0.96800
1.01500
0.63300
0.71000
0.60700
0.33800
0.42400
0.85900
0.83500
0.29100
0.92700
1.09100
1.34000
0.86000
1.10700
0.19200
1.15200
0.50800
0.96100
0.95400
0.71500
0.95500
0.77800
1.02900
0.50800
1.19700
0.98900
1.24100
0.87300
0.87400
1.00700
0.25200
0.39800
0.75600
1.04400
1.23400
1.06500
1.55600
1.36500
1.20100
1.41800
1.12800
0.79000
0.69400
0.93300
1.17800
1.47600
1.11200
1.03900
0.99700
1.04400
1.22500
0.01500
1.20700
0.38600
0.94300
1.12800
0.59800
0.57100
0.64600
1.34800
1.07300
0.99200
1.31400
1.16500
0.93900
1.05000
0.99000
1.02000
0.87100
1.24500
1.14100
0.96100
0.41100
0.77300
0.92000
1.20100
0.74300
1.26900
0.27800
0.03400
1.26200
1.00500
0.90400
1.00500
0.82300
0.68200
0.82800
0.39000
1.06100
1.03900
1.19700
1.06200
0.67400
0.96200
0.53200
0.82000
0.96200
0.98700
0.93800
0.32900
0.74400
0.82700
0.99000
0.94800
1.12900
1.32500
0.81900
1.23100
0.63300
1.28600
1.62600
1.28100
0.63600
1.20800
1.17400
1.30500
1.52800
1.20700
0.83600
1.14200
0.96800
0.92700
0.76500
0.91800
1.05700
0.84000
0.80900
0.90400
0.20900
1.12500
0.85500
0.63100
0.67300
0.48000
0.31200
0.67300
0.77500
1.03400
1.05700
0.35600
1.12400
1.09900
1.22100
1.03200
1.06700
1.07500
0.94500
0.69400
0.47000
0.82100
0.88700
0.81900
0.49100
0.91400
0.89000
1.05100
1.02100
1.02200
1.11500
1.81700
1.40700
1.14300
1.06000
1.21900
0.80600
0.68000
1.21000
1.14100
1.04200
0.82000
1.25500
0.93800
1.23400
0.87000
0.83800
1.01900
1.37800
1.45800
1.57000
1.40800
1.52300
1.41300
0.98700
1.35800
1.52900
0.89900
1.02600
0.60600
0.75700
1.17300
1.18500
1.10600
0.23600
1.57000
0.88100
1.17400
1.42800
1.06800
1.65400
1.52900
1.43900
1.23700
1.64000
1.52200
1.26100
1.15800
1.32200
1.29500
1.02100
1.26000
1.29700
1.54300
1.14800
1.19400
1.00700
0.91300
1.44000
1.15400
1.71900
1.33300
1.36500
1.18300
0.89500
0.99600
0.86300
1.33800
0.33200
0.80200
1.25500
0.82200
0.78000
0.67500
0.78100
1.00900
1.11300
1.14100
0.81600
0.84500
0.38900
0.23600
0.71000
0.76200
1.23600
1.43800
1.25300
1.38000
1.35500
1.07500
1.21500
0.51600
0.95600
1.10500
0.96000
1.34700
1.31500
0.73600
0.98400
0.67200
0.83500
0.89900
1.36100
0.97000
0.55100
0.81700
0.61700
0.58700
0.57100
0.20200
0.93500
0.80300
0.60000
1.01100
1.39600
1.32000
0.92900
0.96600
0.80900
0.79300
0.49900
0.57600
0.58100
0.76200
1.00100
0.74700
0.39500
0.62400
0.59400
0.57600
1.11400
0.94900
0.94000
1.07900
0.37000
1.01400
0.87400
0.94100
0.40800
0.00000
0.28500
0.74400
0.92100
0.74500
0.98200
0.79300
0.77200
0.47900
1.00400
0.02000
1.41800
1.35000
1.27000
0.50900
1.13400
0.87200
1.49500
1.09600
1.25500
1.03600
0.96900
1.57600
1.11400
1.33500
1.36200
1.10400
0.90900
1.00200
1.47100
1.05100
1.25300
0.77200
1.32200
1.30400
1.47000
1.08100
0.97700
0.30100
1.18500
0.48400
0.99400
0.83700
0.55600
0.82900
1.02000
0.82500
0.80600
0.79700
1.08800
0.86300
0.84700
1.10500
0.90100
1.21600
0.86100
0.33300
1.13200
0.44000
0.84200
0.89900
1.10500
0.78100
0.84500
1.47900
1.02100
0.78700
1.26600
1.41100
0.64800
1.12400
1.07300
1.25600
0.96100
0.76900
0.54300
0.89100
0.87400
0.92800
1.09900
0.88700
1.13300
1.25500
1.23000
0.91700
1.03600
0.85800
1.03200
0.79900
0.98700
1.23600
0.99800
0.99800
1.15200
0.51600
0.78600
0.80100
0.56900
0.45200
0.93600
0.83900
0.35000
1.05100
1.29400
0.86600
1.00800
1.19400
1.52600
1.61700
1.16300
0.99500
0.45700
1.20000
0.59700
0.35500
0.26100
0.81200
1.25200
0.72400
1.07300
0.94000
0.75400
0.90200
0.66100
0.96100
0.75400
0.57200
0.94300
1.27200
0.93800
0.72500
0.91200
1.00600
0.79200
0.66300
0.30200
1.00100
0.91500
0.75300
0.86400
0.91400
0.96600
0.57200
0.80700
0.93400
0.26800
0.55600
0.94600
0.35500
0.87700
1.05500
1.07600
0.33800
1.16800
0.97700
1.16800
0.98000
1.15500
0.62600
0.50200
0.75400
0.85500
0.92600
0.87300
1.16200
0.80300
0.18400
1.06500
0.97800
0.74300
0.75100
0.20000
0.08400
1.24500
1.22800
0.79700
1.11000
1.11500
1.11300
1.21600
1.06300
0.91000
0.89000
1.09800
0.62000
1.10800
0.33400
1.22900
0.91200
0.67100
0.83400
1.04600
0.75100
0.90400
0.82900
1.09600
0.37300
1.10200
1.06100
0.62300
1.34200
0.94100
0.97000
0.49200
1.01000
0.51800
1.30200
1.22300
1.32700
1.01900
1.02700
1.26900
0.64600
0.77600
0.98800
1.12300
0.43900
0.77400
1.04900
0.80800
0.72100
0.71200
0.58700
0.59600
0.45000
0.62200
0.34200
0.56200
0.65500
0.59300
0.28300
0.95500
0.98500
1.19300
0.34500
0.90200
0.96300
0.21400
1.29100
0.74600
1.00500
1.23700
1.46700
1.48700
1.20600
1.64700
1.05200
1.40000
1.04200
1.33400
0.79700
1.10600
1.11400
1.06400
1.43200
1.31600
1.75700
0.92100
0.32900
0.55200
0.83900
1.20900
1.33900
1.16000
1.08400
0.83300
1.17800
1.67200
1.32500
1.49600
1.56200
1.37700
1.41500
1.40900
1.34300
1.29500
1.15100
1.34400
1.28700
1.04500
1.12600
1.11700
0.52300
1.16900
0.77400
0.36200
1.12000
0.99400
1.19100
0.42900
0.89700
0.96600
1.13600
0.99000
0.66800
0.96500
0.97200
0.82000
0.94200
0.94100
1.10700
0.95000
0.56200
1.12400
0.75700
1.22300
1.18600
1.26300
1.35500
1.04500
1.02300
1.39600
0.45400
1.21800
1.20800
1.14600
1.11900
0.30400
0.88500
1.35100
1.12500
0.59300
1.30100
0.16900
0.69100
0.86500
0.83400
0.96700
1.03500
0.63500
0.93900
0.88400
1.30700
1.01200
1.21500
1.11400
1.35300
0.45000
0.90200
0.62900
0.89000
0.60100
0.97900
0.87800
0.82600
0.31800
1.16300
0.24700
1.06800
0.50700
1.27400
1.16200
0.98300
0.92300
1.63400
0.76500
1.36600
0.62600
1.28500
0.99900
0.93300
0.73600
1.14400
0.93000
1.11500
0.80900
0.42400
1.20300
0.99800
1.55400
0.98100
1.11800
1.13800
0.68300
1.25500
1.54300
0.87600
0.47000
1.45000
1.18200
1.15100
1.26100
1.45400
1.29700
0.57200
1.21900
1.19000
0.82700
1.50500
1.12300
0.69600
0.99000
1.35200
1.17200
1.50300
1.26100
1.07000
0.77000
0.97800
0.56400
1.02700
1.00300
0.89600
1.07800
1.05400
1.12600
0.55000
1.03500
0.13400
0.43200
1.29400
1.20100
1.05300
1.33500
1.12200
0.79700
0.81500
1.25000
0.07900
1.84200
1.19700
1.15100
1.42500
1.23000
0.63400
0.92600
1.01300
0.74700
0.89100
1.26200
0.91200
0.55900
1.09500
1.00600
0.77300
0.96500
0.23000
0.63300
0.47800
0.94200
0.94200
0.83700
0.20600
0.85000
1.04800
0.21100
0.54800
0.84000
1.12000
0.69500
1.19400
1.26600
1.15100
0.99100
1.11000
0.44500
1.08900
0.92300
1.26600
1.19400
1.23400
0.63900
1.17800
1.23400
0.83900
0.76000
1.38500
0.28200
0.85600
0.86000
0.59000
0.87600
0.85500
0.90300
0.42400
1.00900
0.46500
0.35400
0.77800
0.61600
0.83400
1.41800
1.22400
0.64500
0.81800
0.81600
0.03000
0.90000
1.09300
1.61900
0.44500
1.20600
1.04000
1.45500
1.56500
1.16300
1.58800
1.29900
0.92600
0.72000
1.70900
1.56400
0.87400
1.39400
1.85000
1.22200
1.15500
0.51100
1.35700
1.27300
1.73200
1.15200
1.35200
1.32000
1.23500
1.41500
1.12900
1.33700
1.33900
0.83900
0.81100
1.64000
1.51600
1.64700
1.83400
1.30700
0.51400
1.36800
1.52800
0.63900
0.99000
1.47100
1.74000
0.69600
0.60000
1.25600
1.18400
1.18600
1.32900
1.30200
1.19500
0.49000
0.92800
0.91600
1.48300
1.45900
1.01900
1.20000
1.35600
1.11000
0.95000
0.65600
0.37500
0.32100
0.65800
0.72100
0.97700
0.99400
0.95300
1.09600
0.65700
0.75300
0.76600
1.29700
1.10500
1.45700
0.59700
0.84500
0.84700
1.00500
0.36400
1.63000
0.98000
0.88800
1.13700
0.84100
1.08100
0.83100
0.86200
0.79400
0.91500
0.66800
0.67600
1.02000
0.90800
1.25000
0.77300
0.73000
0.60600
0.97800
0.73600
0.76500
1.10800
0.83100
0.66900
0.80900
0.40800
1.20400
0.82000
1.02000
0.96200
1.01900
0.88700
1.06700
0.38000
1.15500
0.92900
0.79000
1.09000
1.42900
0.78500
0.97100
0.48500
0.94300
1.03200
1.20400
0.94000
0.55000
0.80000
1.14500
1.02500
0.77600
0.76200
0.77600
0.79600
0.52400
0.31000
0.80600
0.87300
0.72400
0.47800
0.85600
0.84300
0.44800
0.68500
0.12900
0.88600
0.11700
1.06200
0.71500
0.45700
0.38000
1.20000
0.88800
1.03000
1.05800
0.51100
0.78900
0.57400
0.81400
0.48600
0.68200
0.50600
0.88700
0.85100
0.26400
0.39200
1.10800
1.18800
1.11000
1.04300
1.10100
0.52200
0.81500
0.79900
0.86700
0.65800
0.98700
1.45000
1.63000
0.85900
1.22600
1.34600
1.30300
1.08600
1.73900
1.16500
1.37900
0.86800
0.97400
1.00100
1.47200
1.51500
0.81400
1.30800
1.28100
0.91800
0.69400
0.53600
1.09700
1.13800
0.14200
0.56200
0.89400
0.84100
0.98700
0.44100
0.13600
1.38800
1.21400
1.28100
1.04700
1.42900
1.21100
0.96600
1.28100
0.86500
1.08300
1.33600
0.97400
1.62400
0.99900
0.59900
0.49200
1.03000
0.97200
0.90600
1.28900
1.22500
0.62000
0.86000
1.09000
0.73500
0.38800
1.11800
1.10500
1.09600
1.48500
1.22500
0.70300
0.97300
1.12200
0.81600
0.28400
1.23300
0.62700
0.69900
1.57600
1.00600
1.14000
1.40900
1.63700
1.44800
1.33100
1.91700
1.50600
1.58200
2.11400
1.24300
0.89400
1.17900
1.19100
0.92000
1.34100
0.77600
1.34900
1.42000
0.61800
1.01400
1.25800
1.52800
1.09800
1.00200
1.20300
0.78600
0.70000
1.04400
1.15400
0.98800
1.15300
0.76700
0.75900
1.25800
1.09000
0.98000
0.53500
0.20300
1.40800
1.32000
0.94900
1.31700
0.37500
0.92600
0.50800
0.75200
1.50700
1.53400
1.43900
0.71300
1.13000
1.48700
0.26600
0.95800
1.20600
1.13400
1.29300
1.32800
1.16300
1.13300
1.46100
1.31400
1.78200
1.27300
1.33800
0.86900
1.51100
1.56600
1.36100
1.77800
1.35600
1.44700
1.55500
1.79200
1.11800
0.87400
0.22300
1.20100
0.11700
1.31300
1.01600
0.90700
0.84600
0.76300
0.12800
1.34800
1.23300
1.04800
1.52800
0.51000
0.70300
1.00500
1.71600
1.32000
0.95700
1.20100
1.23800
1.08300
0.69800
1.57700
0.70900
1.53500
0.77600
1.79600
0.63800
0.98900
0.32000
0.99600
1.20900
1.32900
1.20400
1.23700
1.51400
1.65100
1.29300
0.99500
1.33000
0.88000
1.45000
0.82900
1.00300
1.01300
0.32500
1.14100
1.22900
1.09800
1.31100
0.75600
0.88700
1.53800
1.37200
0.66200
1.11000
1.67500
1.39900
1.46400
0.69000
1.06800
0.51200
1.34100
1.59600
1.27800
0.88400
1.13800
1.70600
1.28800
0.99300
1.21100
1.10500
1.13200
1.13600
0.79200
1.08800
1.43100
1.37000
0.56100
1.03900
1.58600
0.94400
0.52300
0.60000
0.97600
1.14200
0.80500
1.19200
0.73700
1.17900
0.65200
0.55400
0.59800
1.09400
1.28000
1.88400
0.78500
0.39800
1.46400
1.41000
1.11500
1.49300
1.07100
1.18200
0.24300
0.79300
1.16300
0.87400
0.75500
1.54300
0.25800
0.16400
0.88000
1.27300
0.61900
0.73800
1.56500
0.45100
1.41900
1.18500
1.31800
1.51300
1.53600
0.48100
1.75700
1.54700
0.68200
0.93100
0.97200
0.47400
0.36300
0.81600
1.17500
1.10500
0.90000
1.23300
0.78500
1.06000
0.37000
0.79100
0.88800
1.41400
0.76600
1.14700
1.33100
1.48400
1.74100
0.86800
0.27800
0.93600
1.23900
1.41600
0.61800
1.05200
1.12100
0.48600
0.65600
0.19200
1.19600
0.89600
1.01700
0.68300
1.52900
0.59400
0.46400
1.35400
1.06800
1.45500
1.22500
0.76600
0.84600
0.86600
1.17300
0.60800
1.11600
0.84500
0.84000
1.14700
1.14100
0.90900
0.57500
0.86300
1.10700
0.50400
0.56000
1.09500
0.96300
1.18300
0.42500
0.92300
0.94300
1.06600
1.04500
0.80900
1.27200
0.63800
1.09300
0.40700
0.59300
0.63400
0.96000
1.14800
1.20200
1.38700
0.43400
1.35300
1.13400
1.31100
1.39100
0.87900
1.43900
0.52600
1.10100
1.25000
1.47600
1.55400
0.38200
0.80100
1.30000
1.14500
0.46600
1.14700
0.30600
1.21000
1.00900
1.25300
0.98200
1.10100
1.10100
0.97600
0.94300
0.19700
0.30900
0.60500
0.57400
0.50200
0.41300
1.25900
0.74500
0.40100
0.71600
0.94100
0.91500
1.41300
1.45700
0.77700
0.82800
1.04400
0.77000
0.89300
1.03900
0.84200
0.72200
1.21200
0.15800
0.77600
0.67800
0.55600
0.46200
1.17100
1.49200
1.11900
1.25400
1.11800
1.29000
1.45700
1.36600
1.26100
0.94600
0.83400
1.05300
0.56100
1.23800
1.60100
0.59100
1.03900
1.11800
0.48900
1.22900
0.93000
0.94200
1.15400
1.41400
1.38000
1.13100
1.28600
1.47600
1.23700
1.22300
1.69900
1.30000
0.99300
1.42400
1.17800
1.77400
1.49000
1.55100
1.49600
1.17400
0.94200
1.06000
1.06200
0.95600
1.21700
0.73400
0.94300
0.71700
1.33200
0.96000
0.52500
1.17400
0.62000
1.58500
1.25900
1.05200
1.11700
1.48200
1.39600
1.01800
1.41600
0.88500
0.55100
1.22900
1.21500
1.34500
0.82900
0.80700
1.30500
0.54300
1.11200
0.39900
0.50800
1.24200
1.31300
0.69700
1.33600
1.19900
1.06000
0.88900
0.91100
1.30700
1.12100
1.53000
1.46500
1.34700
1.14400
0.99800
1.20500
1.66200
0.51500
1.69000
1.30500
0.62400
1.32400
1.29200
1.18400
1.24800
1.18400
1.14400
1.07300
1.31100
1.06400
0.96200
1.43700
0.34100
