-.103 
.183
.241
.281
.298
.065
.102
.143
-.029
-.083
-.315
-.329
-.258
-.255
.001
.204
.318
.595
.585
.524
.315
.059
.005
-.191
-.545
-.693
-.774
-.760
-.407
-.285
-.002
.251
.318
.534
.460
.247
.190
-.053
-.012
-.053
-.241
-.191
-.248
-.295
-.171
-.154
.018
.217
.183
.298
.227
.112
-.096
-.359
-.447
-.481
-.578
-.417
-.339
-.225
.197
.311
.423
.402
.143
.038
-.002
-.117
-.083
-.161
-.268
-.127
-.123
.180
.375
.308
.399
.173
-.093
-.154
-.393
-.305
-.208
-.046
.406
.621
.389
.220
-.204
-.299
-.356
-.390
-.315
-.326
-.154
-.120
-.174
.089
.278
.328
.440
.352
.096
.059
-.218
-.299
-.346
-.410
-.285
-.275
-.194
.150
.268
.402
.547
.416
.345
.042
-.069
-.093
-.322
-.373
-.329
-.258
-.069
.055
.204
.251
.109
.089
.166
.045
.072
-.063
-.245
-.191
-.157
-.009
.069
.005
.069
.005
-.103
.015
-.100
-.019
.140
.001
.008
-.100
-.262
-.302
-.403
-.272
-.059
-.049
.072
-.016
-.171
-.157
-.258
-.285
-.133
.008
.055
.230
.234
.416
.487
.402
.305
.022
-.150
-.315
-.481
-.504
-.760
-.730
-.521
-.386
-.019
.160
.214
.426
.571
.726
.928
.830
.601
.197
-.191
-.164
-.494
-.706
-.642
-.471
-.181
.008
.177
.507
.591
.618
.460
.284
.271
.112
-.120
-.177
-.187
-.326
-.225
-.265
-.140
-.022
-.127
.112
.251
.301
.409
.237
.109
.005
-.167
-.043
-.073
-.133
.048
-.063
.011
.160
.136
.237
.268
.112
.055
-.106
-.181
-.225
-.356
-.161
-.063
-.076
.092
.109
.123
.288
.227
.349
.500
.180
-.039
-.275
-.450
-.467
-.619
-.457
-.292
-.137
.129
.399
.426
.493
.268
.281
.160
-.127
-.204
-.433
-.605
-.488
-.430
-.059
.244
.551
.884
.638
.146
-.029
-.332
-.352
-.346
-.572
-.339
-.245
-.332
-.238
-.059
.217
.244
.086
-.022
-.154
-.309
-.322
-.444
-.275
-.198
-.241
-.016
.079
.099
.284
.065
.055
.062
-.090
-.026
-.049
-.127
.109
.001
-.009
-.056
-.127
.008
.059
.075
.187
.106
.005
