1834
2010
2328
2220
2286
2203
2235
2272
2126
2113
2294
2253
2248
2310
2228
2178
2403
2219
2265
2281
2184
2238
2340
2187
2154
2279
2287
2359
2430
2344
2208
2411
2327
2408
2277
2410
2452
2339
2256
2299
2170
2288
2279
2224
2412
2342
2301
2278
2574
2154
2336
2501
2271
2434
2361
2316
2513
2475
2460
2467
2823
2555
2441
2478
2449
2373
2402
2373
2330
2455
2361
2443
2420
2269
2312
2671
2347
2457
2377
2186
2277
2308
2327
2426
1247
1963
2635
2150
2888
2491
2513
2679
2627
2739
2471
1733
1393
2036
2285
1813
2784
1959
2372
2445
2228
2377
2009
1561
1251
2097
2115
1987
2239
1901
2177
1816
1547
1694
1444
1097
 667
1387
1270
1518
1610
1665
1938
1887
2081
2245
1936
1653
 849
2081
2310
1755
1842
1861
1826
1809
1870
1791
1815
1396
 657
1607
1735
1365
1727
1734
1835
1870
1613
1263
2078
1340
 771
1871
1800
1694
1858
1753
1767
1877
1822
1760
1864
1371
 824
1842
1907
1463
1921
1697
2039
1923
1734
2013
1859
1207
 778
1810
1785
1696
1782
1508
1870
1755
1716
1820
1669
1311
 604
1755
1802
1673
1693
1641
1846
1747
1871
1878
1771
1478
 664
1668
1908
1638
1744
1956
1732
1710
1687
1709
1578
1150
 576
1404
1662
1264
1613
1725
1759
1830
1935
1691
1865
1339
 657
1800
1923
1373
2127
1686
2168
2055
1857
2063
2080
1445
 887
2075
2047
1748
2143
1772
2357
2184
1999
2408
2247
1607
1090
2077
2002
1975
1963
1881
2321
2052
1966
2218
2041
1722
 760
1961
2045
1846
2026
2104
2340
2087
2163
2081
2080
1429
1000
2057
2078 
1610
2070 
2082
1956 
2096 
2025 
2063
2081 
1738
 790
1803
1654
1614
1804
1846
1714
1794
1638
1854
1826
1188
 688
1831
1810
1357
1883
1629
1695
1794
1638
1854
1826
1188
 790
1505
1532
1480
1808
1699
1829
1729
1664
1882
1797
1249
 888
1509
1533
1294
1548
1627
1623
1576
1755
1747
1635
1370
 872
1466
1550
1485
1502
1601
1694
1819
1796
1617
1694
1421
1113
1830
1894
1954
2141
2040
2011
2197
2162
2264
2240
1651
1364
1930
1910
1493
1956
1917
2010
2117
