NA
NA
NA
201468
284033
422010
195421
155805
158931
171784
172215
225152
315015
164111
150458
150608
175944
181182
205656
254615
NA
NA
NA
NA
NA
NA
NA
NA
NA
NA
NA
NA
NA
NA
NA
NA
NA
NA
NA
NA
NA
NA
NA
NA
NA
NA
NA
NA
NA
NA
NA
NA
NA
NA
NA
NA
NA
NA
NA
NA
NA
NA
NA
NA
NA
NA
213038
231461
329375
188393
173321
173665
196579
203749
228380
316723
171970
160108
182007
190179
191833
221188
293742
162520
166537
174549
185984
171025
257416
370483
199677
171258
177883
178380
208222
231602
321809
188905
173623
166797
175769
182573
229987
303880
171061
159484
170401
189042
191084
216513
313227
177846
144241
166456
167225
170551
238627
340724
202168
239058
130816
130542
145838
203434
287776
186160
141094
134028
127463
165197
204528
362535
185396
148394
141266
171503
176017
205331
334283
192696
127530
145104
159637
168215
219804
344813
174848
131497
137583
154523
162525
205619
336956
159857
128478
142287
143754
163964
210863
314937
180874
147949
141474
130041
159709
223290
326311
167188
133233
135929
162818
165631
215400
343987
194257
139516
136926
156522
155657
217565
358625
207862
144973
155302
163656
192792
229928
387898
224214
216643
183506
174918
187052
262536
425077
232158
161168
175493
185119
196386
267579
445225
244837
199732
215435
264973
NA
736537
490374
267889
209096
226177
241120
249871
387234
616649
401558
317220
327180
381864
389974
521984
782376
527879
486437
543134
593505
648605
774691
101309
731735
108671
718611
NA
747641
599007
645222
386342
469995
366847
221621
130444
978742
739943
377127
308228
352992
284870
257359
293936
429254
250550
177469
190318
164972
156398
291772
392398
224716
240707
145489
143041
137241
211404
317510
156491
115960
117784
134548
141000
205075
328797
170547
136859
138059
147804
167298
219598
398690
219812
196396
268881
320031
565213
595731
267818
NA
NA
134590
143004
155545
215745
345254
157115
117613
126486
140642
136419
222868
348684
197903
119294
123906
146810
141067
229038
352612
197610
136428
138329
165794
176512
234594
343265
229044
163998
125459
NA
183415
223660
351914
180443
130858
142261
147047
148705
200115
332972
194773
158651
149760
153178
162272
237132
353145
191357
146471
147056
173511
181831
243732
330128
181937
137271
169870
155629
197820
325216
394164
NA
173647
159510
167227
196622
246007
379231
187416
151357
165927
188091
193401
226555
348606
194643
139919
176140
196110
198095
304787
469222
216309
175856
166788
183318
204703
246544
370675
217833
170914
176321
193349
217305
245391
352052
210176
276116
137868
169009
183861
229086
328250
195270
156316
166419
169887
173448
208237
297722
142802
863155
511884
478021
440346
498562
593298
249215
268114
276345
258970
266286
308414
371677
226453
195975
207311
218887
209544
262762
333358
185211
195739
195346
205785
254310
187810
313423
174444
189298
175117
170967
199027
222108
277462
158618
162930
166576
174606
202728
233925
313217
171506
173681
172488
205225
186401
226765
303941
180159
188324
190239
194958
219448
286996
414570
243244
176294
184744
196931
213616
241208
346890
208533
176947
197089
192776
173450
NA
349609
210236
188366
171511
209992
201111
240380
323910
203751
164616
165612
194213
184347
250823
344490
216346
274372
128424
146609
168295
214934
317383
185540
131422
138674
160558
157131
203914
348617
205799
153263
148044
170256
160823
222580
343524
191354
137127
155369
172067
193582
229099
353799
216833
138057
158656
150468
170396
212025
314894
167492
130039
130769
147531
153006
220125
306270
180723
164299
121176
161557
183091
236989
326701
188866
156896
146413
175407
192638
225619
352525
205122
145521
166685
184312
207143
234746
352224
225565
150741
142913
170299
178813
245435
400971
233444
183850
256461
207922
211982
296272
446449
254843
176169
184292
197971
306124
302059
432611
262436
224504
236220
296530
NA
847603
512077
293983
214603
234005
259163
275380
384132
NA
381444
294239
326953
390918
486900
526058
754260
426090
483412
510561
586815
614606
707410
986587
714213
962011
103148
740004
NA
779214
549390
339607
467733
459729
383106
232668
377387
407271
211940
914987
487982
394516
346554
402603
582041
299353
207478
261024
233725
250575
283467
440028
250900
258940
143962
159350
156098
219861
345167
NA
NA
139324
145845
177405
249360
365363
177460
131466
166687
161571
198002
NA
477783
252597
215489
257015
310758
430423
718537
656895
189183
212203
123002
139972
165847
220593
367346
219031
137804
138226
148700
152520
237595
407400
211651
129033
175160
203404
198360
289806
472953
243976
169637
188423
210261
217836
277005
445489
224898
197372
212817
210453
212486
295765
413505
214245
179168
170272
162717
198728
244652
369516
215049
163461
173790
211170
194246
265656
422936
223166
179386
183969
211226
244124
386298
436045
NA
196734
180183
183691
211255
262967
394393
218475
174696
175491
181812
196998
256979
411458
235997
175819
181987
182845
195416
285145
416225
232799
175410
199483
204215
220986
324766
456714
219604
172725
194630
203909
218152
287904
379702
220232
182465
196351
209660
211934
261340
364324
222582
187693
204129
197845
224117
275244
368234
202084
273905
177106
179459
185420
243771
325813
175388
166132
168760
193752
182245
229574
293579
141427
105900
656832
562557
518712
540668
620141
261642
298242
274197
265481
277283
297659
408886
225629
225817
213554
227800
255817
273942
322593
134974
272417
186964
183677
189355
240917
301743
188083
195487
190090
200994
209208
248474
342564
193413
179610
191211
195202
202115
238669
319867
188081
194001
194359
217989
213752
263632
378932
243254
194297
213302
219729
241678
292717
404287
223778
201077
195945
230916
223894
274472
392780
226581
213847
211101
214919
223113
266779
389433
210615
171190
180495
188877
201989
234064
369019
194766
172240
191609
183808
193160
273104
366096
236301
280141
133682
173105
180242
224690
354201
207463
159226
155752
183930
185860
273358
387880
206776
160154
163448
164194
192219
265169
377251
212816
145903
165960
188288
216543
259825
394213
221133
166506
159352
176184
186168
252603
376263
211691
184548
158173
160021
183944
238974
390353
219007
153575
174263
205359
207185
282795
432341
240274
NA
NA
NA
NA
NA
NA
203667
NA
154750
164930
186883
256145
418121
236383
179554
167406
197036
285142
323263
451712
258176
176087
165287
191887
198333
266216
461199
270995
217259
230124
292025
NA
909531
529345
243123
220400
218081
254271
299103
404642
654086
394893
NA
NA
NA
NA
NA
NA
NA
NA
NA
NA
NA
NA
NA
NA
813748
866111
885587
101105
766510
NA
615322
525708
413661
425512
434558
415567
225055
231993
115313
534016
411153
362292
428002
631029
355235
227348
215823
232691
221870
303344
498798
294020
304773
156737
159092
156587
237520
315099
NA
145355
156113
145729
158769
211454
NA
223342
149062
150734
164569
178207
301990
436354
208222
182890
208374
234988
296979
452481
651723
399599
437001
158139
155706
176655
258853
437189
236625
224375
137602
157800
150645
230407
392473
210889
150993
167230
176647
216706
295339
499040
273963
189030
156310
187813
201295
288196
451414
235235
186254
202323
201488
217967
275552
414107
244068
194466
192726
210255
234722
383157
428395
NA
212802
201362
214691
239310
280163
414697
217567
171781
174159
180111
