Bond yield, U.S., 1900-1970, annual        
   3.30 
   3.25 
   3.30 
   3.45 
   3.60 
   3.50 
   3.55 
   3.80 
   3.95 
   3.77 
   3.80 
   3.90 
   3.90 
   4.00 
   4.10 
   4.15 
   4.05 
   4.05 
   4.75 
   4.75 
   5.10 
   5.17 
   4.71 
   4.61 
   4.66 
   4.50 
   4.40 
   4.30 
   4.05 
   4.42 
   4.40 
   4.10 
   4.70 
   4.15 
   3.99 
   3.50 
   3.20 
   3.08 
   3.00 
   2.75 
   2.70 
   2.65 
   2.65 
   2.65 
   2.60 
   2.55 
   2.43 
   2.50 
   2.80 
   2.74 
   2.58 
   2.67 
   3.00 
   3.15 
   3.00 
   3.04 
   3.09 
   3.68 
   3.61 
   4.10 
   4.55 
   4.22 
   4.42 
   4.16 
   4.33 
   4.35 
   4.75 
   4.95 
   5.93 
   6.54 
   7.60 