Real per capita GNP, U.S., 1909-1970, annual        
  1291.  
  1300.  
  1312.  
  1366.  
  1351.  
  1267.  
  1238.  
  1317.  
  1309.  
  1471.  
  1401.  
  1315.  
  1177.  
  1345.  
  1482.  
  1450.  
  1549.  
  1618.  
  1594.  
  1584.  
  1671.  
  1490.  
  1364.  
  1154.  
  1126.  
  1220.  
  1331.  
  1506.  
  1576.  
  1484.  
  1598.  
  1720.  
  1977.  
  2208.  
  2465.  
  2611.  
  2538.  
  2211.  
  2150.  
  2208.  
  2172.  
  2342.  
  2485.  
  2517.  
  2587.  
  2506.  
  2650.  
  2652.  
  2642.  
  2569.  
  2688.  
  2699.  
  2707.  
  2841.  
  2912.  
  3029.  
  3181.  
  3349.  
  3399.  
  3522.  
  3577.  
  3516.  