GNP deflator, U.S., 1889-1970, annual        
  25.9 
  25.4 
  24.9 
  24.0 
  24.5 
  23.0 
  22.7 
  22.1 
  22.2 
  22.9 
  23.6 
  24.7 
  24.5 
  25.4 
  25.7 
  26.0 
  26.5 
  27.2 
  28.3 
  28.1 
  29.1 
  29.9 
  29.7 
  30.9 
  31.1 
  31.4 
  32.5 
  36.5 
  45.0 
  52.6 
  53.8 
  61.3 
  52.2 
  49.5 
  50.7 
  50.1 
  51.0 
  51.2 
  50.0 
  50.4 
  50.6 
  49.3 
  44.8 
  40.2 
  39.3 
  42.2 
  42.6 
  42.7 
  44.5 
  43.9 
  43.2 
  43.9 
  47.2 
  53.0 
  56.8 
  58.2 
  59.7 
  66.7 
  74.6 
  79.6 
  79.1 
  80.2 
  85.6 
  87.5 
  88.3 
  89.6 
  90.9 
  94.0 
  97.5 
 100.0 
 101.6 
 103.3 
 104.6 
 105.8 
 107.2 
 108.8 
 110.9 
 113.9 
 117.6 
 122.3 
 128.2 
 135.3 