Velocity of money, 1869-1970, annual        
  5.61 
  5.16 
  4.63 
  5.05 
  4.95 
  4.71 
  4.46 
  4.65 
  4.89 
  5.06 
  5.10 
  5.31 
  4.41 
  4.41 
  4.01 
  3.89 
  3.53 
  3.38 
  3.29 
  3.15 
  3.08 
  3.00 
  2.96 
  2.86 
  2.93 
  2.57 
  2.73 
  2.63 
  2.72 
  2.51 
  2.49 
  2.49 
  2.44 
  2.31 
  2.29 
  2.14 
  2.13 
  2.28 
  2.28 
  2.06 
  2.19 
  2.17 
  2.07 
  2.12 
  2.15 
  1.88 
  1.87 
  2.09 
  2.15 
  2.47 
  2.25 
  2.18 
  1.88 
  1.87 
  2.02 
  1.95 
  1.87 
  1.94 
  1.86 
  1.83 
  1.94 
  1.68 
  1.45 
  1.24 
  1.32 
  1.47 
  1.49 
  1.57 
  1.64 
  1.51 
  1.50 
  1.48 
  1.58 
  1.82 
  1.75 
  1.61 
  1.37 
  1.16 
  1.20 
  1.33 
  1.30 
  1.41 
  1.57 
  1.56 
  1.57 
  1.51 
  1.59 
  1.66 
  1.68 
  1.61 
  1.68 
  1.72 
  1.69 
  1.71 
  1.69 
  1.71 
  1.72 
  1.76 
  1.72 
  1.72 
  1.73 
  1.73 