Wages, U.S., 1900-1970, annual        
   487.0 
   511.0 
   537.0 
   548.0 
   538.0 
   561.0 
   577.0 
   598.0 
   548.0 
   599.0 
   651.0 
   632.0 
   651.0 
   689.0 
   696.0 
   661.0 
   751.0 
   883.0 
  1107.0 
  1293.0 
  1532.0 
  1396.0 
  1283.0 
  1403.0 
  1427.0 
  1450.0 
  1476.0 
  1502.0 
  1534.0 
  1543.0 
  1488.0 
  1369.0 
  1150.0 
  1086.0 
  1153.0 
  1216.0 
  1287.0 
  1376.0 
  1296.0 
  1363.0 
  1432.0 
  1653.0 
  2023.0 
  2349.0 
  2517.0 
  2517.0 
  2517.0 
  2793.0 
  3038.0 
  3095.0 
  3302.0 
  3608.0 
  3832.0 
  4053.0 
  4123.0 
  4356.0 
  4589.0 
  4786.0 
  4946.0 
  5221.0 
  5352.0 
  5507.0 
  5730.0 
  5920.0 
  6196.0 
  6389.0 
  6643.0 
  6880.0 
  7347.0 
  7775.0 
  8150.0 