Returns for AT&T, 1961:1-1967:12
#84 MONTHS DATA--JAN 1961 THRU DEC 1967--ON RETURNS FOR AT&T 
#see also NYSE.1, IBM.1
 0.07351   
-0.00217   
 0.07430   
 0.01655   
-0.00712   
-0.03463   
 0.06417   
-0.01588   
-0.01029   
 0.00728   
 0.09618   
 0.03223   
-0.05969   
 0.04512   
-0.02916   
-0.03876   
-0.07944   
-0.08389   
 0.07952   
 0.01473   
-0.05876   
 0.02827   
 0.05865   
 0.01854   
 0.03640   
-0.01116   
 0.02000   
 0.03096   
-0.00781   
-0.01931   
-0.00622   
 0.04400   
 0.02918   
 0.04399   
 0.04981   
 0.00000   
 0.03950   
-0.00726   
-0.01244   
 0.01170   
-0.00890   
 0.06329   
-0.02381   
-0.01742   
-0.01607   
-0.01089   
-0.03119   
 0.04198   
-0.00733   
 0.00554   
-0.01848   
 0.02637   
 0.03303   
-0.03578   
-0.00928   
 0.00936   
 0.00935   
-0.02407   
-0.05806   
-0.01220   
-0.01852   
 0.01132   
-0.05858   
 0.00667   
-0.02781   
 0.00917   
-0.01364   
-0.04055   
-0.00485   
 0.10000   
-0.03902   
 0.02564   
 0.05227   
 0.01166   
 0.03448   
-0.01250   
-0.06245   
 0.03636   
-0.08553   
-0.01583   
 0.02217   
-0.02410   
 0.00444   
 0.00249   
