REAL GNP  (BILLION DOLLARS)  1890-1974, U.S.
 52.700 
 55.100 
 60.400 
 57.500 
 55.900 
 62.600 
 61.300 
 67.100 
 68.600 
 74.800 
 76.900 
 85.700 
 86.500 
 90.800 
 89.700 
 96.300 
107.500 
109.200 
100.200 
116.800 
120.100 
123.200 
130.200 
131.400 
125.600 
124.500 
134.300 
135.200 
151.800 
146.400 
140.000 
127.800 
148.000 
165.900 
165.500 
179.400 
190.000 
189.800 
190.900 
203.600 
183.500 
169.300 
144.200 
141.500 
154.300 
169.500 
193.000 
203.200 
192.900 
209.400 
227.200 
263.700 
297.800 
337.100 
361.300 
355.200 
312.600 
309.900 
323.700 
324.100 
355.300 
383.400 
395.100 
412.800 
407.000 
438.000 
446.100 
452.500 
447.300 
475.900 
487.700 
497.200 
529.800 
551.000 
581.100 
617.800 
658.100 
675.200 
706.600 
725.600 
722.500 
746.300 
792.500 
839.200 
821.100 
