IMPLICIT PRICE INDEX  1890-1974, U.S.
  24.858   
  24.501   
  23.675   
  24.000   
  22.540   
  22.204   
  21.697   
  21.759   
  22.449   
  23.262   
  24.317   
  24.154   
  24.971   
  25.220   
  25.530   
  26.064   
  26.698   
  27.839   
  27.645   
  28.596   
  29.392   
  29.058   
  30.261   
  30.137   
  30.732   
  32.129   
  35.964   
  44.675   
  50.329   
  57.377   
  65.357   
  54.460   
  50.068   
  51.296   
  51.178   
  51.895   
  51.053   
  50.000   
  50.812   
  50.639   
  49.264   
  44.773   
  40.222   
  39.293   
  42.191   
  42.596   
  42.746   
  44.488   
  43.909   
  43.219   
  43.882   
  47.213   
  53.022   
  56.838   
  58.151   
  59.657   
  66.699   
  74.637   
  79.580   
  79.142   
  80.158   
  85.655   
  87.446   
  88.324   
  89.631   
  90.868   
  93.970   
  97.481   
 100.000   
 101.640   
 103.280   
 104.610   
 105.760   
 107.170   
 108.830   
 110.860   
 113.950   
 117.580   
 122.300   
 128.210   
 135.240   
 141.350   
 146.120   
 154.300   
 170.170   
