39 daily observations, blast furnace data (bof, sulfur, coke)
#39 DAILY OBSERVATIONS OF:
#BOF--SULFUR IN BASIC OXYGEN STEEL
#SULFUR--SULFUR IN HOT METAL
#COKE--MOISTURE IN COKE USED
#FOR A BLAST FURNACE OPERATION
# BOF    SULFUR      COKE
0.021
0.025
0.026
0.028
0.025
0.026
0.028
0.021
0.024
0.027
0.022
0.032
0.037
0.035
0.035
0.035
0.028
0.025
0.021
0.025
0.029
0.031
0.027
0.041
0.029
0.025
0.030
0.038
0.034
0.034
0.027
0.029
0.028
0.025
0.037
0.027
0.026
0.024
0.029
     0.037   
     0.039   
     0.045   
     0.039   
     0.033   
     0.036   
     0.024   
     0.024   
     0.033   
     0.028   
     0.022   
     0.036   
     0.043   
     0.044   
     0.042   
     0.050   
     0.040   
     0.027   
     0.018   
     0.024   
     0.031   
     0.030   
     0.025   
     0.040   
     0.034   
     0.023   
     0.036   
     0.063   
     0.038   
     0.056   
     0.034   
     0.028   
     0.032   
     0.027   
     0.041   
     0.029   
     0.027   
     0.020   
     0.026   
  0.148
  0.114
  0.165
  0.184
  0.134
  0.155
  0.116
  0.151
  0.155
  0.129
  0.122
  0.153
  0.166
  0.178
  0.169
  0.174
  0.162
  0.150
  0.147
  0.158
  0.147
  0.150
  0.142
  0.144
  0.142
  0.114
  0.151
  0.154
  0.129
  0.127
  0.123
  0.099
  0.169
  0.122
  0.160
  0.149
  0.135
  0.161
  0.110
