Annual Domestic Sales and Adverstising, Pinkham Medicine, 1907-60
#Annual domestic sales and advertising of Lydia E. Pinkham Medicine
#Company, 1907-1960 (in $1000).  Source: Kristian S. Palda, The
#Measurement of Cumulative Advertising Effects,  Prentice-Hall,
#Englewood Cliffs, N.J., 1964, page 23.
#AD: advertising
#SA: sales
    608.0000         
    451.0000         
    529.0000         
    543.0000         
    525.0000         
    549.0000         
    525.0000         
    578.0000         
    609.0000         
    504.0000         
    752.0000         
    613.0000         
    862.0000         
    866.0000         
    1016.000         
    1360.000         
    1482.000         
    1608.000         
    1800.000         
    1941.000         
    1229.000         
    1373.000         
    1611.000         
    1568.000         
    983.0000         
    1046.000         
    1453.000         
    1504.000         
    807.0000         
    339.0000         
    562.0000         
    745.0000         
    749.0000         
    862.0000         
    1034.000         
    1054.000         
    1164.000         
    1102.000         
    1145.000         
    1012.000         
    836.0000         
    941.0000         
    981.0000         
    974.0000         
    766.0000         
    920.0000         
    964.0000         
    811.0000         
    789.0000         
    802.0000         
    770.0000         
    639.0000         
    644.0000         
    564.0000         
   1016.000
   921.0000
   934.0000
   976.0000
   930.0000
   1052.000
   1184.000
   1089.000
   1087.000
   1154.000
   1330.000
   1980.000
   2223.000
   2203.000
   2514.000
   2726.000
   3185.000
   3351.000
   3438.000
   2917.000
   2359.000
   2240.000
   2196.000
   2111.000
   1806.000
   1644.000
   1814.000
   1770.000
   1518.000
   1103.000
   1266.000
   1473.000
   1423.000
   1767.000
   2161.000
   2336.000
   2602.000
   2518.000
   2637.000
   2177.000
   1920.000
   1910.000
   1984.000
   1787.000
   1689.000
   1866.000
   1896.000
   1684.000
   1633.000
   1657.000
   1569.000
   1390.000
   1387.000
   1289.000
