MONEY SUPPLY (BILLION DOLLARS)  1890-1974, U.S.
  3.908
  4.019
  4.470
  4.188
  4.224
  4.477
  4.266
  4.482
  5.137
  6.034
  6.378
  7.336
  8.009
  8.522
  8.984
 10.072
 10.864
 11.615
 11.222
 12.576
 13.120
 13.962
 15.001
 15.400
 16.146
 17.144
 20.351
 23.942
 25.839
 30.952
 34.708
 32.212
 33.646
 36.411
 37.992
 41.691
 43.539
 44.384
 45.861
 45.918
 45.303
 42.598
 34.480
 30.087
 33.073
 38.049
 43.341
 45.195
 44.100
 47.681
 54.328
 61.296
 68.998
 90.360
104.570
124.670
139.300
146.000
146.900
146.400
149.400
154.000
163.200
169.600
174.400
181.300
184.700
190.000
199.000
211.100
210.600
223.400
236.600
251.400
266.200
287.200
311.600
334.700
363.200
392.000
403.500
456.800
499.300
545.300
597.100
