Annual precipitation, inches, Lake Huron, 1900-1986
#Source: Great Lake Water Levels, U.S. Dept of Commerce, Rockville MD
#        U.S. Lake Survey, Detroit, MI, US Army Corps of Engineers
 31.42
 30.28
 33.21
 33.98
 31.07
 32.68
 30.61
 28.09
 29.04
 30.08
 30.05
 29.48
 31.58
 28.38
 25.83
 27.53
 32.85
 28.42
 32.14
 30.41
 27.84
 31.95
 30.78
 27.63
 29.50
 26.87
 32.18
 30.46
 38.18
 32.58
 26.53
 30.42
 35.11
 31.12
 26.59
 27.52
 30.22
 30.94
 31.30
 29.95
 32.62
 32.12
 33.92
 33.62
 30.38
 35.75
 29.37
 33.94
 27.38
 31.72
 34.44
 39.03
 31.25
 32.24
 37.99
 29.61
 31.19
 35.01
 26.32
 37.29
 32.81
 30.52
 28.62
 27.32
 30.07
 36.11
 30.32
 36.66
 33.94
 32.98
 34.94
 31.25
 35.32
 33.33
 25.91
 34.59
 33.43
 37.04
 31.39
 35.78
 33.90
 32.30
 34.34
 36.93
 36.65
 42.36
 36.36
