Scholes Index for NYSE, 1963:4-1971:7
#RETV: SCHOLES INDEX FOR NYSE: VALUE-WEIGHTED RETURNS WITH REINVESTMENT OF
#      DIVIDENDS
#see also, tbills.1, ccpi.1
   0.04831
   0.02357
  -0.01939
  -0.00057
   0.05262
  -0.01428
   0.03246
  -0.00944
   0.02264
   0.02454
   0.01834
   0.01670
   0.00745
   0.01919
   0.01252
   0.02401
  -0.01115
   0.03231
   0.01027
   0.00207
   0.00252
   0.04190
   0.00586
  -0.01161
   0.03566
  -0.00692
  -0.05214
   0.01873
   0.03117
   0.03448
   0.03349
   0.00185
   0.01306
   0.01143
  -0.01294
  -0.01989
   0.02369
  -0.05067
  -0.01246
  -0.01335
  -0.07644
  -0.00409
   0.04255
   0.01776
   0.00119
   0.08433
   0.00947
   0.04237
   0.04763
  -0.03992
   0.02300
   0.05591
  -0.00542
   0.03624
  -0.02345
   0.00871
   0.03060
  -0.04039
  -0.02751
   0.01143
   0.09150
   0.02570
   0.01068
  -0.02059
   0.01518
   0.04017
   0.01106
   0.05434
  -0.03536
  -0.00605
  -0.04875
   0.03408
   0.01941
   0.00173
  -0.05915
  -0.06344
   0.04966
  -0.01855
   0.05238
  -0.03075
  -0.01218
  -0.07659
   0.05549
  -0.00015
  -0.09907
  -0.06131
  -0.04631
   0.07356
   0.05192
   0.04465
  -0.01077
   0.05137
   0.05758
   0.04156
   0.01878
   0.04576
   0.03520
  -0.03202
   0.00354
  -0.03860
