One-month return on U.S. Treasury Bills, 1963:4-1971:7
#see also, ccpi.1, scoles.1
0.00238
0.00238
0.00236
0.00250
0.00254
0.00260
0.00285
0.00281
0.00241
0.00288
0.00287
0.00292
0.00294
0.00273
0.00271
0.00282
0.00267
0.00273
0.00293
0.00285
0.00296
0.00281
0.00326
0.00321
0.00315
0.00319
0.00313
0.00313
0.00319
0.00313
0.00330
0.00319
0.00315
0.00355
0.00370
0.00371
0.00364
0.00381
0.00372
0.00368
0.00374
0.00389
0.00415
0.00389
0.00343
0.00377
0.00368
0.00364
0.00338
0.00283
0.00271
0.00300
0.00309
0.00317
0.00343
0.00347
0.00355
0.00360
0.00398
0.00385
0.00389
0.00444
0.00453
0.00444
0.00432
0.00406
0.00432
0.00461
0.00398
0.00500
0.00487
0.00470
0.00432
0.00508
0.00478
0.00508
0.00593
0.00550
0.00593
0.00542
0.00540
0.00540
0.00631
0.00534
0.00546
0.00542
0.00546
0.00495
0.00500
0.00508
0.00483
0.00444
0.00377
0.00355
0.00338
0.00264
0.00283
0.00305
0.00338
0.00406
