Civilian unemployment rate  1890-1974, U.S.
  4.000
  5.400
  3.000
 11.700
 18.400
 13.700
 14.400
 14.500
 12.400
  6.500
  5.000
  4.000
  3.700
  3.900
  5.400
  4.300
  1.700
  2.800
  8.000
  5.100
  5.900
  6.700
  4.600
  4.300
  7.900
  8.500
  5.100
  4.600
  1.400
  1.400
  5.200
 11.700
  6.700
  2.400
  5.000
  3.200
  1.800
  3.300
  4.200
  3.200
  8.700
 15.900
 23.600
 24.900
 21.700
 20.100
 16.900
 14.300
 19.000
 17.200
 14.600
  9.900
  4.700
  1.900
  1.200
  1.900
  3.900
  3.900
  3.800
  5.900
  5.300
  3.300
  3.000
  2.900
  5.500
  4.400
  4.100
  4.300
  6.800
  5.500
  5.500
  6.700
  5.500
  5.700
  5.200
  4.500
  3.800
  3.800
  3.600
  3.500
  4.900
  5.900
  5.600
  4.900
  5.600
