Mean summer temperature (153 days) Deg C., 1781-1988,, Munich-Riem
  16.69 
  15.58 
  15.96 
  16.18 
  14.43 
  13.78 
  14.66 
  16.53 
  15.25 
  15.35 
  15.75 
  14.96 
  15.72 
  16.27 
  15.56 
  15.90 
  16.58 
  16.09 
  14.88 
  15.97 
  16.02 
  15.55 
  14.84 
  15.99 
  14.29 
  15.72 
  17.43 
  16.94 
  15.73 
  15.87 
  17.21 
  15.43 
  14.10 
  13.72 
  14.65 
  13.34 
  15.04 
  14.93 
  15.68 
  14.50 
  14.13 
  16.17 
  15.22 
  14.71 
  15.16 
  15.65 
  15.71 
  14.98 
  14.15 
  15.12 
  14.64 
  14.51 
  14.68 
  17.41 
  15.29 
  14.66 
  14.59 
  14.32 
  14.82 
  14.68 
  15.41 
  15.56 
  13.58 
  14.07 
  14.21 
  17.23 
  16.44 
  15.55 
  15.12 
  14.37 
  13.44 
  15.42 
  15.16 
  14.81 
  14.88 
  14.93 
  15.74 
  15.14 
  16.39 
  14.46 
  15.40 
  15.50 
  15.45 
  14.10 
  16.30 
  15.09 
  14.72 
  16.62 
  14.87 
  14.72 
  14.44 
  15.22 
  15.14 
  15.14 
  15.91 
  14.71 
  14.46 
  14.71 
  14.13 
  14.24 
  14.78 
  13.53 
  14.53 
  14.48 
  14.57 
  15.06 
  14.72 
  14.50 
  15.13 
  14.30 
  14.72 
  15.37 
  15.13 
  14.23 
  15.46 
  13.89 
  14.52 
  14.83 
  15.01 
  15.47 
  15.52 
  13.93 
  14.91 
  15.76 
  15.52 
  14.36 
  14.80 
  14.74 
  13.54 
  13.76 
  16.27 
  13.30 
  13.40 
  14.08 
  15.06 
  13.93 
  16.78 
  14.56 
  14.65 
  15.00 
  16.16 
  14.62 
  14.99 
  14.62 
  14.59 
  14.30 
  15.15 
  15.13 
  15.87 
  15.31 
  14.78 
  15.94 
  14.42 
  15.83 
  15.55 
  14.80 
  15.84 
  14.93 
  14.54 
  14.51 
  14.10 
  15.68 
  15.72 
  15.18 
  15.45 
  15.76 
  17.49 
  14.94 
  15.54 
  16.90 
  15.44 
  15.79 
  15.38 
  14.36 
  14.46 
  14.43 
  14.18 
  16.01 
  15.58 
  14.77 
  15.36 
  14.73 
  15.47 
  16.24 
  14.13 
  14.84 
  15.58 
  14.63 
  15.10 
  15.02 
  15.16 
  14.00 
  15.68 
  14.50 
  15.40 
  15.12 
  14.54 
  13.94 
  14.78 
  14.28 
  15.04 
  16.06 
  15.94 
  13.91 
  15.36 
  15.34 
  14.67 
  15.88 
