Winter negative temperature sum, deg. C., 1781-1988, Munich-Riem
 272.30 
 207.80 
 545.70 
 557.50 
 260.60 
 261.10 
 118.50 
 568.70 
  97.70 
 123.50 
 282.80 
 182.90 
  49.10 
 387.50 
 134.90 
 233.60 
 104.70 
 422.70 
 345.60 
 110.70 
 323.80 
 346.20 
 212.90 
 441.80 
 169.70 
 130.00 
 251.00 
 351.30 
 298.80 
 206.10 
 175.40 
 464.70 
 443.30 
 177.70 
 292.90 
 124.40 
 146.50 
 156.80 
 332.80 
 319.60 
  42.30 
 339.00 
 116.40 
 172.40 
 281.00 
 322.70 
 175.30 
 351.40 
 764.90 
 259.80 
 225.20 
 239.30 
  72.50 
 180.20 
 401.20 
 276.20 
 440.80 
 252.20 
 173.60 
 424.00 
 313.80 
 177.60 
 204.60 
 526.40 
 131.10 
 381.70 
 353.50 
 204.30 
 432.10 
 155.60 
 282.10 
 191.90 
 430.00 
 306.70 
 300.80 
 310.30 
 424.50 
 295.30 
 387.10 
 320.60 
 268.50 
 105.50 
 353.50 
 392.90 
 116.00 
 179.50 
 316.70 
 285.80 
 487.00 
 500.20 
 463.70 
 103.00 
 244.90 
 429.90 
 409.40 
 143.20 
 225.20 
 277.50 
 631.70 
 230.80 
 159.40 
 205.30 
  91.40 
 331.30 
 400.70 
 386.20 
 404.20 
 403.10 
 378.80 
 621.60 
 317.00 
 437.80 
 341.60 
 556.40 
 233.50 
 171.10 
 155.60 
 145.00 
 320.60 
 371.80 
 123.30 
 286.80 
 231.60 
 235.90 
 232.50 
 329.60 
 276.30 
 416.30 
 160.90 
 251.80 
 129.70 
 185.30 
 205.70 
 161.20 
 127.00 
 355.10 
 286.30 
 203.70 
 122.30 
 159.50 
 383.70 
 104.60 
 378.40 
 205.00 
 215.30 
 156.90 
 170.20 
 678.30 
 191.10 
 290.50 
 343.10 
 323.30 
 358.10 
 211.90 
 178.30 
 119.50 
 158.60 
 251.80 
 563.10 
 458.50 
 553.70 
 139.10 
 204.50 
 295.10 
 217.10 
 528.70 
 128.80 
 246.40 
 133.40 
 148.20 
 173.50 
 254.30 
 338.70 
 250.10 
 471.00 
 224.80 
 266.50 
 189.20 
 199.00 
 131.10 
 314.20 
 722.90 
 401.60 
 267.50 
 214.10 
 162.00 
 209.30 
 245.90 
 357.70 
 390.00 
 126.00 
 252.60 
 116.30 
  38.20 
 231.70 
 191.60 
 228.00 
 262.00 
 128.30 
 305.30 
 326.20 
 152.10 
 277.10 
 415.80 
 355.80 
 365.20 
  92.20 
  83.90 

