Mean annual temperature, Deg C., 1781-1988,, Munich-Riem
   9.04 
   7.01 
   8.45 
   6.56 
   5.94 
   6.76 
   8.12 
   7.74 
   7.87 
   8.42 
   8.71 
   8.02 
   8.67 
   9.71 
   8.39 
   8.19 
   9.21 
   8.25 
   7.03 
   8.65 
   9.15 
   7.88 
   7.39 
   8.08 
   6.26 
   8.94 
   9.01 
   7.45 
   8.28 
   8.21 
   9.65 
   7.42 
   7.06 
   6.68 
   7.63 
   6.81 
   7.74 
   8.01 
   8.49 
   6.96 
   8.11 
   9.16 
   7.89 
   8.45 
   8.38 
   7.78 
   8.11 
   8.27 
   5.89 
   7.32 
   8.15 
   7.51 
   7.93 
   9.17 
   7.09 
   7.84 
   7.09 
   6.26 
   7.86 
   6.88 
   8.59 
   7.04 
   7.79 
   7.18 
   6.99 
   9.31 
   7.70 
   7.97 
   7.58 
   7.37 
   6.94 
   8.40 
   6.81 
   7.36 
   6.92 
   7.78 
   7.86 
   6.80 
   8.45 
   6.91 
   7.82 
   9.43 
   8.85 
   6.13 
   8.27 
   8.87 
   7.16 
   8.42 
   7.30 
   6.02 
   6.03 
   8.38 
   8.17 
   7.39 
   7.09 
   7.74 
   7.81 
   7.18 
   6.02 
   7.71 
   7.14 
   7.59 
   7.16 
   7.68 
   7.21 
   7.51 
   6.19 
   6.55 
   6.64 
   6.56 
   6.64 
   7.32 
   7.42 
   7.51 
   6.96 
   6.85 
   7.58 
   8.29 
   8.12 
   8.34 
   7.27 
   7.34 
   8.02 
   8.37 
   7.33 
   7.49 
   7.40 
   6.67 
   6.72 
   7.52 
   8.47 
   7.32 
   7.99 
   7.83 
   7.67 
   8.17 
   7.14 
   8.10 
   7.17 
   8.34 
   8.80 
   7.13 
   8.16 
   6.85 
   7.76 
   8.38 
   7.88 
   8.38 
   6.93 
   8.26 
   6.78 
   7.63 
   6.72 
   8.75 
   7.93 
   7.92 
   8.50 
   8.00 
   7.71 
   6.61 
   6.98 
   7.35 
   8.89 
   7.73 
   8.18 
   8.10 
   8.66 
   8.60 
   8.71 
   8.81 
   8.47 
   8.10 
   8.35 
   7.41 
   7.36 
   6.61 
   8.18 
   8.08 
   8.58 
   8.20 
   8.94 
   7.22 
   7.11 
   8.04 
   7.26 
   8.51 
   8.66 
   7.93 
   7.57 
   7.52 
   7.67 
   7.24 
   7.55 
   8.54 
   8.16 
   7.84 
   8.48 
   7.30 
   7.93 
   7.29 
   8.05 
   8.32 
   8.50 
   7.28 
   7.15 
   7.71 
   7.48 
   8.93 
