Mean daily temperature, deg C, Jan 1 1988 - Dec 31 1991
#Station Name: Hodgson 2
#Latitude: 51-11 N
#Longitude: 97-27 W
-23.00
-20.50
-22.00
-30.50
-31.00
-27.50
-26.25
-26.50
-23.00
-23.50
-27.00
-26.50
-28.50
-24.25
-12.25
-11.25
-17.50
-18.00
-15.50
-19.50
-15.00
-21.00
-21.00
-20.00
-28.00
-26.50
-23.50
-19.25
-13.50
-19.00
-25.50
-30.00
-28.00
-28.50
-30.00
-28.00
-26.50
-24.50
-24.25
-28.00
-28.25
-27.00
-20.75
-15.50
-19.50
-22.00
-19.00
-12.25
-6.00
-5.50
-22.00
-13.50
-17.50
-19.50
-17.00
-14.25
-7.00
-2.75
-1.75
-13.00
-13.50
-18.50
-12.75
-9.25
2.00
-1.00
-4.25
-2.75
-1.50
-0.25
-6.25
-15.50
-15.50
-15.50
-12.50
-8.50
-8.50
-12.00
-13.00
-11.75
-9.50
-4.00
-3.00
-2.00
-2.00
-10.75
-9.50
-5.00
-7.50
-11.50
-10.50
0.75
4.25
7.50
8.50
5.00
3.00
2.00
5.50
-3.50
0.50
5.75
6.00
-2.50
0.00
-0.50
5.00
-5.00
-4.50
-3.75
-4.50
-0.50
0.00
0.00
4.50
1.75
1.50
4.00
10.75
13.25
14.50
18.00
12.50
3.25
0.00
5.75
6.50
12.00
9.25
9.00
5.00
6.25
4.00
4.00
9.50
6.00
4.50
10.50
14.50
13.75
13.50
11.00
13.50
11.00
11.00
15.25
14.50
15.50
17.50
23.00
24.50
25.50
25.50
21.00
19.50
20.00
24.50
27.00
23.00
18.00
15.00
21.50
25.50
20.00
15.75
15.00
14.00
12.50
24.50
24.50
20.50
20.00
17.50
14.50
14.00
18.00
17.00
17.75
18.50
20.25
17.00
17.00
18.00
20.00
24.00
18.50
21.00
24.50
20.50
22.00
17.00
14.75
13.50
17.50
19.00
16.00
17.50
16.00
16.75
17.50
16.75
16.00
18.00
20.50
21.00
16.00
19.00
22.00
22.75
27.00
20.00
16.50
21.00
16.00
19.00
18.00
17.75
21.00
22.50
19.00
13.50
21.75
20.75
16.50
16.00
18.00
20.00
24.00
19.50
18.00
15.00
19.25
18.50
19.75
18.25
15.00
16.50
16.50
13.50
11.50
10.25
13.50
14.00
16.00
14.50
16.50
17.50
12.50
8.75
13.00
19.00
13.00
12.50
7.25
4.25
11.50
13.00
11.50
12.75
12.50
15.00
7.50
6.00
6.25
9.00
10.00
9.50
8.00
5.50
5.00
7.50
6.50
10.00
14.50
10.00
4.50
0.50
0.00
3.00
7.25
9.75
10.50
10.50
5.50
3.00
3.50
10.50
15.50
12.75
6.50
2.50
3.25
2.00
3.25
1.00
0.00
-2.00
-2.00
-3.00
-2.50
-6.00
-9.00
-12.00
-10.50
-1.75
0.00
3.50
1.50
0.50
-1.00
-1.25
-1.25
1.00
-4.00
-3.00
-2.50
-2.25
-2.50
-4.50
-4.00
-5.25
-8.00
-12.00
-12.50
-12.25
-9.25
-6.50
-3.50
-1.00
-1.00
-9.50
-14.50
-19.50
-13.50
-15.00
-10.50
-4.00
-8.00
-7.50
-0.50
-3.00
-12.50
-18.50
-23.50
-26.00
-15.50
-10.50
-2.00
-22.00
-19.50
-11.50
-13.50
-8.50
-8.50
-10.50
-12.00
-7.00
-14.75
-17.50
-22.25
-25.50
-22.50
-28.00
-27.00
-24.00
-23.75
-24.00
-27.00
-22.00
-18.00
-16.00
-18.50
-24.00
-26.50
-31.00
-31.50
-27.00
-16.50
-8.50
-10.50
-19.50
-17.75
-18.00
-14.50
-14.50
-21.50
-8.00
-11.25
-18.50
-22.75
-17.50
-11.50
-3.00
-4.00
-1.00
-2.50
-24.25
-32.50
-32.50
-32.50
-28.50
-21.50
-13.50
-15.00
-20.00
-19.50
-9.50
-7.25
-7.50
-7.50
-20.50
-31.00
-27.75
-27.00
-24.00
-14.00
-16.25
-18.50
-23.00
-13.50
-6.00
-14.00
-19.75
-18.00
-19.00
-29.00
-29.00
-26.00
-21.75
-19.25
-16.50
-9.75
-4.50
-6.00
1.00
-6.50
-7.25
-8.50
-17.00
-19.50
-20.00
-21.00
-20.25
-18.00
-16.00
-15.50
-9.50
-8.00
-3.50
-2.25
-2.75
-6.50
-6.50
-6.50
-6.00
-6.00
-1.00
1.75
0.50
2.50
-1.50
-2.50
-4.50
-9.00
-8.00
-3.00
-5.00
-3.50
2.50
1.00
5.50
-2.50
-2.50
-0.50
1.00
5.00
9.00
9.75
14.50
6.00
4.50
1.00
1.50
2.25
5.00
5.00
6.75
8.00
7.50
8.50
-5.00
-1.50
15.50
11.75
10.00
12.00
19.00
21.50
18.00
16.50
17.75
19.25
21.00
18.50
14.00
10.50
14.50
10.00
9.75
9.50
6.00
7.50
12.00
6.50
5.75
13.00
12.00
14.00
10.00
10.50
5.50
14.00
10.50
10.75
8.50
10.50
14.00
16.50
13.00
12.25
12.50
15.00
18.50
19.75
17.50
18.75
22.00
17.50
17.50
14.50
15.50
17.50
15.00
15.50
14.75
18.50
20.00
24.00
22.00
22.00
22.00
20.50
17.00
18.50
20.25
18.00
18.00
19.50
18.25
18.00
18.50
18.50
19.75
21.75
20.00
20.50
24.50
24.50
24.50
25.50
26.50
26.00
24.00
16.50
16.75
16.75
19.00
19.00
23.50
25.00
24.00
19.50
15.00
14.00
16.50
18.50
20.50
21.00
21.75
20.50
14.00
13.00
12.75
14.50
16.75
18.50
16.00
11.00
12.00
16.00
21.00
21.50
21.00
19.00
17.50
13.50
12.50
11.50
11.50
12.00
14.00
16.00
17.00
17.25
16.75
15.25
13.50
9.00
5.50
7.50
7.00
10.50
12.50
15.00
11.50
11.50
12.75
11.25
10.50
7.25
3.25
4.00
7.00
6.00
5.00
10.00
11.00
6.50
9.50
3.25
-0.50
0.50
3.00
3.50
3.50
-0.25
0.75
6.50
8.00
8.75
8.50
1.25
1.00
2.25
0.00
0.50
-0.50
3.50
4.75
4.50
11.50
9.00
9.25
12.00
7.75
8.00
2.00
0.50
-3.50
-4.50
-6.25
-16.50
-6.50
-3.75
-3.75
-3.50
-2.00
-3.00
-4.00
-3.00
-5.00
-7.25
-5.00
-9.00
-16.50
-21.00
-19.25
-13.50
1.00
-4.50
-11.50
-13.50
-19.50
-16.00
-15.00
-17.00
-22.25
-17.00
-14.00
-2.50
-7.50
-14.50
-13.50
-7.00
-9.00
-23.00
-20.50
-18.00
-18.50
-24.25
-29.00
-30.00
-31.50
-29.25
-26.00
-22.50
-28.50
-32.50
-33.50
-35.00
-33.00
-29.00
-21.50
-13.00
-20.50
-20.00
-16.50
-20.25
-22.00
-14.75
-14.75
-14.00
-10.00
-17.00
-24.50
-24.00
-15.50
-10.50
-10.00
-9.00
-6.00
-8.50
-16.75
-16.00
-12.00
-11.50
-10.00
-11.00
-18.00
-18.50
-16.50
-9.50
-11.00
-11.50
-11.50
-8.00
-10.50
-16.50
-27.50
-23.50
-30.50
-29.25
-32.00
-29.00
-17.25
-12.00
-11.00
-6.25
-6.00
-11.50
-13.50
-23.00
-16.00
-12.00
-26.00
-26.25
-25.00
-28.50
-25.00
-23.00
-17.00
-9.25
-4.00
-15.50
-20.00
-27.00
-20.00
-14.00
-14.50
-5.00
-5.00
-12.00
-15.50
-18.25
-16.25
-13.50
-5.00
0.50
2.50
-2.50
-1.50
3.50
1.00
0.00
0.50
-5.00
-5.00
-9.00
-6.00
-7.50
-7.50
-13.50
-13.00
-12.00
-10.50
-13.50
-11.50
-9.25
-2.25
3.50
3.00
-7.00
-4.25
-3.75
-7.25
-9.00
-6.50
-2.25
-1.25
-2.00
-8.00
-5.50
0.25
-2.50
-1.25
0.25
-4.00
0.50
6.00
8.50
8.25
10.50
16.25
17.50
9.50
6.00
-2.00
-5.00
-4.50
-4.75
-4.00
-0.75
-0.75
3.50
5.50
6.50
14.50
7.00
2.00
2.00
7.00
5.00
4.00
7.50
5.50
6.25
5.50
0.00
5.00
7.75
12.00
13.50
13.50
13.00
15.00
15.00
15.00
17.00
13.50
13.50
14.00
18.75
21.00
5.50
7.50
9.00
15.25
15.00
16.50
15.50
14.00
17.25
18.00
17.50
15.00
9.50
13.00
14.00
18.00
18.50
19.00
19.00
16.50
14.75
15.75
20.00
22.50
18.00
19.00
19.25
16.50
16.50
21.00
21.50
16.50
13.00
13.50
13.50
16.25
16.50
15.50
13.00
16.50
16.25
16.75
19.50
18.00
16.50
19.50
16.25
15.75
13.50
14.25
16.00
18.00
19.50
21.00
22.50
22.50
18.25
15.00
14.00
17.25
21.00
23.00
19.00
14.75
17.50
19.00
22.00
22.50
16.00
11.75
16.00
13.75
20.00
14.50
13.50
17.25
11.50
16.00
16.50
16.00
19.50
22.50
23.50
19.50
16.00
15.00
16.25
15.00
17.50
17.50
23.00
11.50
16.00
16.00
13.50
19.00
13.50
11.00
13.50
9.50
10.75
14.50
10.50
9.50
12.50
9.50
5.00
8.00
10.50
7.25
8.25
6.00
6.00
9.75
14.50
14.75
13.00
8.00
6.00
3.00
3.50
7.00
7.50
7.50
5.25
-0.50
2.00
0.50
3.00
5.00
6.00
5.25
1.50
6.25
2.25
0.50
-1.00
-2.00
-0.25
2.00
3.00
1.00
3.00
1.50
0.50
5.00
11.00
2.50
-1.25
1.50
3.00
6.75
5.75
0.00
-2.25
-4.25
-1.75
-6.00
-6.50
1.00
-4.50
-9.00
-12.00
-10.00
-2.75
1.00
1.25
0.25
2.00
-1.00
-4.00
-1.00
4.00
-10.50
-13.25
-16.00
-19.75
-13.50
-14.00
-19.00
-9.50
-9.00
-17.50
-23.00
-20.00
-8.00
-7.75
-10.00
-6.25
-3.00
-0.75
-10.00
-8.50
-7.00
-17.50
-15.00
-14.00
-12.50
-24.50
-24.75
-27.00
-30.00
-33.00
-29.50
-22.25
-27.00
-31.50
-27.00
-21.25
-23.50
-30.50
-31.50
-31.00
-30.50
-26.50
-24.50
-19.50
-23.30
-33.50
-30.50
-29.00
-34.00
-28.00
-25.50
-21.30
-20.00
-16.50
-13.50
-8.00
-11.00
-5.50
-14.50
-28.30
-21.00
-19.00
-25.50
-29.00
-20.50
-23.80
-25.50
-30.00
-28.00
-24.50
-24.00
-11.50
-1.50
2.00
-0.50
0.80
3.50
1.00
-0.50
-9.50
-18.50
-14.50
-11.80
-13.50
-23.80
-21.00
-12.50
-14.50
-9.50
-7.00
-4.50
-13.00
-22.80
-21.00
-17.00
-17.50
-11.50
-19.00
-18.00
-21.00
-23.80
-15.00
-10.00
-11.50
-21.00
-22.30
-14.00
-10.50
-6.00
-1.00
-2.50
-2.50
-1.50
-4.30
-2.50
-3.50
-2.50
0.30
2.50
2.80
2.00
0.00
-0.50
-4.50
-8.50
-9.00
-13.50
-14.00
0.00
0.00
2.00
5.50
7.80
8.50
8.30
11.00
5.00
3.00
3.50
4.50
7.00
6.50
4.80
1.00
2.50
4.00
2.00
-3.00
-1.00
3.30
7.30
0.00
-0.30
6.50
11.80
14.00
12.00
10.50
9.50
-2.00
-3.00
-1.50
-0.30
1.00
1.50
2.50
4.30
4.50
14.00
18.50
18.00
15.50
17.80
18.50
16.50
12.50
10.50
10.50
14.00
19.50
20.50
20.50
17.00
15.80
12.00
18.00
13.80
11.50
15.50
18.50
18.00
14.00
16.50
17.50
19.30
17.00
16.50
18.80
20.50
18.00
16.00
12.00
19.00
15.80
20.50
18.50
20.50
19.30
14.50
14.50
12.00
13.00
10.50
16.00
19.30
19.50
20.50
14.00
16.00
18.00
15.80
16.00
16.00
17.00
16.50
18.00
17.50
15.50
13.50
16.50
18.80
19.00
19.00
19.00
21.30
23.50
23.00
24.30
21.50
19.50
16.50
20.50
17.50
17.50
15.50
14.00
14.00
16.00
17.50
19.50
21.30
16.50
14.50
14.00
17.00
14.00
16.50
15.50
20.00
18.50
18.80
20.30
22.00
23.00
22.00
23.50
21.30
18.80
15.80
13.00
22.50
23.00
17.80
14.00
16.80
20.50
18.50
17.50
24.30
24.80
22.50
15.00
16.00
21.00
20.80
15.50
11.50
9.50
13.50
15.00
16.00
14.00
10.30
13.00
15.50
16.30
15.50
12.50
9.00
4.00
3.00
5.00
8.50
10.50
7.00
7.00
7.00
7.00
1.50
3.50
1.50
9.30
8.80
9.00
5.50
3.50
2.00
2.00
4.00
9.50
6.30
5.50
8.30
5.00
2.00
3.00
0.50
-3.00
1.30
1.50
-5.00
-6.50
-6.80
-6.00
1.50
-4.00
-4.00
-5.00
-3.00
3.50
0.50
-5.00
-12.00
-13.30
-11.50
-13.50
-14.50
-17.80
-18.00
-16.50
-13.80
-9.00
-10.00
-15.80
-10.00
-0.50
1.00
-2.00
-5.00
-3.00
-1.00
0.50
-4.00
-11.00
-11.50
-15.80
-19.50
-19.00
-19.00
-16.00
-14.50
-10.80
-10.80
-19.00
-27.00
-28.50
-27.00
-29.80
-27.00
-23.00
-21.00
-18.00
-11.50
-8.00
-4.00
-4.80
-20.50
-23.50
-24.00
-17.50
-21.00
-22.80
-13.00
-7.80
-5.00
-2.50
-11.50
-9.50
-6.50
-14.50
-12.80
-6.80
-5.50
-3.80
-1.50
