Mean daily flow, cms, Fisher River near Dallas, Jan 1 1988 - Dec 31 1991
#Station number 05SD003
#Latitude 51-21 N
#Longitude 97-30 W
0.190
0.167
0.157
0.132
0.106
0.100
0.098
0.103
0.097
0.095
0.092
0.087
0.077
0.073
0.074
0.081
0.096
0.096
0.087
0.085
0.078
0.078
0.081
0.077
0.078
0.080
0.082
0.080
0.086
0.098
0.097
0.101
0.103
0.105
0.107
0.110
0.112
0.110
0.107
0.107
0.103
0.099
0.095
0.095
0.094
0.088
0.087
0.086
0.088
0.088
0.098
0.090
0.090
0.093
0.088
0.085
0.084
0.087
0.090
0.106
0.110
0.112
0.119
0.119
0.123
0.134
0.153
0.158
0.178
0.197
0.214
0.200
0.186
0.182
0.172
0.176
0.169
0.176
0.176
0.175
0.169
0.160
0.167
0.220
0.300
0.258
0.260
0.246
0.248
0.241
0.238
0.231
0.409
1.740
11.000
19.900
17.400
12.100
8.250
6.040
4.480
3.680
3.250
2.750
1.990
1.550
1.200
1.060
0.971
0.826
0.727
0.647
0.594
0.574
0.599
0.822
1.180
1.350
1.390
1.260
1.120
1.030
1.280
2.040
2.430
2.190
1.870
2.280
5.930
12.600
11.200
9.150
7.460
6.670
5.540
4.940
4.440
3.900
3.260
2.770
2.370
2.090
1.700
1.400
1.190
0.987
0.891
0.870
0.848
0.829
0.843
0.811
0.729
0.927
0.836
0.726
0.636
0.606
0.559
0.464
0.386
0.348
0.318
0.308
0.294
0.274
0.269
0.283
0.315
0.320
0.316
0.275
0.261
0.273
0.269
0.285
0.369
0.417
0.463
0.436
0.415
0.363
0.326
0.283
0.283
0.233
0.241
0.230
0.250
0.264
0.263
0.249
0.285
0.286
0.280
0.268
0.260
0.265
0.258
0.240
0.221
0.216
0.210
0.200
0.186
0.184
0.182
0.177
0.173
0.170
0.151
0.159
0.172
0.170
0.149
0.147
0.128
0.132
0.142
0.174
0.165
0.146
0.120
0.105
0.102
0.126
0.135
0.140
0.136
0.135
0.135
0.131
0.130
0.146
0.184
0.215
0.222
0.213
0.211
0.213
0.215
0.211
0.194
0.184
0.174
0.168
0.156
0.143
0.142
0.143
0.140
0.141
0.134
0.143
0.181
0.234
0.226
0.221
0.221
0.212
0.209
0.186
0.182
0.183
0.184
0.174
0.170
0.177
0.190
0.207
0.194
0.181
0.180
0.161
0.149
0.145
0.143
0.147
0.143
0.142
0.142
0.144
0.147
0.140
0.143
0.141
0.136
0.139
0.138
0.137
0.144
0.153
0.156
0.164
0.165
0.180
0.175
0.167
0.164
0.165
0.166
0.165
0.165
0.180
0.175
0.177
0.186
0.214
0.223
0.222
0.222
0.223
0.224
0.198
0.190
0.184
0.178
0.178
0.175
0.175
0.173
0.177
0.178
0.176
0.171
0.166
0.163
0.163
0.153
0.151
0.157
0.159
0.161
0.162
0.161
0.151
0.136
0.132
0.128
0.128
0.127
0.126
0.133
0.135
0.125
0.107
0.098
0.094
0.098
0.097
0.093
0.090
0.089
0.090
0.091
0.090
0.090
0.094
0.098
0.101
0.102
0.102
0.103
0.101
0.099
0.100
0.101
0.106
0.106
0.105
0.102
0.101
0.099
0.099
0.098
0.095
0.093
0.096
0.097
0.098
0.101
0.099
0.092
0.093
0.091
0.093
0.092
0.091
0.093
0.097
0.099
0.099
0.096
0.092
0.090
0.089
0.090
0.091
0.092
0.092
0.086
0.082
0.083
0.079
0.080
0.079
0.075
0.076
0.079
0.077
0.078
0.080
0.087
0.083
0.075
0.069
0.065
0.061
0.061
0.057
0.057
0.061
0.059
0.058
0.054
0.061
0.058
0.050
0.044
0.044
0.041
0.041
0.047
0.048
0.050
0.056
0.061
0.065
0.070
0.072
0.073
0.072
0.068
0.065
0.064
0.060
0.063
0.066
0.066
0.071
0.088
0.098
0.099
0.103
0.105
0.114
0.132
0.171
0.233
0.317
0.468
0.543
0.723
1.010
1.010
0.797
0.664
0.586
0.628
0.738
0.945
1.050
1.060
1.030
0.989
0.893
0.871
1.060
1.590
1.480
1.140
0.801
0.608
0.523
0.440
0.383
0.347
0.302
0.268
0.241
0.220
0.228
0.205
0.203
0.200
0.187
0.185
0.170
0.151
0.141
0.133
0.128
0.138
0.160
0.159
0.173
0.170
0.167
0.153
0.146
0.218
0.559
0.627
0.471
0.364
0.292
0.245
0.212
0.168
0.144
0.136
0.123
0.123
0.116
0.114
0.138
0.142
0.138
0.469
2.650
7.770
7.300
4.570
2.290
1.440
1.060
0.890
0.670
0.507
0.406
0.360
0.355
0.354
0.350
0.343
0.346
0.336
0.323
0.333
0.329
0.326
0.323
0.280
0.287
0.280
0.333
0.349
0.339
0.336
0.443
0.480
0.459
0.382
0.382
0.339
0.296
0.313
0.322
0.302
0.257
0.228
0.210
0.186
0.162
0.157
0.165
0.178
0.172
0.171
0.178
0.179
0.178
0.161
0.173
0.194
0.202
0.202
0.202
0.193
0.170
0.147
0.122
0.111
0.102
0.101
0.107
0.113
0.136
0.145
0.170
0.175
0.175
0.154
0.127
0.106
0.106
0.131
0.137
0.127
0.121
0.119
0.120
0.123
0.116
0.137
0.177
0.193
0.245
0.250
0.217
0.193
0.162
0.141
0.127
0.116
0.112
0.098
0.101
0.115
0.121
0.111
0.115
0.119
0.115
0.112
0.112
0.109
0.106
0.105
0.100
0.106
0.112
0.116
0.118
0.122
0.128
0.145
0.144
0.148
0.143
0.134
0.131
0.133
0.136
0.142
0.162
0.178
0.180
0.174
0.176
0.163
0.149
0.147
0.149
0.147
0.169
0.173
0.172
0.172
0.173
0.175
0.181
0.215
0.244
0.247
0.232
0.224
0.238
0.234
0.228
0.213
0.203
0.207
0.200
0.209
0.724
0.440
0.246
0.206
0.195
0.188
0.190
0.217
0.214
0.196
0.188
0.176
0.162
0.152
0.157
0.157
0.148
0.143
0.148
0.151
0.149
0.137
0.133
0.126
0.116
0.113
0.102
0.098
0.085
0.081
0.075
0.073
0.067
0.061
0.052
0.043
0.038
0.035
0.034
0.041
0.048
0.049
0.057
0.062
0.066
0.063
0.059
0.053
0.053
0.055
0.054
0.052
0.052
0.055
0.056
0.063
0.066
0.069
0.075
0.073
0.073
0.068
0.067
0.069
0.071
0.076
0.080
0.082
0.087
0.091
0.089
0.083
0.083
0.086
0.090
0.095
0.091
0.090
0.083
0.088
0.105
0.093
0.088
0.087
0.087
0.087
0.089
0.089
0.095
0.091
0.085
0.087
0.088
0.087
0.088
0.085
0.094
0.092
0.094
0.091
0.090
0.096
0.101
0.103
0.105
0.102
0.103
0.104
0.104
0.103
0.103
0.103
0.102
0.102
0.104
0.108
0.134
0.249
0.333
0.508
0.575
0.601
0.709
0.762
0.712
0.707
0.729
0.575
0.446
0.373
0.316
0.285
0.255
0.253
0.459
3.020
14.800
24.300
24.200
20.200
14.600
11.100
9.360
7.460
6.100
5.150
4.270
3.760
3.730
3.900
4.250
3.590
3.180
3.090
3.770
5.610
4.500
3.510
2.850
2.530
2.430
2.890
3.060
2.550
1.950
1.600
1.470
1.400
1.410
1.270
1.200
1.320
1.150
1.220
1.320
1.410
1.360
1.110
0.993
0.853
0.701
0.664
1.330
3.130
3.150
2.280
1.680
1.370
1.180
1.100
1.070
0.937
0.802
0.727
0.710
0.691
0.769
0.821
0.682
0.617
0.623
0.677
0.792
0.739
0.675
0.712
0.686
0.655
0.955
1.450
1.850
1.520
1.520
1.090
0.787
0.647
0.584
0.785
1.050
1.670
1.680
1.200
0.876
0.733
0.743
0.698
0.692
0.714
0.677
0.619
0.631
0.675
0.636
0.786
0.917
0.928
0.874
0.745
0.623
0.548
0.490
0.439
0.383
0.375
0.375
0.488
0.496
0.480
0.455
0.415
0.394
0.362
0.333
0.323
0.287
0.290
0.303
0.319
0.333
0.336
0.310
0.277
0.271
0.257
0.242
0.219
0.213
0.216
0.213
0.228
0.234
0.222
0.242
0.245
0.231
0.205
0.188
0.168
0.149
0.142
0.140
0.129
0.139
0.142
0.155
0.169
0.201
0.246
0.251
0.217
0.190
0.188
0.189
0.184
0.168
0.146
0.120
0.111
0.110
0.104
0.095
0.091
0.093
0.118
0.147
0.153
0.141
0.119
0.110
0.126
0.142
0.177
0.199
0.197
0.175
0.170
0.154
0.146
0.146
0.146
0.148
0.151
0.190
0.245
0.253
0.227
0.193
0.195
0.192
0.177
0.166
0.156
0.144
0.142
0.142
0.144
0.154
0.164
0.167
0.165
0.164
0.165
0.165
0.170
0.176
0.163
0.167
0.173
0.172
0.173
0.172
0.184
0.193
0.199
0.199
0.196
0.196
0.196
0.193
0.193
0.193
0.196
0.202
0.219
0.222
0.219
0.219
0.219
0.219
0.216
0.219
0.239
0.257
0.260
0.254
0.239
0.237
0.228
0.210
0.199
0.193
0.193
0.177
0.168
0.166
0.159
0.159
0.159
0.156
0.156
0.156
0.168
0.177
0.178
0.180
0.181
0.182
0.178
0.161
0.146
0.121
0.106
0.103
0.101
0.101
0.098
0.089
0.086
0.088
0.088
0.084
0.078
0.075
0.071
0.067
0.064
0.062
0.059
0.053
0.053
0.052
0.054
0.054
0.053
0.055
0.058
0.058
0.060
0.060
0.061
0.061
0.059
0.061
0.061
0.061
0.060
0.057
0.056
0.054
0.049
0.043
0.041
0.038
0.038
0.039
0.041
0.044
0.045
0.045
0.050
0.062
0.078
0.083
0.082
0.081
0.080
0.078
0.077
0.076
0.076
0.075
0.073
0.073
0.072
0.071
0.070
0.069
0.068
0.066
0.063
0.060
0.059
0.055
0.054
0.058
0.060
0.054
0.051
0.051
0.052
0.054
0.055
0.057
0.062
0.065
0.065
0.065
0.068
0.077
0.107
0.217
0.384
0.653
0.879
0.861
0.740
0.607
0.548
0.465
0.397
0.430
0.595
1.000
3.420
9.670
7.520
6.670
6.150
4.240
2.890
1.860
1.300
0.954
0.721
0.613
0.676
0.718
0.648
0.587
0.535
0.442
0.381
0.378
0.424
0.424
0.390
0.328
0.307
0.355
0.358
0.373
0.394
0.397
0.397
0.471
0.607
0.964
1.600
1.850
1.740
1.780
3.130
11.200
4.610
2.390
1.440
0.948
0.705
0.581
0.500
0.510
0.507
0.503
0.598
0.826
0.792
0.698
0.601
0.521
0.472
0.447
0.493
0.497
0.465
0.460
0.382
0.302
0.241
0.205
0.247
0.329
0.422
0.422
0.377
0.358
0.336
0.290
0.294
0.309
0.307
0.350
0.387
0.324
0.328
0.413
0.324
0.255
0.334
0.311
0.291
0.259
0.235
0.245
0.344
0.449
0.459
0.453
0.417
0.332
0.307
0.293
0.264
0.228
0.212
0.228
0.246
0.245
0.205
0.177
0.165
0.166
0.147
0.143
0.169
0.166
0.159
0.158
0.165
0.183
0.182
0.161
0.145
0.126
0.113
0.096
0.086
0.088
0.088
0.089
0.088
0.082
0.097
0.085
0.095
0.100
0.100
0.093
0.095
0.089
0.097
0.101
0.099
0.104
0.141
0.138
0.117
0.120
0.122
0.129
0.135
0.113
0.085
0.075
0.063
0.065
0.078
0.075
0.074
0.073
0.076
0.076
0.075
0.068
0.064
0.063
0.064
0.065
0.081
0.246
0.328
0.469
0.586
0.426
0.406
0.420
0.310
0.241
0.191
0.165
0.171
0.179
0.181
0.192
0.200
0.238
0.275
0.267
0.293
0.288
0.272
0.242
0.216
0.208
0.191
0.185
0.188
0.199
0.182
0.191
0.202
0.202
0.191
0.184
0.196
0.202
0.231
0.287
0.283
0.268
0.266
0.271
0.290
0.419
0.488
0.369
0.323
0.306
0.290
0.290
0.274
0.274
0.248
0.219
0.219
0.205
0.205
0.202
0.205
0.210
0.213
0.213
0.213
0.216
0.216
0.210
0.208
0.213
0.213
0.216
0.219
0.216
0.205
0.215
0.208
0.198
0.202
0.190
0.188
0.174
0.165
0.160
0.164
0.161
0.164
0.166
0.172
0.176
0.180
0.182
0.184
0.185
0.185
0.178
0.172
0.172
0.175
0.177
0.181
0.180
0.180
0.182
0.181
0.182
0.183
0.184
0.189

