Oldman River near Brocket, mean daily flow, cms, Jan 1 1988 - Dec 31 1991
#Station Number: 05AA024
#Latitude: 49-33 N
#Longitude: 113-49 W
5.20
4.90
4.55
3.95
3.91
3.73
3.77
3.78
3.59
3.49
3.50
3.70
3.78
4.20
4.45
4.50
4.47
4.43
4.35
4.31
4.04
4.44
4.47
4.10
3.90
3.95
4.08
4.34
4.15
3.80
3.00
2.10
2.10
2.15
2.20
2.38
2.60
2.80
3.50
3.79
4.00
4.15
4.45
4.80
4.75
4.60
4.80
5.00
5.20
5.50
5.80
5.70
5.60
5.40
5.34
5.76
5.90
6.10
6.21
5.85
5.80
5.75
6.21
6.30
6.14
5.79
5.81
5.71
6.96
7.13
6.55
6.16
6.37
6.58
5.70
5.46
5.22
5.70
6.63
7.08
8.03
8.02
7.28
6.70
6.07
6.21
7.40
7.87
6.95
6.22
6.24
6.61
8.07
11.20
12.70
10.60
10.10
17.00
19.10
15.20
14.00
14.00
16.90
19.70
21.50
25.70
34.60
42.90
47.80
50.60
49.60
45.40
41.10
36.60
35.90
34.10
29.80
28.50
28.70
31.70
38.30
37.80
34.70
31.70
31.50
35.20
41.00
46.10
47.70
54.40
66.70
85.00
102.00
122.00
115.00
96.40
85.50
90.80
89.40
78.10
70.00
65.40
66.30
76.20
89.50
84.60
76.80
77.10
76.00
81.00
83.00
91.30
86.20
76.60
68.90
69.10
76.70
83.30
92.40
125.00
120.00
103.00
94.50
85.40
78.10
70.90
65.60
62.70
62.40
61.70
59.10
55.00
51.10
48.30
45.50
43.20
40.60
38.00
36.00
35.10
36.10
32.40
29.30
27.10
26.00
25.50
26.20
27.80
25.50
22.90
21.20
20.20
19.90
19.90
18.60
17.80
17.10
16.70
16.30
15.80
15.60
14.60
13.80
12.90
12.60
12.50
12.10
11.60
11.30
11.10
10.90
10.60
10.30
11.20
16.10
16.60
14.50
13.10
12.30
12.20
12.70
12.00
11.10
10.80
10.70
10.60
10.10
9.91
10.60
9.96
10.00
9.45
9.43
9.85
9.62
8.96
8.55
8.29
9.08
10.30
9.40
8.66
7.91
7.48
7.44
7.32
7.16
7.01
7.11
7.00
6.45
6.35
6.53
6.51
7.31
7.52
7.01
6.70
6.38
6.19
6.84
7.87
7.58
7.90
7.68
7.23
6.94
7.52
9.02
10.30
12.60
11.10
10.80
10.70
11.20
11.30
11.20
11.20
10.70
10.80
10.00
9.70
9.56
9.41
9.02
8.98
8.69
8.16
8.35
8.83
11.30
12.20
11.10
10.40
10.10
10.10
9.92
9.67
9.39
9.41
10.30
9.01
7.32
8.63
9.57
9.06
9.19
10.00
10.10
9.85
9.59
13.30
13.00
11.10
10.80
11.30
11.40
10.60
10.70
8.61
8.79
8.95
9.45
9.14
9.72
9.21
10.90
10.50
6.84
6.19
5.52
3.11
4.87
8.01
10.20
12.00
11.80
11.00
10.80
9.51
8.77
7.66
5.79
5.87
8.20
8.06
9.41
9.25
8.54
5.93
3.85
4.61
6.96
9.12
6.48
6.25
6.20
4.87
4.78
4.82
4.95
5.20
6.10
6.32
6.51
6.39
6.00
5.90
5.70
5.50
5.39
5.10
4.90
4.75
4.60
4.65
4.73
4.78
4.80
4.80
4.80
4.83
4.90
4.93
5.05
5.00
4.90
4.70
4.40
4.20
4.18
4.20
4.32
4.45
4.50
4.40
4.10
3.80
3.55
3.44
3.50
3.55
3.63
3.75
3.90
4.10
4.23
4.33
4.40
4.44
4.42
4.40
4.35
4.30
4.28
4.30
4.34
4.40
4.44
4.46
4.42
4.36
4.24
4.14
4.02
3.85
3.80
3.80
3.82
3.95
4.20
4.50
4.68
4.78
4.85
4.84
4.80
4.79
4.80
4.85
4.95
5.10
5.40
5.90
6.48
7.10
7.60
8.30
9.10
10.20
11.40
13.00
14.80
14.50
12.40
12.00
10.20
9.34
8.67
8.56
9.42
11.00
12.60
15.40
12.10
10.60
10.70
12.00
14.00
16.00
20.00
28.30
25.00
27.30
31.20
42.60
65.60
87.80
88.20
71.80
60.00
53.60
47.60
42.40
39.10
41.80
52.90
74.90
88.80
92.10
102.00
124.00
162.00
181.00
168.00
169.00
173.00
148.00
124.00
106.00
95.00
92.50
95.30
95.50
89.20
80.50
74.00
70.70
73.80
80.00
75.20
74.10
70.10
73.00
66.20
69.80
80.80
110.00
139.00
157.00
154.00
148.00
161.00
170.00
163.00
155.00
157.00
170.00
158.00
146.00
141.00
132.00
130.00
115.00
100.00
93.10
88.80
81.90
75.00
72.50
68.80
75.60
73.00
67.50
63.40
59.60
57.20
55.10
52.00
47.90
44.20
41.60
39.30
37.00
34.80
33.70
36.30
42.10
35.00
37.40
62.20
53.90
56.00
50.30
44.60
39.60
36.90
34.40
31.50
29.70
28.00
26.20
24.90
24.10
23.30
22.10
21.20
20.50
20.10
20.50
19.60
18.90
18.20
17.70
17.30
17.50
17.40
16.90
15.90
15.10
14.60
15.30
15.00
14.10
13.50
13.30
13.10
12.70
12.40
12.10
11.90
12.80
16.80
19.20
22.40
26.00
26.00
24.40
23.00
21.80
24.20
26.90
26.10
26.30
28.80
27.40
26.60
26.10
26.30
25.70
25.00
23.80
22.80
21.80
20.80
20.20
20.70
20.00
19.20
18.30
17.60
16.80
16.30
15.80
15.40
14.90
14.50
14.10
13.90
14.30
14.40
13.70
13.20
13.20
13.40
13.20
12.90
12.50
12.30
12.80
13.30
14.90
18.00
19.20
16.70
15.50
14.30
14.80
14.40
17.70
24.30
23.70
22.80
22.40
21.40
20.60
20.50
19.20
17.50
18.20
16.20
14.90
17.10
17.50
17.70
15.90
16.10
14.90
15.00
19.30
81.70
82.90
65.00
51.80
41.50
37.50
37.80
34.60
34.30
36.50
38.10
35.10
30.20
32.00
30.40
26.60
22.30
22.10
25.40
23.20
22.00
22.40
24.70
24.50
27.50
25.80
23.10
22.70
23.60
17.40
6.24
7.40
9.47
9.30
8.80
8.30
7.80
7.55
7.10
6.80
6.60
12.50
23.00
50.00
40.00
32.00
25.50
20.00
16.00
14.20
14.30
14.60
15.10
15.50
15.70
15.80
15.90
16.00
15.90
15.70
14.90
14.40
14.30
14.40
14.30
13.80
12.90
12.20
11.80
11.70
11.60
11.80
12.10
12.20
11.80
11.40
11.10
10.60
10.30
10.00
9.75
9.50
9.45
9.50
9.60
9.62
9.55
9.50
9.65
9.90
10.00
9.90
9.65
9.55
9.49
9.40
9.35
9.30
9.25
9.20
9.15
9.60
10.20
10.80
11.10
12.20
13.00
12.00
10.90
10.50
10.40
10.60
10.80
11.00
11.30
11.70
11.80
12.00
10.50
10.10
9.48
9.26
9.20
9.25
9.35
9.45
9.75
10.00
10.30
10.40
10.30
10.00
9.90
10.00
10.50
11.40
10.90
10.90
11.20
13.20
16.20
19.20
21.50
30.00
33.50
31.40
30.00
29.90
31.30
30.70
25.20
26.20
27.60
27.40
28.40
32.20
36.70
38.10
42.60
56.80
75.20
90.10
103.00
108.00
107.00
101.00
91.80
83.10
79.10
68.70
63.10
64.50
69.60
75.60
88.30
110.00
167.00
183.00
154.00
128.00
116.00
105.00
100.00
97.10
94.60
91.90
89.30
88.10
92.60
101.00
107.00
106.00
104.00
109.00
147.00
355.00
418.00
337.00
277.00
338.00
391.00
359.00
324.00
288.00
264.00
245.00
228.00
205.00
190.00
183.00
172.00
171.00
183.00
179.00
159.00
149.00
138.00
127.00
121.00
120.00
120.00
122.00
129.00
133.00
133.00
136.00
139.00
139.00
136.00
114.00
114.00
107.00
105.00
101.00
95.50
87.70
80.00
74.70
72.10
71.90
65.70
62.60
60.10
58.70
57.10
55.40
52.80
48.90
45.70
42.70
44.80
44.90
40.50
36.70
34.20
38.10
56.10
105.00
97.30
87.40
78.90
71.40
64.10
59.30
56.70
54.80
48.90
44.60
41.00
37.40
34.80
32.90
30.90
29.20
28.40
27.50
26.10
24.60
24.30
23.60
25.40
25.60
27.20
26.00
22.90
20.90
21.80
22.90
24.40
22.30
19.70
18.00
17.50
17.30
17.10
17.00
16.80
16.30
15.80
15.30
14.60
14.20
14.10
13.80
13.50
13.20
13.90
14.10
13.10
12.70
12.50
12.30
12.00
12.00
11.80
11.60
11.40
11.10
10.80
10.70
10.80
10.80
10.80
10.80
10.60
10.80
11.10
11.00
26.80
32.30
22.20
19.10
18.00
18.70
19.90
18.10
17.60
17.10
16.40
16.30
15.80
15.20
15.50
14.90
14.30
14.90
14.80
14.40
14.40
14.80
18.20
16.90
17.50
17.40
17.50
20.00
19.90
18.00
17.00
18.40
15.00
13.90
17.50
18.10
25.90
67.20
70.30
57.30
51.40
43.70
37.10
34.10
30.90
26.70
24.50
22.00
22.30
25.50
21.50
17.50
15.00
16.20
16.50
17.40
16.50
15.80
13.10
11.60
15.80
15.50
14.80
15.50
15.60
16.00
16.40
15.30
13.50
9.63
8.68
11.90
11.70
12.20
12.40
8.82
5.25
5.00
4.80
4.90
5.00
5.20
5.40
5.30
5.25
5.20
5.20
5.50
5.40
6.00
6.60
7.00
7.50
8.00
8.60
9.20
9.40
9.70
10.20
10.40
11.10
11.80
12.30
12.70
13.00
12.90
12.40
11.70
10.00
9.70
9.50
9.40
9.40
9.30
9.20
9.00
8.70
8.60
8.90
9.50
11.50
13.60
14.00
14.00
13.90
13.70
13.60
13.40
13.40
13.50
13.90
14.60
15.10
15.10
15.10
14.90
14.80
14.70
14.40
13.60
12.50
11.50
10.80
10.80
10.80
10.80
10.00
7.39
6.07
9.32
12.50
11.80
12.20
12.20
12.30
12.30
12.30
12.00
11.70
11.50
11.60
11.20
11.00
11.10
11.30
12.60
13.10
14.00
14.80
13.90
13.50
12.00
10.90
10.50
12.00
12.30
12.60
14.30
15.50
19.60
21.50
21.80
26.60
36.10
41.40
41.80
40.90
39.50
37.70
34.80
32.20
31.70
32.30
31.80
30.70
29.30
29.10
30.60
34.00
38.50
43.50
49.00
53.90
56.70
58.40
59.20
59.70
60.10
60.50
60.70
61.10
61.00
61.10
61.30
61.70
62.20
63.30
65.30
66.10
67.50
69.70
73.30
75.60
77.60
78.90
79.30
81.30
83.90
85.90
87.80
88.90
90.10
91.00
91.90
93.00
94.60
94.50
95.30
95.80
96.50
97.50
101.00
112.00
150.00
158.00
153.00
147.00
145.00
144.00
156.00
172.00
169.00
151.00
131.00
118.00
110.00
104.00
99.40
112.00
275.00
379.00
326.00
270.00
246.00
231.00
217.00
208.00
203.00
197.00
187.00
176.00
168.00
162.00
157.00
148.00
135.00
121.00
114.00
110.00
112.00
109.00
104.00
100.00
96.70
94.20
92.80
92.50
92.30
91.90
91.60
91.70
91.90
91.60
91.30
91.10
91.00
90.90
90.60
90.50
90.30
90.10
90.10
90.10
90.00
89.90
89.60
89.30
89.00
88.70
88.40
88.00
87.90
87.50
87.00
86.80
86.50
86.20
86.00
85.60
85.30
84.90
84.70
84.20
83.80
83.30
82.80
82.10
81.20
80.50
75.20
70.80
69.90
63.80
54.30
45.10
34.70
25.70
22.50
22.30
21.60
21.40
21.20
21.20
21.30
21.30
21.30
21.20
21.20
21.20
21.20
21.10
21.40
21.30
21.30
20.80
21.10
21.20
21.10
21.10
21.00
21.00
21.00
21.00
21.20
21.30
21.40
21.50
34.30
49.20
53.90
47.20
40.10
39.90
39.80
39.80
36.30
26.00
17.50
14.50
14.40
14.50
13.10
11.00
11.10
11.00
10.90
10.80
10.70
10.60
10.50
10.40
10.20
10.10
10.20
10.20
10.10
10.10
10.10
10.20
10.20
10.30
10.30
10.30
10.30
10.30
10.30
10.40
10.30
10.30
10.40
10.40
10.40
10.50
10.50
10.60
10.60
10.60
10.60
10.60
10.60
10.60
10.60
10.60
10.50
10.50
10.60
10.70
13.00
10.50
10.50
10.40
10.40
10.40
10.30
10.30
10.20
10.10
10.10
10.10
10.20
10.00
9.80
9.46
9.51
9.50
9.40
9.33
9.34
9.24
9.23
9.20
9.17
9.08


