Mean daily temperature, C, Jan 1 1988 - Dec 31 1991, Oldman basin
#Station Name: Pincher Creek (Jan 1, 1988 - Aug 31 1989 and Jan 1 1900 -
#                             Dec 31 1991)
#              Latitude: 49-31 N
#              Longitude: 114-00 W
#
#              Lethbridge A (Sept 1 1989 - Dec 31 1989)
#              Latitude:  49-38 N
#              Longitude: 112-48 W
-10.40
-7.80
-15.55
-16.60
-17.50
-14.25
-17.30
-15.60
-4.05
-6.25
-10.85
-13.40
-1.50
1.60
1.45
-1.15
-4.25
-5.40
-5.15
-2.25
-2.15
1.10
-0.15
-4.55
0.95
2.20
4.35
8.10
-7.90
-21.80
-24.80
-21.15
-17.20
-23.35
-23.65
-12.90
-5.70
-3.60
-11.35
-19.55
-10.85
4.75
8.50
3.15
-3.80
2.80
-0.45
-1.50
-0.60
4.45
8.05
7.00
-5.20
-7.50
0.70
6.50
9.75
7.45
1.00
3.40
-2.95
1.30
4.30
0.50
2.40
1.80
0.45
6.05
3.70
-4.10
-4.60
-4.05
2.60
0.10
-2.75
-6.30
-2.90
4.30
8.30
8.35
5.00
2.25
3.35
3.20
2.15
3.90
0.10
-1.25
-0.80
-3.65
3.75
11.00
6.20
4.60
2.20
3.25
7.75
4.15
0.20
1.15
9.10
13.95
6.10
6.10
8.80
13.60
9.25
7.70
9.20
9.55
4.70
5.90
5.55
7.05
1.30
0.05
4.65
8.10
12.20
11.25
4.30
3.75
4.60
6.30
7.00
8.25
6.50
9.85
10.00
13.25
14.90
15.90
16.95
13.10
11.15
13.50
14.70
12.20
10.35
9.50
12.40
12.05
17.45
17.30
7.85
13.70
15.50
13.40
15.65
9.10
9.70
9.45
9.75
12.15
14.60
16.40
15.15
18.65
13.70
10.05
14.40
16.10
13.70
12.00
12.70
14.40
15.85
19.25
20.95
20.55
19.05
20.45
17.40
22.00
20.55
21.80
18.90
23.40
22.15
15.55
13.40
14.50
16.20
18.20
16.95
12.75
13.30
9.95
14.00
15.65
18.75
20.25
16.50
14.60
15.20
15.75
15.45
18.05
17.30
14.85
15.65
18.50
22.05
24.75
17.65
21.00
23.95
22.35
21.30
20.45
19.50
24.50
19.05
8.45
11.25
15.25
19.20
20.40
17.60
14.85
16.65
22.25
18.10
16.65
19.50
21.00
19.45
14.25
15.75
16.30
16.85
18.15
13.55
15.35
15.55
19.25
19.25
18.35
14.75
15.35
19.45
19.70
17.30
15.70
17.15
20.05
20.15
19.30
21.05
20.75
15.05
12.90
12.15
6.95
8.35
11.80
14.60
16.80
19.80
10.40
2.05
4.75
5.25
6.80
10.40
7.30
10.05
4.45
8.80
6.85
9.70
7.85
16.80
17.50
10.95
9.00
8.65
10.40
13.20
11.95
14.70
15.55
13.35
12.40
14.75
17.35
12.55
13.35
9.35
11.65
5.25
2.10
7.65
10.70
14.55
6.95
8.05
5.65
6.60
1.95
-7.20
-8.30
-2.85
7.70
10.10
13.60
7.45
7.35
6.05
6.95
6.35
3.15
0.25
0.95
2.35
3.60
2.20
-0.45
-4.30
-5.05
0.35
-3.55
-5.40
0.25
1.65
2.55
4.55
1.60
-0.80
-4.05
-11.50
-11.60
-1.05
-1.00
3.45
6.00
5.30
3.15
9.30
6.10
0.70
-4.85
-4.65
2.35
2.30
0.55
5.65
2.25
-5.65
-2.85
-0.10
2.00
5.50
-3.30
-8.80
-3.95
-4.90
-10.40
-20.35
-17.00
-17.70
-8.95
-12.50
-4.15
-0.95
-14.35
-13.15
-1.10
1.85
0.50
-5.60
-13.60
-24.50
-20.80
-7.30
-8.05
-7.30
-3.70
-0.65
-8.10
-4.50
1.85
2.10
2.85
0.20
4.40
1.20
-8.95
-9.00
-10.40
-3.85
0.60
0.95
0.95
4.85
8.90
-28.55
-35.55
-35.90
-34.75
-23.40
-14.80
-8.50
-14.05
-13.20
-3.80
-7.65
-6.45
-2.55
-9.30
-12.60
-17.45
-22.85
-24.45
-16.10
-7.15
-6.00
-5.90
0.45
1.55
-2.00
-8.20
-9.90
-7.05
-19.75
-25.00
-22.85
-20.05
-8.70
-5.55
2.40
-0.80
-1.35
2.45
4.90
-8.55
-0.70
-8.05
-8.25
-11.20
-15.25
-13.75
-7.00
-8.20
-6.10
3.05
2.40
1.30
2.20
5.70
2.80
3.80
4.35
0.00
1.55
3.55
1.20
-0.25
1.30
2.60
4.95
6.35
4.75
-3.10
-3.80
1.15
5.80
6.80
8.60
8.00
12.00
-4.65
0.80
9.60
13.05
12.95
12.20
9.15
2.40
4.55
2.00
2.10
1.35
3.90
6.50
8.40
11.40
8.30
8.30
8.85
10.20
15.90
13.35
10.55
12.70
13.65
9.85
6.50
7.50
8.30
9.70
10.15
11.00
7.50
5.30
9.45
9.75
8.90
5.90
5.50
6.10
7.40
4.85
-1.45
0.55
6.55
10.60
16.10
13.10
11.95
13.25
16.55
18.80
15.70
16.35
16.35
11.00
11.55
14.50
12.85
16.70
17.35
14.40
11.65
14.70
12.30
10.75
12.80
11.30
11.80
10.00
9.20
14.35
14.90
12.55
18.40
15.55
13.10
12.40
14.85
17.60
15.35
15.80
17.90
16.35
16.65
12.70
15.30
17.65
15.10
17.60
17.80
17.55
15.65
18.20
20.15
20.90
21.45
17.30
16.95
18.10
17.45
16.75
21.45
19.35
17.05
18.45
18.85
21.60
15.05
15.55
17.90
16.10
17.75
18.65
19.50
17.45
19.55
19.05
18.60
18.85
18.10
16.75
13.45
14.00
12.65
15.75
14.50
16.55
16.70
12.40
13.00
11.10
8.40
8.10
9.75
11.05
8.80
13.65
15.40
14.60
14.80
15.20
10.45
12.75
11.30
8.70
7.35
4.75
5.95
11.65
16.45
18.60
17.10
18.00
8.40
9.90
10.85
11.40
13.90
11.20
17.60
14.55
14.05
18.25
18.25
14.55
17.00
10.65
1.00
1.15
3.75
6.45
9.30
9.70
12.20
16.00
10.65
13.20
8.95
11.75
6.90
4.75
1.50
1.25
2.25
12.90
11.90
10.80
11.65
10.95
11.40
8.85
6.75
5.00
5.60
-1.05
1.65
4.65
-5.45
-4.10
2.35
9.20
6.90
4.40
5.80
2.60
4.55
7.80
7.70
-0.45
-5.65
-3.40
-2.05
-6.80
2.50
1.75
8.10
6.90
-0.20
-6.55
-10.25
-3.55
-0.50
-1.20
-7.80
-5.60
4.45
5.55
4.60
0.05
2.50
8.35
7.60
4.90
-2.05
-4.15
2.50
-5.75
-18.40
-14.30
3.50
-0.20
1.00
-1.10
-6.50
-13.60
-18.30
-19.10
-23.65
-30.95
-10.20
6.40
6.55
7.20
8.35
7.15
-3.60
-3.10
-2.90
-2.30
1.25
-5.00
-3.00
0.00
0.00
0.25
1.50
2.50
3.50
-3.75
-6.50
-3.25
3.00
1.25
-1.25
-4.25
-9.50
-2.75
-1.75
-2.75
0.50
2.75
-1.25
-3.00
1.25
-6.00
-8.00
-4.00
-19.75
-25.75
-28.25
-16.50
-7.40
-0.70
-6.40
-3.95
-6.00
-5.40
-6.25
-2.80
2.60
3.45
-11.05
-24.35
-21.35
-10.05
-23.90
-22.00
-14.75
-3.25
-1.05
2.25
6.00
5.70
1.60
4.50
-7.20
-1.05
4.45
5.65
3.15
3.40
4.05
2.75
2.20
6.40
2.80
-0.90
1.75
-1.50
-3.25
-0.05
1.35
3.75
4.45
-1.40
1.40
6.85
5.35
0.75
-13.65
-15.10
-9.40
-3.50
3.25
1.20
3.95
5.05
10.25
2.65
8.15
11.35
6.05
0.50
0.45
4.50
6.70
-2.35
-7.55
-10.95
-6.95
1.20
4.05
5.90
5.90
0.80
6.30
12.15
13.65
12.25
11.00
11.15
10.05
8.75
5.45
2.70
1.65
-5.00
-7.25
-2.25
8.00
8.00
9.50
9.75
11.25
13.50
5.50
0.50
4.75
5.50
6.25
1.75
4.50
4.50
6.25
6.50
7.75
6.25
6.00
5.00
8.50
10.00
15.00
10.50
6.25
6.50
10.50
8.00
13.25
12.50
10.75
7.45
7.05
8.05
7.50
9.65
11.45
10.75
12.25
14.15
12.00
7.25
9.65
6.65
9.20
9.45
11.50
12.50
14.55
14.50
13.10
13.90
16.00
17.10
17.25
17.45
18.70
18.70
15.60
15.85
19.05
18.50
14.35
14.65
12.35
12.90
13.95
11.95
13.95
17.00
19.60
19.90
22.20
23.10
16.50
17.05
16.70
15.25
15.55
10.30
9.25
11.50
15.35
17.85
17.10
14.70
14.65
17.65
15.60
16.45
17.55
19.90
17.90
15.80
15.65
16.45
19.45
21.00
20.45
17.15
18.05
18.40
18.90
20.85
20.35
20.00
19.35
20.60
18.35
16.45
15.00
17.95
16.95
17.45
15.90
6.45
7.50
9.00
12.45
16.90
20.55
16.40
15.90
14.05
13.90
12.45
16.25
17.15
17.70
20.10
17.90
15.40
17.60
17.95
18.70
11.90
12.65
14.55
14.55
11.75
12.45
11.00
12.90
10.75
13.05
18.45
17.85
17.15
12.25
8.70
7.40
16.00
9.80
11.75
7.75
8.25
10.05
2.50
-1.05
-1.75
4.80
10.30
1.60
-1.65
4.50
3.55
2.05
2.40
-2.50
-2.60
4.20
3.50
0.50
4.60
4.65
2.90
9.00
14.30
7.45
7.70
10.10
6.95
5.45
6.00
-0.60
-4.85
-4.90
3.45
-7.10
-7.05
0.45
3.60
1.25
1.10
4.95
12.55
11.35
1.85
1.00
5.85
4.40
4.30
2.00
-1.50
-1.75
2.65
-1.70
-12.80
-13.35
-13.10
-5.15
-5.90
-0.55
-7.00
-7.25
-10.70
-1.10
2.20
-0.55
1.10
3.45
3.90
0.80
-1.60
-2.25
-11.70
-5.35
-4.80
-2.75
-8.30
-2.15
-21.40
-28.60
-28.75
-27.45
-21.65
-14.20
-12.75
-16.70
-7.10
-11.20
-29.45
-27.50
-14.75
-8.30
-20.00
-23.90
-23.40
-22.20
-22.80
-18.70
-21.00
-22.70
-12.80
-2.00
1.00
2.80
3.60
2.40
3.10
0.80
3.50
5.20
-9.20
-5.90
-1.90
-3.30
-7.40
-7.90
-11.20
-7.50
-4.20
-15.10
-16.70
-3.20
0.90
5.70
8.00
6.10
7.40
6.00
4.20
7.40
7.50
1.40
3.60
6.50
4.00
3.50
1.90
6.60
0.60
1.40
-3.10
3.70
4.80
-0.90
-1.80
-2.80
-5.60
-0.70
0.40
1.30
-13.00
-20.10
-11.00
-7.30
-12.90
-10.60
-8.30
-3.80
-1.90
0.90
0.60
-3.90
-2.90
-2.00
-0.70
-0.60
-1.40
0.60
5.10
6.90
5.30
4.80
3.60
0.00
-3.30
-9.90
-13.40
-8.40
1.60
2.50
6.90
10.00
8.30
8.00
3.50
7.00
7.60
2.50
2.20
2.50
2.90
-0.60
0.70
3.00
4.70
5.20
3.90
2.80
1.10
2.80
5.40
8.90
10.20
10.50
11.50
9.70
5.40
4.70
3.40
5.80
3.90
3.80
3.10
-1.00
0.40
5.00
6.40
9.60
8.90
8.20
6.50
7.80
9.50
8.90
8.70
11.10
10.90
10.20
10.10
10.00
13.60
14.90
14.60
11.90
8.10
8.20
9.10
7.50
8.70
9.60
11.90
11.60
12.40
16.90
15.60
13.60
9.50
9.70
12.30
12.50
12.90
14.40
18.00
14.40
10.80
9.90
10.30
12.00
10.90
10.80
12.30
9.90
8.40
11.70
10.70
12.50
10.50
11.80
13.30
13.80
11.50
13.20
14.20
16.20
16.60
20.70
17.40
18.00
12.10
12.70
15.20
16.40
12.10
15.00
17.20
19.10
19.50
17.50
17.00
15.40
14.40
14.50
15.10
17.40
14.90
15.80
16.70
18.80
19.10
17.00
17.60
17.60
15.80
17.60
12.50
14.30
16.10
19.00
20.20
17.20
20.40
21.40
21.00
18.80
15.70
15.90
14.40
12.90
14.50
18.40
18.70
20.70
22.90
24.50
21.60
21.20
17.90
16.70
16.00
18.40
16.40
19.40
19.00
19.50
21.20
18.80
12.40
11.50
12.40
15.50
17.90
18.50
8.00
9.60
9.70
13.60
15.70
16.70
8.80
9.80
10.90
6.80
8.90
16.10
10.30
3.30
4.80
10.80
15.40
14.30
12.70
14.20
15.60
8.60
10.70
16.90
9.00
4.50
2.80
8.30
16.00
15.10
8.90
16.40
21.50
19.80
17.00
6.10
15.50
18.50
10.90
-3.50
-1.00
7.60
11.60
11.30
-6.50
-5.30
0.20
-7.10
-8.30
-12.40
-20.40
-17.50
-12.80
-8.80
-16.40
-14.20
-5.30
1.50
-6.90
-9.00
2.60
8.70
2.30
6.90
6.00
5.90
3.40
0.60
0.80
5.80
5.00
3.50
3.20
4.00
-1.40
-8.50
-3.30
1.70
3.60
1.40
-5.80
-3.60
-8.70
-9.80
-2.50
-5.30
-3.60
4.20
4.70
3.50
1.10
1.10
2.70
-1.80
-1.50
-3.30
-10.70
-3.60
0.80
-0.60
-2.40
2.60
0.50
-0.50
1.50
1.00
1.30
2.70
3.00
4.30
5.80
1.00
2.60
1.20
0.50
