Precipitation, mm, Jan 1 1988 - Dec 31 1991, Oldman River basin
#Station Name: Pincher Creek (Jan 1, 1988 - Aug 31 1989 and Jan 1 1900 -
#                             Dec 31 1991)
#              Latitude: 49-31 N
#              Longitude: 114-00 W
#
#              Lethbridge A (Sept 1 1989 - Dec 31 1989)
#              Latitude:  49-38 N
#              Longitude: 112-48 W
0.0
0.0
0.0
0.0
0.0
0.0
0.2
0.0
0.0
3.6
4.6
0.0
0.0
0.0
0.0
0.0
0.0
0.0
0.0
0.0
0.0
0.0
0.0
0.0
0.0
0.0
0.0
0.0
1.4
1.8
0.0
2.0
0.2
0.0
0.0
0.0
0.0
0.0
3.2
0.6
0.0
0.0
0.0
2.8
0.0
0.0
0.0
0.0
0.0
0.0
0.0
0.0
0.0
0.0
0.0
0.0
0.0
0.0
0.0
1.2
0.4
0.0
1.2
0.0
0.0
0.0
0.0
0.0
8.4
0.6
0.0
0.0
0.0
13.0
3.6
0.0
0.0
0.0
0.0
0.0
0.0
0.0
0.0
0.0
0.0
1.2
1.0
0.0
5.2
0.0
0.0
0.0
1.0
0.0
0.0
0.4
1.6
0.0
0.0
0.0
0.0
0.0
0.0
0.0
0.0
0.0
0.0
0.0
0.2
2.0
0.0
0.0
0.0
0.0
8.6
0.0
0.0
0.0
0.0
0.0
0.2
0.0
0.0
4.6
3.0
3.6
5.2
0.0
0.0
0.0
0.0
0.0
0.0
0.0
0.0
0.0
0.0
0.0
0.0
0.0
0.0
0.0
0.0
0.0
2.2
0.0
0.0
0.0
2.2
3.2
12.6
0.6
0.0
0.0
1.2
0.6
0.0
2.6
15.2
6.0
0.0
0.0
0.0
0.0
0.6
0.0
0.0
0.0
0.0
0.0
0.0
0.0
0.0
0.0
0.0
0.0
0.0
0.0
3.2
6.4
0.0
0.0
0.0
0.0
0.0
4.5
9.0
0.0
0.0
0.0
0.0
0.0
0.0
0.0
0.0
0.0
0.0
0.0
0.0
0.0
0.0
0.0
0.0
0.0
0.0
0.0
0.0
0.0
0.0
0.0
0.0
0.0
0.4
23.0
10.0
0.0
0.0
0.0
0.0
1.8
0.0
0.0
0.0
0.0
0.0
0.0
0.0
5.6
0.0
0.2
0.0
0.0
0.0
0.0
0.0
0.0
0.0
0.8
10.6
0.0
0.0
0.0
0.0
0.0
0.0
0.0
0.0
0.0
0.0
0.5
0.0
0.0
0.0
0.0
5.0
0.0
0.0
0.0
0.0
0.0
0.0
15.2
2.5
0.0
0.0
0.0
0.0
0.0
6.0
0.0
0.0
0.0
0.0
0.0
0.0
0.0
0.0
0.0
0.0
0.0
0.0
0.0
0.0
0.0
0.0
0.0
0.0
0.0
0.0
0.2
0.0
0.0
0.0
0.0
0.0
0.0
0.0
0.0
0.0
8.2
0.0
0.0
0.0
0.0
0.0
0.0
0.0
0.6
0.0
0.0
0.4
0.0
0.0
0.0
0.0
0.0
0.0
2.4
2.0
0.0
0.0
1.2
0.0
0.0
0.0
0.0
2.0
0.0
0.0
1.0
0.0
5.4
0.0
0.0
0.0
0.0
0.0
0.0
0.0
0.0
0.2
0.0
0.0
0.0
0.0
0.0
0.6
1.8
0.2
0.0
0.0
0.0
0.0
9.8
0.0
0.0
0.0
0.0
0.0
0.0
0.0
0.0
0.0
0.0
0.4
0.0
0.0
0.0
0.4
15.0
11.2
4.0
0.0
0.0
0.0
0.0
0.0
0.0
2.4
0.0
0.0
0.0
0.0
0.0
0.0
0.0
0.0
0.4
0.0
0.0
0.0
0.0
0.0
0.0
0.0
6.8
5.4
0.0
0.2
0.0
0.6
3.4
0.0
0.0
0.0
0.0
0.0
0.0
2.8
1.0
0.0
5.8
3.0
0.4
0.0
0.0
0.0
0.0
0.0
0.0
0.8
0.0
2.2
10.8
1.4
0.0
2.0
0.0
0.0
0.0
1.4
0.0
0.0
7.8
0.0
0.8
0.0
8.4
4.8
3.0
2.4
0.0
1.0
0.0
0.0
0.0
0.0
1.4
0.0
0.0
0.0
0.0
0.0
0.0
0.0
0.0
0.0
0.0
0.0
0.0
0.0
3.0
12.8
1.6
0.0
0.0
0.0
0.0
0.0
0.0
0.0
5.4
0.0
0.0
0.4
0.0
0.0
0.0
0.0
1.6
16.4
4.4
4.6
0.0
0.0
0.0
14.6
1.6
0.0
0.0
0.0
0.0
1.0
0.0
0.0
0.0
0.0
0.0
0.0
0.0
0.0
0.0
0.0
0.0
0.0
0.0
0.0
0.6
3.2
6.4
4.4
0.0
12.6
18.2
0.0
1.6
0.0
0.0
0.0
1.8
0.0
0.0
0.0
0.0
0.2
8.0
25.2
0.0
0.0
0.0
0.0
0.0
0.0
0.0
0.0
0.0
0.0
0.0
4.4
5.6
24.6
2.8
0.2
0.0
0.0
0.0
0.0
0.0
0.0
0.0
0.0
0.0
0.0
0.2
0.0
0.0
22.0
0.0
2.6
35.2
0.0
9.8
0.0
0.0
0.0
0.0
0.0
0.0
0.0
0.0
0.8
0.0
0.0
2.6
0.0
0.0
0.0
0.0
1.0
0.0
0.0
0.0
0.0
0.0
0.0
0.0
2.4
0.0
0.0
0.4
5.8
2.8
0.0
0.6
0.0
0.0
1.0
0.0
0.0
0.0
4.0
20.2
0.8
11.4
2.2
2.4
4.8
0.8
0.0
0.0
3.8
5.4
0.0
4.7
0.6
0.6
0.0
1.8
0.0
0.0
0.0
0.0
0.0
0.0
0.0
14.6
2.0
0.0
0.0
0.0
0.0
0.0
0.0
0.0
0.0
0.0
0.0
0.0
0.0
0.0
0.0
0.0
0.0
0.4
2.2
0.0
0.0
0.0
4.4
0.0
0.0
0.0
0.6
0.0
0.0
0.0
0.0
0.0
0.0
0.0
0.0
0.0
0.0
0.0
0.0
6.8
0.2
0.0
4.8
0.0
0.0
0.0
0.0
5.8
0.0
0.0
2.8
0.0
0.0
2.0
2.0
4.2
0.0
0.4
0.0
0.0
0.0
0.0
0.0
0.0
6.6
0.0
0.0
0.0
0.0
0.0
0.0
0.0
0.0
0.0
0.0
0.0
0.0
0.0
3.6
2.8
0.0
0.0
3.0
2.3
0.0
0.0
0.0
1.0
2.4
1.0
1.3
0.2
2.1
4.2
0.0
0.0
0.0
0.0
0.0
0.0
0.0
8.5
0.0
0.0
0.0
0.0
3.2
0.0
0.0
0.0
0.4
0.0
0.0
1.6
0.0
0.0
0.0
0.0
0.0
0.0
3.2
0.0
0.0
0.0
0.0
0.0
0.0
0.0
0.0
0.4
1.8
0.0
2.8
6.2
7.2
1.6
0.0
0.0
1.0
2.8
0.4
0.4
0.0
0.4
0.0
0.0
11.2
3.4
0.0
0.0
4.4
1.2
0.0
0.0
0.0
0.0
0.0
0.0
0.0
0.0
5.4
0.0
0.0
0.0
0.0
0.0
0.0
0.0
0.0
0.0
0.0
0.6
0.0
0.0
3.4
4.0
0.0
0.0
0.0
6.0
0.0
0.0
0.0
0.2
6.2
1.0
0.0
0.0
0.0
0.0
0.0
0.0
0.0
0.0
2.2
0.0
0.0
0.0
4.6
0.0
0.0
0.0
13.6
5.2
0.0
0.0
6.4
0.0
0.0
0.4
0.0
0.0
0.0
0.0
0.0
0.0
0.0
0.0
0.0
3.4
10.0
0.2
0.0
11.2
0.0
3.0
0.0
0.0
0.0
0.0
0.0
3.6
1.4
0.0
4.2
0.0
12.8
0.4
0.2
2.8
0.0
0.4
8.4
0.2
0.2
0.0
0.2
0.0
43.4
4.2
8.8
0.0
17.2
4.0
1.8
2.6
4.0
5.2
0.0
0.4
0.0
0.0
0.0
0.0
0.0
1.2
0.0
1.0
10.2
0.0
0.0
1.6
0.0
0.0
1.4
12.4
0.0
0.4
0.0
0.0
0.0
0.0
0.0
0.0
0.0
0.0
0.0
0.8
0.0
0.0
4.8
0.5
6.2
0.0
0.0
0.0
0.0
0.0
0.0
0.0
0.0
1.0
0.0
1.6
1.8
0.0
0.0
0.0
7.8
6.8
41.4
2.0
2.0
0.0
0.0
0.0
0.4
0.0
10.2
0.0
0.0
0.0
0.0
0.0
0.0
0.0
0.0
0.0
0.0
0.0
0.0
2.0
0.4
7.8
2.6
2.4
0.0
0.0
0.0
2.4
5.8
0.0
0.0
0.0
0.0
0.0
0.0
0.0
0.0
0.0
0.0
0.0
0.0
0.0
0.0
0.0
0.0
0.0
0.0
10.2
0.0
0.0
0.0
0.0
0.0
0.0
0.0
0.0
0.0
0.0
0.0
0.0
0.0
0.0
0.0
0.0
0.0
0.0
1.0
0.0
0.0
5.6
9.6
0.0
0.0
0.0
0.0
0.0
0.0
0.0
0.0
0.0
1.8
6.0
0.0
0.0
0.0
0.0
0.0
0.0
0.0
0.0
0.8
0.2
0.0
0.0
0.0
0.0
2.4
4.0
0.0
0.0
2.0
0.8
0.0
0.0
0.0
0.0
0.0
0.0
0.0
0.0
0.0
0.0
0.0
0.0
0.0
0.0
0.0
0.0
0.4
0.0
0.0
45.0
0.0
0.0
0.0
1.4
1.4
0.0
2.6
0.0
1.2
0.0
0.0
0.0
0.0
2.4
0.0
5.3
0.0
0.0
0.0
0.0
0.0
4.6
0.4
0.6
0.2
0.0
0.0
0.0
0.0
0.0
3.6
3.3
1.4
0.0
0.0
2.2
0.0
0.0
0.0
0.0
0.0
1.0
3.6
0.4
0.0
0.0
0.0
0.0
0.0
0.0
0.0
0.0
0.0
0.0
0.0
0.0
0.0
0.0
1.4
1.5
0.0
0.0
6.0
0.4
0.0
0.0
0.0
0.0
0.0
0.0
0.0
0.6
0.0
0.0
0.0
0.0
0.0
0.0
0.0
0.0
0.0
0.0
1.0
0.0
0.0
0.0
0.0
0.0
1.2
3.0
0.0
0.0
0.6
6.4
10.0
6.2
0.0
3.2
4.4
0.0
0.6
0.0
0.0
0.0
0.0
0.0
0.0
0.0
0.0
0.0
0.0
0.0
0.0
0.0
0.0
1.8
0.0
0.0
9.0
6.2
0.0
0.0
0.0
0.0
0.0
0.0
0.0
0.2
0.0
0.0
0.0
1.6
0.0
0.0
0.6
20.6
0.0
0.0
0.0
0.0
0.0
0.0
0.0
0.0
0.0
0.0
0.0
0.0
0.0
0.0
0.0
0.0
0.0
17.4
0.0
0.0
0.0
3.6
0.4
0.0
0.0
0.0
0.0
1.2
0.0
0.0
0.0
16.4
0.0
0.0
0.0
0.4
0.0
14.8
0.0
0.0
0.0
0.0
4.6
2.6
0.0
1.2
0.0
0.0
0.0
1.0
0.0
0.0
0.0
0.0
0.0
2.0
1.4
0.0
0.0
0.0
0.0
1.8
0.0
0.0
0.0
0.4
0.0
0.2
0.0
27.2
58.8
0.4
0.0
3.2
15.2
6.0
3.2
5.2
5.2
36.2
0.0
0.0
0.0
0.0
2.4
0.0
0.0
0.0
0.0
0.8
24.4
0.0
0.0
0.0
0.0
0.0
0.0
0.0
0.0
0.0
0.0
0.0
0.0
0.0
0.0
0.0
0.0
0.0
0.0
3.0
0.0
0.0
10.6
0.0
0.0
0.0
0.6
0.4
0.0
0.0
0.0
0.0
7.0
11.8
0.6
3.0
0.8
0.0
0.0
0.0
0.0
0.0
0.0
0.0
0.0
0.0
0.0
0.0
0.0
0.0
0.0
0.0
0.0
0.0
0.0
0.0
0.0
0.0
0.0
0.0
3.2
0.0
0.0
0.0
0.0
10.4
0.0
0.0
5.6
0.4
0.0
0.0
0.0
0.0
19.8
0.0
0.0
0.0
0.0
0.0
0.6
0.0
0.0
0.0
0.0
2.4
0.0
0.0
0.0
0.0
0.0
0.0
0.0
0.0
0.0
0.0
0.0
0.0
3.0
0.2
0.0
0.0
0.0
5.4
0.6
0.0
2.8
0.0
0.0
8.8
0.0
0.0
0.4
9.6
0.0
0.0
0.0
0.0
5.4
0.0
0.0
0.0
0.0
0.0
0.6
0.4
0.0
0.0
0.0
0.0
0.0
0.0
0.0
0.6
4.8
0.0
0.0
0.0
0.0
0.0
0.0
0.8
0.0
0.0
0.0
0.0
0.0
0.0
0.0
0.0
0.0
0.0
3.4
0.0
0.4
2.4
0.0
0.0
0.0
0.0
0.0
0.0
0.0
0.0
0.0
0.0
0.0
0.0
0.0
0.0
0.0
0.0
0.0
0.0
0.0
