Mean daily temperature, C, Jan 1 1988 - Dec 31 1991, Saugeen basin
#Station Name: Paisley
#Station Number: 6126210
#Longitude: 44-16 N
#Latitude: 81-22 W
-6.50
-5.75
-3.50
-8.00
-12.50
-13.25
-13.25
-15.00
-9.00
-11.00
-6.25
-0.75
-14.25
-14.50
-8.00
0.75
2.50
0.75
-2.25
3.00
-11.25
-12.75
-3.00
-1.50
-5.00
-13.25
-11.75
-9.75
-3.50
5.25
8.25
-2.50
-10.75
-11.75
-11.25
-12.50
-13.25
-11.00
-11.75
-11.25
-14.50
-10.00
-6.50
-8.75
-6.50
-1.75
-11.00
-2.25
-3.75
-3.50
-6.25
-10.00
-2.00
-6.00
-7.00
-7.50
-8.00
-6.75
-10.25
-7.50
-11.00
-3.50
-11.50
-13.00
-8.00
-0.50
0.00
0.25
2.25
-1.25
-2.00
-1.00
-2.00
-9.75
-8.75
-2.25
-7.50
-2.75
-7.25
-10.75
-15.50
-9.75
4.50
2.25
6.75
7.25
-1.75
1.00
9.50
3.25
2.25
4.50
5.75
13.00
6.50
12.50
11.50
3.75
3.00
2.25
4.25
4.50
6.25
7.75
3.00
0.50
3.00
8.00
-0.50
0.00
1.75
2.25
1.50
4.00
4.25
4.25
5.00
4.50
4.50
7.25
7.75
8.50
8.50
10.00
8.75
10.50
9.50
9.50
16.50
16.00
11.00
6.75
12.25
7.25
6.25
13.75
15.50
10.50
11.50
13.50
15.50
15.75
16.00
15.50
9.00
7.00
10.50
20.00
17.50
19.00
19.75
19.25
15.25
8.50
10.50
10.25
15.00
16.25
13.25
8.00
7.00
9.00
14.50
19.75
19.75
25.50
24.00
12.75
11.00
14.00
24.25
24.25
18.50
21.50
13.75
15.25
22.00
15.00
11.75
13.50
8.50
12.00
13.50
13.75
14.50
17.50
22.00
23.00
24.50
24.25
23.50
23.75
21.75
19.50
19.00
22.75
18.50
23.50
19.25
21.50
21.25
17.75
18.75
21.25
17.25
20.50
19.00
20.50
19.25
21.75
25.00
22.25
18.75
21.25
26.00
27.75
27.50
26.25
22.25
20.75
20.25
24.50
21.00
22.00
23.75
26.25
26.50
21.25
19.25
21.25
16.50
13.00
13.75
14.50
13.25
14.75
18.25
16.50
16.50
15.50
16.75
14.50
12.50
13.50
20.00
21.00
19.00
16.50
11.00
9.50
10.50
15.75
18.00
13.75
11.50
16.00
12.00
12.00
9.50
12.00
17.75
21.50
20.00
14.50
12.50
14.75
13.00
10.25
11.00
11.00
15.25
9.25
10.25
15.75
20.75
12.75
8.00
5.75
4.00
5.50
6.00
5.00
5.00
7.75
4.50
2.00
4.00
7.00
12.00
14.25
14.75
7.50
4.25
2.50
4.50
6.25
6.00
4.75
5.00
2.75
5.25
3.25
2.00
0.25
2.00
4.00
3.00
3.50
10.25
12.00
3.00
2.75
3.00
6.00
8.25
1.50
3.50
5.50
4.00
4.25
10.75
2.25
0.75
-0.75
4.00
1.50
1.50
2.75
3.00
5.75
6.75
8.25
1.50
1.50
1.50
-1.50
0.50
2.50
-1.00
1.00
5.00
1.75
-3.00
-5.75
-9.50
-18.50
-18.00
-4.25
-0.50
-8.75
-9.75
-11.00
-11.75
-1.00
6.00
-1.75
-3.75
0.50
1.25
-3.75
-4.00
-1.00
-3.00
-6.25
-4.50
-7.25
-7.50
-1.75
-8.75
-16.25
-10.25
-4.75
1.50
-4.00
-6.25
-4.25
-6.00
-1.00
-4.00
-3.25
-2.50
-3.25
-2.75
-1.50
1.25
-8.50
-12.00
-2.00
1.00
-0.75
-1.00
-1.75
-0.50
1.75
0.00
2.25
4.00
-4.25
-8.75
-10.25
-11.00
-9.75
-6.25
-7.75
-8.75
-12.50
-7.25
-4.50
-7.50
-5.50
-1.00
-2.00
-10.75
-11.75
-9.25
-5.50
-2.75
-2.25
-6.50
-17.25
-21.75
-15.25
-4.25
-7.25
-11.25
-7.25
-10.25
-9.00
-2.75
-8.75
-11.00
-16.50
-13.25
-4.25
-5.00
3.75
-9.25
-6.75
3.75
-1.30
-5.50
-5.75
-6.00
-8.75
-3.25
-6.25
-8.50
-2.50
0.50
3.75
4.00
12.75
15.25
-1.25
4.25
1.00
1.25
3.50
7.25
8.25
5.25
2.75
2.00
0.25
-2.00
-3.00
-1.50
0.00
1.75
2.25
4.00
5.50
6.00
0.25
1.50
3.25
3.00
-0.50
0.25
2.50
10.50
11.50
7.50
4.00
9.00
9.25
3.75
6.50
7.25
8.50
13.25
3.75
2.25
6.25
6.75
7.00
6.25
9.25
10.25
10.75
10.25
11.50
14.25
16.25
19.00
17.75
14.00
13.00
14.25
14.50
19.25
18.75
8.75
9.00
14.00
17.25
19.25
15.25
16.75
17.00
14.25
11.00
15.25
18.00
19.75
18.50
11.50
12.00
13.50
15.00
15.75
15.50
16.50
13.50
16.75
19.00
17.25
18.75
21.50
19.00
21.75
18.50
21.50
20.50
16.75
11.75
12.50
15.50
17.00
21.25
21.25
21.75
22.00
22.00
17.00
19.50
23.25
18.50
18.25
17.25
15.50
13.00
15.75
15.50
20.75
22.75
21.50
18.50
22.00
21.75
22.75
23.75
26.75
24.75
19.00
15.50
20.00
19.00
19.00
22.75
22.75
23.75
24.50
16.75
12.50
13.50
18.50
19.25
19.75
20.00
20.00
21.50
20.75
17.50
15.00
14.75
16.25
19.25
19.75
15.25
18.25
14.50
13.50
15.25
17.50
18.25
21.00
16.50
17.25
20.25
13.25
13.50
14.75
22.00
21.75
22.00
22.75
23.25
17.75
17.00
14.25
11.25
8.75
10.50
10.25
16.75
13.75
14.25
15.25
16.50
17.75
7.25
6.75
9.50
9.25
3.50
10.75
12.00
8.00
13.00
14.00
5.00
7.00
6.75
9.75
6.25
4.25
4.75
2.75
10.75
12.25
13.25
11.00
10.00
12.50
2.75
2.50
2.75
4.50
4.00
6.50
10.75
14.25
13.50
15.25
11.75
13.25
16.00
15.50
11.25
2.00
2.50
-1.00
-2.00
7.50
5.25
3.00
3.00
4.25
2.00
5.00
1.75
8.25
8.75
9.25
-2.25
-4.00
-4.50
0.25
2.00
-6.25
-5.25
-10.50
-1.75
0.50
0.25
1.25
-4.00
-6.25
-2.75
-9.75
-5.00
-11.75
-12.50
-6.75
-1.75
-10.25
-11.00
-9.50
-2.75
-11.25
-14.25
-18.75
-16.25
-11.25
-9.25
-9.75
-9.50
-8.25
-13.00
-16.50
-19.75
-13.75
-10.00
-6.50
-15.25
-12.50
-7.00
-9.00
-8.75
-1.00
-3.75
-2.50
-0.25
1.75
-3.50
-8.00
-7.00
-1.00
2.75
-1.50
-0.50
-7.25
-8.50
-3.25
-0.25
2.50
3.75
-0.25
-4.25
-3.25
-4.25
-3.25
-1.75
1.00
2.00
-1.75
1.75
-2.25
-2.00
-3.00
-0.25
0.25
-8.25
-7.00
-8.50
-6.75
0.75
0.25
3.75
1.00
-1.75
-3.00
0.00
1.75
-7.00
-7.25
-3.00
-14.50
-9.00
-4.50
-9.00
-1.00
1.75
-4.50
-9.75
-15.50
-10.25
-4.00
-7.25
-7.00
1.00
-7.50
-10.75
-15.25
-15.50
-14.00
-7.75
1.50
3.00
4.25
9.50
13.75
15.75
16.75
9.75
6.00
1.00
-2.00
-2.75
0.25
6.25
-3.75
-6.00
-2.00
-4.75
-4.25
-1.25
2.25
2.50
5.00
3.25
3.75
0.50
3.00
0.25
-2.25
-2.75
1.75
9.00
3.00
0.25
-3.00
0.65
4.00
4.00
3.75
1.25
2.00
7.00
9.75
8.25
8.75
14.50
16.25
21.75
21.25
22.00
20.50
19.25
16.00
6.50
3.25
5.75
5.50
10.00
7.75
8.75
15.25
14.50
8.75
5.50
7.25
10.00
8.50
14.75
14.00
12.25
7.50
6.75
8.25
11.00
9.00
9.50
10.00
11.50
14.25
14.75
13.00
10.50
7.00
12.25
15.75
23.00
16.50
8.25
9.75
16.50
12.75
13.25
19.00
14.25
13.75
12.50
20.75
21.50
14.75
20.50
23.50
19.00
13.00
12.50
20.00
17.75
14.25
12.00
13.50
21.25
14.75
13.50
17.25
17.50
15.50
15.75
21.25
26.00
17.00
15.75
13.50
19.50
18.75
16.75
16.25
14.75
15.75
14.75
20.75
20.00
23.25
21.75
21.00
19.25
16.00
15.00
16.75
16.00
17.00
19.00
20.25
22.25
22.75
18.50
16.25
15.25
17.75
18.75
21.75
20.25
17.00
14.25
16.50
20.00
19.75
17.25
15.75
18.00
16.00
19.25
20.00
21.75
22.75
17.25
15.50
17.50
15.75
21.50
19.25
20.25
23.75
22.00
21.25
18.00
14.50
16.50
21.50
17.75
13.25
15.50
19.75
18.00
13.75
11.25
16.00
18.25
14.75
15.75
21.00
20.75
10.75
9.75
6.75
7.50
10.50
10.75
11.25
13.00
8.00
9.75
14.00
12.75
12.00
17.00
13.75
7.75
7.00
9.75
14.25
12.75
12.00
20.50
12.25
8.50
6.25
8.00
8.00
5.00
7.50
8.75
10.75
7.75
16.25
10.50
2.50
5.25
12.50
6.25
4.25
5.00
4.25
1.75
5.00
2.25
3.00
6.00
5.00
10.00
15.25
15.00
4.75
3.25
2.25
2.50
-0.50
1.00
3.25
0.50
-0.50
-0.50
3.00
12.00
8.25
0.00
-0.75
1.75
2.00
4.50
7.75
4.25
3.00
1.50
5.25
10.75
9.25
-1.00
0.75
3.75
-0.25
-0.50
-3.00
-2.25
-0.50
-1.25
1.75
0.75
0.25
-1.75
4.00
0.00
-7.25
-3.50
-1.00
0.75
2.00
-4.00
-3.25
5.25
6.25
-5.50
-9.00
-8.00
-11.00
-7.50
-2.50
3.75
-4.50
-9.75
-4.30
-4.80
-8.30
-6.50
-5.30
-3.30
-15.00
-13.30
-4.00
-10.30
-9.00
-7.30
-9.30
-1.30
1.80
2.00
-0.80
-1.80
1.30
-5.80
-14.80
-12.50
-6.00
-11.80
-12.80
-9.00
-5.80
-2.80
-9.30
-6.00
-8.30
-6.50
-2.30
4.30
6.00
1.80
1.30
1.50
1.50
1.00
-5.80
-10.00
-7.50
-3.00
-3.80
-15.00
-11.50
-9.00
-7.00
3.30
0.00
2.00
-3.80
-10.30
-4.30
-2.80
-7.00
-7.30
-3.80
4.00
3.30
-8.30
-3.30
-1.30
4.30
-6.00
-6.80
-2.50
-5.50
-9.30
-8.80
-6.00
-1.00
-1.80
-1.00
0.80
2.00
3.00
0.50
4.00
2.00
9.80
1.50
1.00
4.80
12.80
3.00
-2.50
-4.50
-1.00
1.80
0.00
2.50
9.00
11.80
16.30
20.00
15.50
7.50
-0.30
0.80
1.80
5.30
5.30
9.00
7.00
1.50
5.30
6.00
1.80
4.00
5.30
6.50
10.00
7.50
11.00
12.80
14.30
15.80
14.80
10.30
5.80
5.80
6.30
9.30
10.30
7.30
5.50
10.00
15.00
16.00
19.30
17.50
18.00
16.80
20.00
9.30
9.00
9.50
12.00
14.30
18.50
23.30
21.80
21.50
20.80
23.00
20.80
23.50
21.50
20.00
19.00
17.50
15.00
13.30
13.00
14.50
15.00
15.30
16.30
22.50
19.30
14.00
10.00
17.00
24.80
18.80
19.50
20.30
20.00
19.00
18.30
17.00
14.30
15.80
17.00
21.80
26.00
25.80
23.50
18.30
16.30
20.50
20.80
20.50
20.50
21.50
22.30
18.00
15.80
16.50
17.50
17.00
19.30
16.00
15.30
19.00
23.00
23.00
25.00
23.80
23.00
22.80
20.00
18.30
16.00
14.50
13.30
15.30
17.80
16.80
17.50
21.30
18.30
17.80
16.00
15.00
15.30
17.30
17.00
17.50
17.80
18.80
19.50
18.50
18.80
21.80
22.80
21.80
19.00
18.30
16.50
18.30
18.50
17.30
17.50
20.00
23.30
25.00
24.50
24.30
24.80
14.30
11.80
14.80
19.30
16.00
14.80
17.80
19.30
19.80
22.50
19.30
12.50
12.30
14.80
17.80
22.80
23.30
15.50
15.50
8.80
7.50
7.00
12.00
11.80
8.50
7.30
7.80
6.30
6.80
5.50
10.00
11.80
14.00
13.00
12.50
15.00
6.80
6.80
9.00
10.80
8.00
7.50
4.80
3.00
3.80
5.80
4.00
10.30
7.00
4.80
1.80
6.00
10.30
18.00
17.50
17.30
13.00
8.30
8.80
9.80
11.30
9.00
