Precipitation, mm, Jan 1 1988 - Dec 31 1991, Saugeen basin
#Station Name: Paisley
#Station Number: 6126210
#Longitude: 44-16 N
#Latitude: 81-22 W
1.6
0.0
0.8
4.4
24.0
28.2
0.0
4.2
2.4
0.0
6.6
4.4
10.0
1.0
0.8
0.0
17.8
1.0
3.6
2.6
2.4
0.2
3.6
4.6
0.4
2.0
4.4
1.8
0.0
0.6
11.0
4.4
0.0
3.6
0.4
9.8
6.0
14.4
1.6
15.2
0.2
18.0
27.8
6.0
7.6
8.0
2.6
0.0
0.0
5.2
18.4
4.8
1.4
4.4
6.0
8.2
0.8
0.0
4.4
0.0
1.0
1.8
0.0
0.0
0.0
0.0
0.0
7.0
0.6
0.0
0.0
6.0
9.2
0.4
0.0
0.0
1.0
3.6
5.6
3.2
0.0
0.4
0.2
1.4
7.0
6.6
3.0
2.8
1.8
0.2
0.0
0.0
2.8
3.0
3.4
0.0
3.4
1.8
0.0
0.0
0.0
0.0
0.0
5.4
4.2
0.4
0.6
9.2
1.8
0.4
0.6
0.0
4.2
4.8
0.0
1.2
0.2
8.0
0.4
1.6
0.0
0.0
0.0
0.0
0.0
0.0
0.0
0.0
4.2
15.0
1.8
1.2
2.4
1.0
0.0
3.8
0.0
0.0
0.0
0.4
26.6
0.8
0.0
0.0
0.0
0.0
0.0
0.0
0.0
0.0
0.0
0.0
0.6
0.0
0.0
0.0
0.0
0.0
0.0
0.0
0.0
0.0
0.0
0.0
0.0
0.0
0.0
0.0
0.0
0.0
0.6
0.0
24.0
37.8
0.0
0.0
0.0
0.0
0.0
0.2
0.0
0.0
0.0
0.0
0.0
0.0
0.0
0.0
0.0
0.0
0.0
30.8
0.0
0.0
6.2
0.0
9.4
1.0
0.0
0.0
0.0
0.0
0.0
0.0
1.2
0.0
0.8
0.0
0.0
0.0
10.8
20.6
10.6
0.4
0.0
0.0
0.0
25.0
0.0
0.0
1.4
2.2
0.2
6.6
5.0
2.8
0.4
0.0
2.0
0.0
0.0
0.0
0.0
0.0
0.0
1.6
2.2
14.4
0.0
6.0
1.0
4.4
0.0
0.0
0.0
7.0
6.0
64.4
2.2
0.0
0.0
0.0
0.0
0.0
0.0
9.4
0.0
0.0
0.0
5.8
0.4
11.0
5.4
3.0
0.2
6.6
0.0
0.0
0.0
0.0
0.4
0.0
0.0
0.0
29.2
9.0
4.0
12.4
2.0
3.2
0.4
0.0
0.0
35.5
8.8
2.2
0.0
0.0
0.0
6.4
20.6
1.6
0.0
5.6
4.2
0.0
9.8
17.6
17.2
4.2
7.6
0.4
0.6
0.6
3.6
1.8
0.0
1.2
3.2
4.2
0.6
3.0
6.6
42.8
9.0
0.0
14.8
1.4
0.0
0.0
4.2
0.0
0.0
1.0
10.2
0.2
0.0
0.0
0.0
0.0
5.6
1.4
3.8
2.6
6.8
1.4
0.0
0.0
0.0
0.0
0.0
1.0
6.4
10.4
19.8
0.6
1.0
2.6
5.8
18.0
10.0
32.0
11.0
4.6
5.2
1.8
8.4
1.8
0.2
1.4
5.8
18.4
1.6
3.4
1.4
0.4
0.4
11.4
7.6
1.0
0.0
0.0
10.4
3.6
5.2
3.4
3.8
0.8
0.0
3.0
0.0
1.0
0.0
0.6
5.2
8.8
0.0
0.0
0.0
0.0
7.0
0.0
0.0
0.0
6.4
3.0
0.0
0.0
2.6
11.0
1.2
5.6
6.4
6.8
9.2
12.4
14.8
1.0
0.8
1.2
0.0
0.0
1.0
3.2
0.0
1.4
9.6
4.0
5.8
0.0
0.0
4.2
4.0
8.0
4.4
3.0
2.8
4.4
4.0
0.0
0.0
0.0
0.0
0.0
0.0
0.0
0.0
0.0
17.4
3.4
15.0
21.4
0.0
0.2
4.2
1.0
0.0
0.0
0.2
0.0
0.0
0.0
11.4
0.0
0.0
0.0
0.6
4.0
6.2
1.6
0.8
3.8
0.0
2.0
4.4
1.4
3.0
5.0
1.0
7.2
0.0
0.6
4.4
0.0
0.0
0.0
0.0
0.0
0.0
1.0
0.0
0.0
0.0
0.0
0.0
0.0
0.0
1.2
0.0
3.2
6.8
0.0
10.6
0.4
0.0
0.0
3.4
13.4
0.0
0.8
0.0
0.0
0.0
0.0
0.0
18.0
0.0
0.0
0.0
3.4
10.2
0.2
0.0
0.0
4.2
2.2
0.2
1.4
0.0
7.8
0.0
0.4
0.0
0.0
2.8
28.2
0.0
0.0
0.0
1.8
0.2
15.8
2.6
4.6
0.0
11.8
3.4
0.0
9.0
8.4
0.0
0.0
3.0
3.8
0.0
0.0
0.0
0.0
0.0
0.0
0.0
0.0
0.4
0.0
0.0
0.0
0.0
0.0
0.0
0.0
0.0
0.0
0.0
0.0
0.0
0.0
0.0
0.0
0.0
0.0
0.0
0.0
0.0
0.0
0.0
0.0
0.0
0.0
0.0
0.0
5.8
13.6
0.0
0.0
4.8
0.0
0.0
0.0
0.0
0.0
0.0
1.2
0.6
0.0
0.0
0.0
0.0
2.4
0.4
1.4
0.0
0.0
0.0
0.0
0.0
7.6
0.2
0.0
3.2
1.0
0.0
0.0
0.0
0.0
0.0
1.6
1.4
0.0
0.0
0.0
0.0
3.8
0.0
0.0
6.8
0.2
0.0
0.0
0.0
0.0
5.2
5.6
0.0
0.6
0.0
0.0
0.0
0.0
0.0
1.2
1.8
2.4
0.0
5.2
2.8
4.4
3.6
9.8
12.2
0.0
0.0
0.0
30.2
15.2
3.2
0.4
0.0
5.6
0.8
2.4
0.0
0.0
0.0
0.0
0.0
0.0
0.0
0.0
0.0
4.2
3.8
3.6
0.0
1.8
12.0
1.0
4.0
2.2
4.0
7.6
0.2
0.4
0.6
15.2
10.6
10.8
10.6
3.6
10.2
7.6
1.0
4.2
4.4
0.0
2.0
0.0
40.2
15.8
7.2
5.4
0.4
14.0
7.4
0.0
0.0
9.0
7.6
0.4
0.0
1.2
0.0
4.0
0.0
1.6
5.8
24.0
2.4
7.8
14.0
21.0
17.6
1.0
1.0
7.6
25.0
4.2
3.2
11.6
2.0
6.6
14.0
3.0
0.0
4.2
13.4
1.8
1.0
0.0
0.0
5.2
1.4
11.4
18.4
1.6
0.0
0.0
11.4
12.2
0.6
0.0
1.4
12.4
1.0
4.8
0.4
6.4
2.6
0.4
0.0
0.0
0.0
0.0
4.4
0.0
3.6
0.0
0.0
0.0
0.0
3.0
0.0
0.0
0.0
0.0
4.6
9.0
4.8
8.6
0.0
0.0
6.8
0.0
0.0
26.6
0.0
5.6
5.8
2.0
3.8
0.8
0.0
0.0
8.2
0.0
0.0
0.0
0.0
5.2
0.8
0.4
45.8
1.8
1.4
0.4
2.2
1.0
0.0
0.0
0.0
0.0
0.0
21.4
4.4
1.0
1.6
3.0
0.0
0.0
4.2
0.4
0.0
3.8
14.0
2.8
0.0
1.4
0.0
0.0
0.0
8.2
4.2
2.0
3.0
1.4
9.0
0.6
12.0
0.6
0.0
5.2
10.8
0.0
0.0
0.0
0.0
0.0
0.0
0.0
0.0
0.0
0.0
0.0
0.0
0.0
16.8
0.0
0.0
0.0
2.0
1.0
5.0
0.0
1.2
0.0
7.8
2.2
27.2
15.0
0.4
20.4
17.2
0.0
0.0
0.0
0.0
0.0
0.4
0.0
0.0
0.0
0.0
0.0
2.4
3.2
2.6
0.0
2.0
0.0
0.0
0.0
0.0
0.0
0.0
3.6
0.6
0.0
0.0
0.0
2.2
4.6
0.6
0.2
0.0
18.8
11.8
0.0
0.0
0.4
0.0
28.2
0.4
0.0
0.0
0.0
0.0
0.0
0.0
0.0
0.0
23.4
0.0
0.0
0.0
0.0
0.0
10.2
1.8
0.0
0.8
0.6
13.6
0.0
0.0
1.4
0.0
0.0
0.0
0.0
0.0
0.0
1.8
6.8
0.0
0.0
0.0
0.0
13.8
0.0
0.0
0.0
0.0
0.0
0.0
0.0
23.6
0.4
0.0
0.6
0.0
0.0
1.6
0.2
0.0
0.0
0.0
0.0
0.0
0.0
0.0
29.0
1.4
0.0
0.0
0.2
1.6
0.0
0.0
9.2
0.4
1.8
0.2
0.0
7.6
0.6
0.0
0.0
0.0
23.8
5.4
0.0
0.0
3.2
2.8
0.0
11.4
10.4
5.2
0.0
35.4
0.4
0.2
1.0
17.8
5.6
7.4
0.0
23.2
8.2
0.0
0.0
4.8
19.8
23.0
7.4
0.0
1.6
0.4
9.4
0.0
12.2
6.4
17.6
0.0
0.0
3.2
0.0
0.0
1.2
0.4
0.0
4.4
4.4
0.0
0.0
0.0
0.0
0.0
2.6
6.4
45.4
1.2
6.4
0.0
3.6
2.6
4.0
3.2
0.0
0.0
0.0
4.2
0.0
0.0
0.0
0.0
29.4
0.2
6.4
2.4
0.0
19.6
17.6
1.8
2.4
0.0
0.0
0.0
12.0
16.0
0.0
0.0
1.6
0.0
0.0
0.0
1.2
1.0
1.0
0.0
1.0
0.0
5.0
1.6
1.4
1.6
3.2
7.2
10.0
9.6
10.0
5.0
1.4
19.0
15.4
4.0
1.2
0.0
1.6
2.0
0.0
13.4
6.6
0.4
1.2
1.4
0.0
15.6
0.0
2.6
6.0
1.2
1.8
4.4
1.4
0.0
0.2
0.8
3.6
8.0
9.6
0.4
2.0
0.6
0.0
0.2
7.4
8.0
0.0
0.0
0.0
0.0
0.0
0.0
0.0
0.0
0.0
18.6
17.2
0.0
1.4
17.0
12.0
2.0
0.0
11.0
4.0
0.2
0.0
1.0
3.6
1.2
3.2
4.0
6.0
2.0
12.2
6.6
0.2
0.0
0.0
10.6
3.0
0.4
7.4
0.0
0.0
0.0
0.0
0.0
0.0
0.0
4.4
4.2
0.0
0.8
0.0
5.6
11.8
2.0
1.2
6.4
30.4
13.0
1.0
0.0
0.0
2.4
0.0
0.0
5.8
0.4
0.6
4.6
21.0
10.8
1.4
0.0
0.0
0.0
6.0
17.6
0.0
0.2
0.0
5.6
10.4
0.6
0.4
1.0
0.4
0.0
0.0
9.4
0.0
0.8
0.0
2.6
0.4
0.0
0.0
4.6
0.6
0.0
3.0
0.4
0.0
0.0
0.0
0.0
0.0
0.0
6.8
8.8
0.0
0.0
0.0
0.0
0.0
0.0
6.2
29.2
2.4
0.0
3.2
6.8
0.0
0.0
0.0
0.0
0.2
0.0
0.0
0.0
0.0
0.0
0.0
1.0
1.8
0.0
0.0
0.0
7.4
0.6
0.0
0.0
0.0
0.0
0.0
0.0
0.0
0.0
0.0
0.0
0.0
0.0
6.6
0.0
1.2
2.2
16.0
63.8
0.0
63.6
1.2
0.0
0.0
0.0
0.0
9.8
0.4
0.0
0.0
0.0
0.0
0.0
0.0
6.4
0.0
3.6
0.0
7.2
0.0
0.0
0.0
0.6
7.8
0.0
0.0
0.0
23.8
1.6
13.0
0.0
0.0
0.0
0.4
0.0
0.0
0.0
0.0
0.0
0.0
0.0
1.0
10.8
0.0
0.0
0.0
0.0
2.0
1.2
0.0
0.0
0.0
0.0
0.0
0.0
0.4
0.0
0.0
0.0
6.4
0.0
0.0
0.0
0.0
0.0
7.4
0.4
0.0
0.0
0.0
2.6
8.4
2.8
0.0
2.4
9.2
4.2
0.0
11.4
3.6
1.2
10.6
12.2
10.2
0.4
0.0
7.6
4.6
9.0
4.8
13.0
1.0
6.0
0.4
0.0
3.0
0.0
0.0
1.8
0.0
7.8
10.0
0.0
0.0
10.6
0.4
0.0
0.0
0.0
0.0
5.0
8.6
30.4
0.0
0.0
0.0
1.6
0.0


