Mean daily flow, cms, Saugeen River near Port Elgin, Jan 1 1988 - Dec 31 1991
#Station number: 02FC001
58.00
45.20
43.80
41.80
37.80
35.40
33.10
31.90
31.00
30.40
29.90
29.50
29.30
29.10
28.80
28.70
31.00
44.60
71.80
80.40
105.00
89.60
84.40
76.80
67.90
63.70
54.50
51.00
49.40
66.00
159.00
242.00
249.00
184.00
143.00
118.00
75.40
63.50
61.00
57.80
54.20
51.50
49.80
48.20
47.00
50.20
69.70
78.00
82.00
87.90
79.90
68.20
58.00
56.00
54.00
52.50
52.00
51.50
49.90
49.00
48.00
47.20
46.00
45.30
44.00
43.30
43.20
45.00
65.50
87.80
97.20
103.00
111.00
104.00
91.20
82.80
72.80
69.90
63.60
57.00
53.10
49.00
51.20
132.00
228.00
363.00
368.00
303.00
260.00
260.00
240.00
209.00
182.00
164.00
169.00
184.00
171.00
143.00
122.00
104.00
88.80
77.40
68.10
61.40
58.60
59.50
59.10
56.60
57.60
57.90
56.50
54.20
51.90
49.00
51.00
57.10
58.90
55.70
52.60
51.20
51.10
53.00
50.90
46.20
41.80
38.70
36.20
34.30
32.10
31.80
35.60
41.50
41.30
38.60
36.90
35.20
37.80
48.40
51.40
44.40
39.30
46.40
62.50
57.30
49.30
41.30
35.70
32.10
29.60
27.80
25.70
24.20
22.70
21.60
20.70
20.00
19.40
18.90
18.40
18.10
18.60
18.50
18.00
17.60
17.10
16.20
15.40
14.80
14.50
14.50
14.50
13.50
13.10
14.60
19.20
24.90
22.60
20.20
17.90
16.40
15.20
14.50
13.50
13.30
12.80
12.40
12.50
11.70
11.60
10.90
10.20
9.94
11.30
11.20
10.10
10.50
10.20
10.80
10.80
11.10
11.40
10.00
9.53
9.59
8.96
8.73
9.26
10.80
11.60
11.10
10.30
10.30
10.50
12.60
12.80
13.00
13.30
12.70
12.30
12.80
12.50
12.30
11.00
11.70
13.10
14.90
14.70
12.90
12.90
12.60
13.40
13.30
12.20
10.80
9.72
9.73
9.79
9.52
10.90
12.00
12.40
12.40
12.10
11.10
10.50
9.98
10.00
10.70
19.20
24.10
21.50
18.60
16.20
14.50
12.60
11.60
12.10
11.30
11.90
11.90
11.70
12.00
12.70
13.20
13.10
13.10
14.00
15.00
15.50
15.40
13.70
12.60
11.10
10.30
10.80
14.10
17.90
22.50
24.80
24.60
23.50
22.30
19.60
18.40
27.30
46.90
43.70
35.70
29.20
24.90
22.30
34.00
38.30
33.80
30.00
27.90
26.50
27.30
45.00
76.10
85.40
76.40
71.40
62.30
53.50
48.30
45.40
40.60
37.30
37.40
39.70
39.60
41.30
48.50
150.00
202.00
160.00
157.00
157.00
126.00
104.00
86.70
74.40
64.10
57.10
58.40
65.30
64.70
58.50
52.20
47.70
45.50
46.50
49.10
51.50
57.10
53.50
48.50
45.20
41.50
40.10
37.20
35.10
31.40
30.00
23.70
22.50
22.10
25.60
24.90
24.60
24.20
23.90
32.60
43.80
102.00
88.60
92.40
95.60
92.60
72.00
66.30
107.00
100.00
83.50
75.20
61.40
55.20
47.00
41.00
39.40
38.00
37.00
42.00
58.00
90.00
84.00
77.00
70.00
65.00
60.00
54.80
49.90
46.20
42.00
38.00
36.00
35.00
34.00
33.50
33.50
34.00
35.00
37.00
42.00
50.00
58.00
79.50
72.00
62.00
54.00
47.00
40.00
34.00
30.00
27.00
25.50
24.00
23.00
22.00
21.50
22.00
23.00
21.80
21.00
20.00
19.50
19.00
18.50
18.00
17.50
17.00
16.80
16.60
16.40
16.00
16.20
16.40
16.60
16.80
18.00
19.50
20.50
20.00
18.50
18.00
18.40
19.00
25.00
80.00
150.00
115.00
100.00
85.00
78.00
72.00
66.00
62.00
60.00
74.00
150.00
300.00
453.00
529.00
528.00
460.00
253.00
181.00
151.00
149.00
153.00
144.00
138.00
126.00
109.00
95.50
83.80
77.50
79.40
81.40
87.80
93.10
95.60
89.10
83.40
74.60
65.60
59.40
54.10
49.90
46.90
44.50
41.90
40.70
39.20
37.90
37.30
35.90
35.10
34.40
34.20
36.00
39.50
44.40
51.10
53.70
50.90
46.70
54.20
69.90
71.40
63.00
53.00
46.00
40.30
37.40
38.90
44.90
44.10
40.10
36.50
40.60
44.00
39.90
35.10
31.80
32.00
32.70
32.70
31.30
34.40
33.80
31.00
27.90
25.10
25.90
45.00
62.80
55.00
46.00
39.10
33.40
32.40
34.40
35.20
36.00
40.10
48.80
47.50
52.30
66.00
72.70
62.80
47.10
37.10
32.00
28.10
25.20
23.30
22.10
20.30
19.20
18.80
18.80
18.00
16.90
16.20
15.50
16.00
14.50
13.90
13.10
13.40
13.20
12.50
12.80
12.30
12.10
12.10
11.60
11.60
11.30
11.00
11.00
11.30
11.10
10.70
10.90
10.80
10.30
9.98
10.80
11.80
14.70
14.60
13.30
12.70
11.80
11.30
11.40
11.00
10.60
11.70
12.90
12.00
11.80
11.10
10.20
10.20
10.70
10.50
10.80
10.40
9.98
9.34
9.55
9.87
10.50
11.70
11.70
11.00
11.00
11.20
10.70
10.50
10.10
10.10
10.40
10.90
15.50
15.40
13.50
12.60
12.00
11.50
11.00
11.50
12.40
11.60
11.30
10.70
10.80
11.80
14.00
13.20
12.50
11.70
11.20
11.10
10.50
10.50
10.60
10.20
10.50
10.60
11.40
11.10
11.10
12.40
15.50
17.10
16.00
17.50
24.40
27.90
25.30
22.80
20.90
20.10
18.90
18.60
18.80
18.30
17.90
17.50
15.90
15.30
14.60
13.90
14.50
13.70
14.00
14.50
15.00
15.30
15.70
16.60
18.80
21.10
22.00
24.20
24.60
24.20
22.80
23.30
32.30
60.50
66.30
54.70
52.80
74.30
72.80
61.90
51.10
43.60
39.10
37.70
125.00
119.00
91.90
77.50
62.60
49.50
44.50
41.40
36.80
32.90
29.20
27.00
24.30
22.40
20.60
19.30
18.40
17.90
17.20
16.70
16.20
16.00
15.70
15.30
14.90
14.80
14.40
14.10
13.90
13.70
13.60
13.50
14.50
19.00
23.40
20.60
24.70
29.80
75.50
85.50
78.00
72.50
67.50
65.70
63.50
58.50
53.00
48.50
42.50
38.30
112.00
164.00
153.00
140.00
123.00
109.00
97.00
87.50
98.00
135.00
121.00
138.00
116.00
99.00
87.00
79.00
77.50
72.00
64.00
59.00
55.50
53.00
50.50
116.00
139.00
117.00
105.00
93.50
82.00
72.00
63.50
56.00
51.50
48.50
46.00
47.00
47.50
70.80
91.50
70.00
59.00
56.00
54.50
51.50
49.50
46.50
43.00
40.00
38.30
36.80
35.80
35.00
40.00
89.00
490.00
589.00
552.00
564.00
466.00
317.00
235.00
187.00
147.00
120.00
103.00
118.00
144.00
131.00
117.00
103.00
90.00
81.20
78.10
80.60
81.40
91.50
127.00
130.00
118.00
102.00
86.90
76.50
69.10
66.10
72.90
78.30
76.30
71.70
75.40
79.70
92.20
99.40
88.90
81.20
93.40
90.80
81.10
72.00
63.00
56.20
51.20
47.10
43.10
40.80
38.30
36.10
33.70
32.10
32.30
35.00
34.90
34.40
32.20
31.00
30.90
32.00
32.10
31.30
31.00
30.80
38.10
71.20
80.00
105.00
162.00
140.00
113.00
82.70
62.70
51.30
45.00
39.50
36.90
35.00
31.90
29.20
28.00
30.80
33.00
34.70
33.50
30.80
28.30
25.80
25.50
24.00
23.20
22.30
22.00
22.10
23.80
23.60
22.40
21.40
20.40
19.60
19.20
20.70
23.30
29.00
31.40
27.60
23.70
23.60
27.50
30.00
28.20
25.40
22.50
20.30
18.40
17.10
17.00
17.20
20.10
21.20
19.20
17.30
16.00
15.80
16.10
15.30
14.80
14.90
15.10
16.90
18.60
17.10
16.20
15.30
15.00
13.80
13.00
13.20
13.40
17.70
29.80
24.60
20.60
17.90
16.20
15.60
15.30
14.70
13.80
13.30
12.90
12.50
12.60
17.50
20.50
17.80
16.10
14.70
13.70
13.20
13.00
12.60
12.30
12.00
12.10
11.50
11.00
14.30
18.80
17.90
15.90
14.60
13.10
11.90
12.50
12.50
13.20
13.10
12.60
12.00
11.90
12.10
12.20
11.90
11.80
13.40
16.50
17.40
16.30
14.90
14.50
14.00
14.00
15.40
16.40
17.60
17.90
19.10
18.30
17.00
16.40
18.90
25.80
26.00
27.00
31.10
34.90
32.20
29.30
31.20
73.40
120.00
110.00
88.90
72.00
63.20
56.60
53.60
69.60
103.00
98.10
79.60
64.30
52.80
45.60
40.30
36.90
33.90
31.80
33.40
33.20
32.30
31.00
29.70
28.60
26.90
37.20
173.00
172.00
151.00
126.00
103.00
89.70
81.30
72.60
66.00
70.20
76.10
98.00
94.80
78.70
64.70
56.70
103.00
153.00
146.00
128.00
108.00
141.00
229.00
229.00
191.00
149.00
117.00
96.40
90.90
86.00
88.00
84.70
78.40
76.00
105.00
88.70
72.80
79.00
81.40
74.30
71.70
66.50
66.90
80.90
76.00
69.20
83.70
98.20
104.00
79.00
55.00
50.00
45.00
142.00
370.00
306.00
245.00
190.00
155.00
115.00
83.00
74.50
67.00
62.50
68.10
68.10
63.00
59.50
62.50
67.50
64.00
63.00
61.40
60.70
60.30
60.00
50.00
46.50
47.00
49.50
44.00
40.70
37.80
35.60
34.10
32.60
31.40
30.30
32.20
35.10
43.20
56.80
70.60
72.10
73.60
78.00
82.00
62.00
54.40
49.20
58.00
42.80
33.90
36.20
45.70
54.40
119.00
130.00
145.00
123.00
101.00
86.00
71.00
60.00
51.50
58.60
182.00
317.00
250.00
218.00
208.00
210.00
173.00
151.00
131.00
110.00
89.90
82.00
76.70
75.60
81.10
88.10
108.00
152.00
151.00
147.00
146.00
148.00
199.00
214.00
187.00
202.00
405.00
393.00
380.00
234.00
172.00
143.00
123.00
107.00
99.80
101.00
101.00
103.00
234.00
316.00
335.00
263.00
171.00
130.00
140.00
213.00
205.00
177.00
139.00
122.00
155.00
165.00
153.00
133.00
114.00
98.00
86.50
80.20
80.80
77.00
71.00
67.10
64.20
60.80
57.40
54.80
54.90
53.60
51.90
50.60
47.40
46.40
44.50
41.90
42.60
41.50
41.00
47.10
46.50
42.60
39.40
36.30
33.70
31.10
32.00
39.30
64.50
66.60
57.80
51.30
46.20
40.70
35.90
32.30
29.70
28.20
26.80
25.30
24.00
22.40
21.70
21.10
24.60
29.30
27.70
24.90
23.70
24.30
25.30
25.70
22.20
20.40
18.90
17.60
17.50
16.70
16.10
15.70
15.70
15.70
15.40
16.40
15.10
16.70
23.10
31.60
34.20
77.20
106.00
71.30
49.10
38.00
28.10
25.30
23.20
20.90
19.60
18.20
17.30
17.20
15.70
16.60
16.30
16.40
16.50
15.90
14.90
14.40
14.00
14.00
17.70
23.80
25.50
21.00
20.60
22.00
23.00
22.10
19.40
17.20
16.20
15.80
14.50
14.50
14.40
14.30
13.60
13.10
12.90
13.10
14.30
14.40
14.30
13.50
13.00
12.60
12.50
11.50
11.60
11.60
11.50
11.00
10.90
10.20
10.30
10.00
10.70
10.90
11.10
10.90
10.50
10.30
10.60
11.90
12.30
11.50
10.90
11.30
11.40
12.40
14.70
13.20
12.90
12.30
11.70
11.50
12.50
13.70
13.60
15.00
16.60
17.30
16.30
15.70
16.20
17.00
22.50
25.00
23.40
21.90
21.60
20.60
19.00
17.50
16.60
15.70
14.70
14.80
16.30
17.50
16.40
16.30
16.60
16.20
16.20
16.00
15.40
16.30
20.00
48.70
58.90
47.10
37.80
31.80
