347 348 365 300 311 353 379 387 406 354 347 262 
342 331 332 350 299 277 312 308 291 303 335 334
354 375 359 334 418 391 407 335 403 414 398 371
374 374 366 369 398 398 343 385 392 422 349 471
432 444 432 436 375 381 360 338 440 380 393 396
396 364 388 414 420 419 428 423 399 397 384 372
374 410 347 339 355 379 409 414 394 423 412 410
356 417 399 386 428 444 474 397 400 379 393 406
365 383 391 406 422 422 417 427 429 463 389 413
489 447 461 489 449 487 459 522 538 560 622 567
554 543 577 547 552 557 623 570 578 560 599 576
588 593 602 613 523 621 637 627 605 599 585 588
507 623 567 624 585 572 566 545 604 586 613 606
612 620 620 560 640 682 744 596 698 737 738 739
797 765 809 758 850 777 810 832 802 811 775 837
773 790 781 774 741 776 767 876 753 765 779 787
833 793 818 808 774 842 770 768 804 780 790 690
777 773 780 756 777 759 801 777 780 726 762 766
731 727 711 751 738 758 709 751 750 785 731 773
756 772 761 690 801 772 802 775 742 723 743 719
771 788 805 794 792 786 762 757 818 863 865 798
870 907 811 862 893 839 933 906 901 905 911 899
868 815 823 853 822 952 852 850 794 778 757 743
699 720 719 717 693 688 660 703 715 657 606 678
697 659 689 631 685 640 710 581 629 683 642 698
679 695 679 722 674 702 658 640 668 668 677 641
630 656 641 600 618 606 612 551 582 686 635 575
606 600 585 605 571 502 515 584 566 520 506 542
543 487 497 511 512 611 569 561 561 513 530 536
535 543 542 523 544 529 514 561 562 533 565 574
659 578 587 608 579 586 620 618 586 620 594 661
594 601 600 575 621 715 659 614 655 552 652 621
629 621 614 584 661 601 560 571 576 591 589 567
558 587 590 654 566 596 561 587 550 614 531 560
575 565 581 630 600 594 658 584 622 585 610 625
621 576 568 584 577 556 531 578 542 553 584 603
604 646 572 551 618 551 638 546 582 516 545 554
483 492 526 505 523 562 505 547 519 581 516 465
567 551 528 546 502 522 498 517 587 530 515 472
465 512 556 482 496 383 494 506 489 488 507 482
499 473 527 515 465 513 549 523 531 542 540 584
612 547 561 591 570 594 587 532 
