 97.323  99.386 105.581  95.671 102.601 101.751 103.672
100.169 104.475 105.712 109.055 103.344 109.132 110.472 
110.752 108.949 111.713 113.635 115.535 111.439 115.798 
119.851 120.605 115.752 119.38  122.423 122.320 118.61  
121.799 127.54  126.888 122.581 124.873 130.316 129.496 
125.721 130.557 133.554 134.013 130.221 133.251 137.640 
136.152 134.049 136.034 141.636 140.264 137.761 140.608 
145.765 145.491 143.401 145.873 151.227 149.660 148.268 
152.012 156.293 156.306 151.636 156.866 161.653 158.831
157.871 159.769 166.352 163.872 162.214 165.239 170.421 
169.188 167.274 170.048 175.631 174.562 172.45  174.456 
181.318 179.96  177.068 179.141 183.945 183.056 181.098 
183.128 191.285 188.676 185.391 187.751 194.459 192.726 
189.861 191.439 200.030 196.391 196.406 198.099 204.684 
203.344 197.99  202.407 210.073 207.403 203.713 208.789 
213.626 211.808 209.169 211.793 219.515 216.688 213.734 
216.468 223.6   219.971 216.864 221.199 227.439 224.872 
222.034 225.794 231.908 228.497 225.202 229.665 236.35
233.512 230.428 233.996 240.955 237.421 234.174 236.984 
245.057 241.983 237.094 242.367 249.358 245.153 240.533 
245.504 251.616 250.315 244.67  249.887 256.824 254.345 
251.052 253.507 260.501
