 708	 655    638	573	552	 981	 927	680	597	638	 659	 704
 758	 835	747	618	554	 930	 816	702	640	588	 669	 676
 610	 651	605	592	527	 899	 840	614	594	577	 671	 651
 714	 715	672	588	567	1058	 950	683	772	708	 824	 835
 980	 969	932	892	827	1351	1219	977	863	838	 867	 878
1007	 951	906	911	812	1173	1102	899	841	854	 923	 886
 896	 937	902	766	736	1235	1053	867	799	752	 821	 726
 820	 895	852	734	637	 994	 991	750	727	755	 792	 818
 856	 886	834	733	675	1004	 957	777	761	709	 778	 772
 841	 847	774	721	848	1240	1167	936	853	910	 954	 873
1026	1030	947	860	856	1190	1038	883	843	858	1016	1003

