deaths in total adult population
0
10
31
53
57
125
172
107
149
102
108
53
2091
5005
4264
3056
2266
1930
1550
1025
211
331
391
163
175
97
60
34
27
49
61
1160
1504
1992
1884
1859
1291
1211
727
425
364
238
146
77
47
35
39
14
82
3189
2309
1536
1075
1033
1007
1791
1486
581
205
216
183
146
82
71
33
24
60
165
1404
2788
2427
2385
3521
4123
2186
1335
981
510
521
213
152
106
63
20
17
34
51
77
230
436
540
1092
979
1127
1294
1726
2093
1132
748
199
201
172
144
188
47
97
51
35
570
920
1609
2064
2876
1692
1462
953
447
524
311
75
157
179
163
175
479
542
916
1081
2631
2776
2187
1595
1213
779
461
295
189
175
172
108
57
126
240
1107
796
1202
858
1020
1049
1094
966
816
443
486
218
181
105
82
98
104
108
283
730
1313
2423
1657
1896
1669
2324
2797
1708
1264
1159
493
348
192
156
81
47
41
61
175
804
1280
2027
4297
3233
4294
2480
1334
1751
1562
1338
557
947
499
395
237
510
248
286
675
734
1808
1646
3608
596
936
1513
1929
289
422
457
267
441
274
316
192
260
730
1119
1345
2190
1406
1472
1891
1978
1229
1124
1125
828
1012
1086
1146
827
571
817
606
542
861
898
865
743
747
670
812
962
1623
1341
1387
2534
1969
1186
1434
1789
1296
1352
1244
869
850
980
1509
4237
1964
1781
1726
1593
1839
1195
1785
1039
1195
839
1031
1103
1390
2682
2015
2953
3255
3865
1975
1330
2725
2666
2906
1428
1367
1140
932
902
394
906
1681
2120
2500
1554
1628
1442
1522
1123
949
1007
1127
1294
1347
1475
2288
3628
6474
8503
7423
6680
9641
2377
2399
2126
1472
1084

