number of emerging eggs
948
4
0
0
0
0
0
0
0
0
1763
4487
1830
7952
1953
2419
1966
132
36
16
85
17
0
5
41
10
0
494
424
1541
1317
2016
1496
2898
855
469
925
522
55
45
0
0
0
5
45
2
47
5205
1496
1957
855
501
1771
1607
674
197
700
0
16
43
0
37
0
105
326
729
1072
1747
3794
2576
2220
3248
4808
1052
1270
95
3
0
0
18
10
19
27
120
435
298
247
456
897
1459
721
1258
1045
2300
1782
1252
232
53
23
50
30
39
0
33
113
383
928
1201
2175
1668
2980
1872
1228
461
660
165
16
106
78
0
247
623
479
775
678
1078
1504
4771
612
2869
1149
592
224
47
3
0
3
10
621
668
865
227
1724
1136
855
746
794
1466
759
636
172
127
110
50
118
79
147
143
524
694
758
1661
1443
2440
1628
2180
1235
4323
2193
806
99
45
0
1
61
115
2
87
397
783
1057
1161
1075
1762
5589
4573
1412
5092
1218
834
805
843
311
46
806
431
161
165
463
545
1247
1888
938
2693
1828
1649
1906
556
457
492
775
176
16
28
260
476
611
403
1659
1470
1943
1130
550
4482
1393
1007
1001
1144
907
557
1550
757
919
814
434
358
626
1004
1126
364
909
323
196
1507
1959
291
2078
1122
2525
2016
841
1579
2121
1367
814
1771
405
165
1863
2703
1409
2229
3787
1568
1234
2131
985
2216
1424
600
391
1060
1779
1510
971
2668
2713
5117
1907
2606
1108
3394
2097
3062
2320
1444
938
3230
577
610
1695
1226
1445
1267
3093
2302
1711
702
722
347
1502
2083
1001
841
1583
2725
2293
3782
6819
7638
9769
4728
10346
2216
1314
2166
377
34
90