number of nonemerging eggs 
0
0
0
0
121
260
281
458
120
176
9
2
1
2
10
0
1
3
1
0
0
30
47
111
66
270
105
346
220
52
76
4
8
0
0
0
1
2
1
0
3
37
513
91
48
11
185
303
29
19
14
0
5
2
2
0
0
0
15
69
108
123
251
229
175
130
900
167
62
0
0
0
0
5
5
6
0
10
25
30
16
65
155
94
92
48
155
287
419
19
19
4
3
0
0
2
2
3
6
17
65
110
144
188
104
110
152
62
55
18
0
2
0
0
16
77
34
96
38
172
145
432
101
224
134
48
10
29
0
0
3
2
44
28
113
35
90
76
76
52
55
147
62
66
24
11
3
6
15
0
16
19
25
49
93
172
155
313
302
293
153
422
135
5
5
2
2
5
11
4
1
31
23
52
174
51
62
573
440
559
153
635
66
96
94
17
18
47
76
11
11
43
26
36
63
145
65
234
254
132
199
37
45
16
48
3
3
13
12
57
31
85
70
166
242
142
24
317
303
31
115
69
44
74
117
48
38
63
35
34
119
56
51
143
8
16
13
99
90
110
196
90
280
254
243
174
82
130
33
194
19
9
228
163
138
186
484
        571
188
161
70
346
38
60
59
99
84
309
225
252
642
535
416
376
192
407
361
376
100
155
28
29
155
37
259
103
291
254
281
274
199
39
42
139
218
117
77
125
203
197
278
427
795
745
1020
504
944
330
223
114
21
0
21
0
36
47
215
105
155

