Campito treerings, 1907-1960
        44
        44
        57
        47
        50
        43
        54
        39
        34
        49
        54
        50
        43
        44
        56
        54
        57
        61
        52
        43
        63
        61
        72
        72
        43
        76
        71
        61
        63
        72
        55
        46
        63
        55
        66
        66
        51
        60
        64
        54
        56
        67
        73
        52
        59
        69
        70
        51
        67
        61
        62
        56
        59
        51
        59
        32
        31
        55
        57
        69
        60
        53
        55
        64   
        68
        60


